1.18991
1.15567
1.09903
1.02249
0.929279
0.824046
0.712812
0.602676
0.50124
0.415659
0.351524
0.311852
0.296674
0.303209
0.326623
0.361077
0.400677
0.440224
0.475645
0.504127
0.524135
0.535284
0.538117
0.533887
0.524387
0.511706
0.498078
0.485708
0.47664
0.472664
0.475153
0.485023
0.502525
0.527206
0.557842
0.592487
0.628766
0.66402
0.695761
0.721875
0.740866
0.751884
0.75486
0.750344
0.73949
0.723878
0.705222
0.685242
0.665475
0.647021
0.630581
0.616473
0.604739
0.595249
0.587851
0.582491
0.579193
0.578109
0.579424
0.583235
0.589454
0.597792
0.607679
0.618342
0.628872
0.638432
0.646401
0.652425
0.656384
0.658375
0.658609
0.657288
0.654668
0.650971
0.646438
0.641289
0.635833
0.630356
0.625098
0.620375
0.616466
0.613539
0.611802
0.611359
0.612277
0.614384
0.617234
0.620055
0.621911
0.621824
0.619003
0.612997
0.603905
0.592369
0.579449
0.566584
0.555196
0.54647
0.541168
0.53947
1.16944
1.12799
1.07916
1.02547
0.969516
0.913817
0.860569
0.811733
0.769159
0.734692
0.710157
0.69715
0.696587
0.708431
0.731528
0.763653
0.801935
0.843377
0.885324
0.925694
0.963181
0.996927
1.02622
1.05037
1.06864
1.08041
1.08537
1.08366
1.0761
1.06416
1.04972
1.03459
1.02029
1.00764
0.997196
0.989718
0.986199
0.987027
0.991113
0.995973
0.999037
0.998833
0.995182
0.988641
0.97996
0.969794
0.958789
0.947637
0.937128
0.927891
0.920016
0.91307
0.906701
0.901298
0.898211
0.89937
0.906346
0.919435
0.937236
0.956851
0.974872
0.988258
0.995021
0.994642
0.98799
0.977021
0.964399
0.952653
0.943538
0.93766
0.934682
0.93385
0.934575
0.936798
0.940873
0.947199
0.955956
0.967018
0.979981
0.994211
1.00889
1.02308
1.03574
1.04598
1.05304
1.05636
1.05549
1.05014
1.04031
1.02639
1.00929
0.990628
0.972249
0.9561
0.943773
0.93634
0.934078
0.936146
0.94089
0.946209
1.15712
1.10829
1.06219
1.02581
1.00462
1.0009
1.01364
1.03938
1.07319
1.10956
1.14284
1.16811
1.18211
1.18383
1.17436
1.15615
1.13198
1.10441
1.07594
1.04926
1.02738
1.01315
1.00868
1.0146
1.02969
1.05122
1.07539
1.0982
1.11638
1.12794
1.13228
1.13002
1.12242
1.11105
1.09759
1.08377
1.07131
1.06177
1.05625
1.05477
1.05644
1.05957
1.06228
1.063
1.06104
1.05664
1.05069
1.04433
1.03854
1.03418
1.03218
1.03387
1.04066
1.05337
1.07147
1.09284
1.11424
1.13236
1.14476
1.15043
1.14996
1.14519
1.13869
1.13315
1.13065
1.13221
1.13769
1.14617
1.15659
1.16827
1.18097
1.19443
1.20802
1.2205
1.23018
1.23552
1.2352
1.2286
1.21586
1.1977
1.17527
1.15004
1.12379
1.09877
1.07742
1.06205
1.05403
1.05319
1.05789
1.06574
1.07421
1.08124
1.08555
1.08651
1.08426
1.07959
1.07395
1.06928
1.06757
1.07025
1.16589
1.13664
1.11647
1.10599
1.10395
1.10778
1.11428
1.12046
1.1244
1.12575
1.12532
1.12418
1.12249
1.11922
1.1128
1.10233
1.08838
1.07298
1.05911
1.05003
1.04865
1.05671
1.0744
1.10016
1.13125
1.16464
1.19777
1.22916
1.2583
1.28503
1.30887
1.32863
1.34261
1.34911
1.34694
1.33581
1.31634
1.28986
1.25842
1.22435
1.19029
1.15882
1.13258
1.1139
1.10424
1.10382
1.11149
1.12525
1.14297
1.16294
1.18405
1.20538
1.22549
1.24213
1.25267
1.25502
1.24861
1.23449
1.21527
1.19426
1.17468
1.15891
1.1481
1.14226
1.14074
1.14256
1.14689
1.15306
1.16082
1.17027
1.18194
1.1964
1.2137
1.23285
1.25148
1.26651
1.27517
1.276
1.26892
1.25467
1.23458
1.21089
1.18678
1.16547
1.14875
1.13663
1.12832
1.12335
1.12183
1.12417
1.13046
1.14039
1.15339
1.16856
1.18479
1.20078
1.21526
1.22726
1.23619
1.24182
