0.793271
0.770445
0.732688
0.681657
0.619519
0.549364
0.475208
0.401784
0.33416
0.277106
0.234349
0.207901
0.197782
0.202139
0.217749
0.240718
0.267118
0.293482
0.317096
0.336085
0.349423
0.356856
0.358745
0.355925
0.349591
0.341138
0.332052
0.323805
0.31776
0.315109
0.316769
0.323349
0.335017
0.351471
0.371895
0.394992
0.419177
0.44268
0.46384
0.48125
0.493911
0.501256
0.50324
0.500229
0.492994
0.482585
0.470148
0.456828
0.44365
0.431347
0.420387
0.410982
0.403159
0.396833
0.3919
0.388327
0.386129
0.385406
0.386283
0.388823
0.39297
0.398528
0.405119
0.412228
0.419248
0.425622
0.430934
0.43495
0.437589
0.438917
0.439073
0.438192
0.436445
0.433981
0.430959
0.427526
0.423889
0.420237
0.416732
0.413583
0.410977
0.409026
0.407868
0.407572
0.408184
0.409589
0.41149
0.41337
0.414607
0.41455
0.412668
0.408665
0.402604
0.394912
0.386299
0.377722
0.37013
0.364314
0.360779
0.359647
0.779626
0.751993
0.719441
0.683647
0.646344
0.609211
0.573713
0.541155
0.512773
0.489795
0.473438
0.464766
0.464391
0.472287
0.487686
0.509102
0.534623
0.562251
0.590216
0.617129
0.642121
0.664618
0.684148
0.700247
0.712424
0.720272
0.723582
0.722441
0.717398
0.709442
0.699813
0.68973
0.680196
0.671762
0.664797
0.659812
0.657466
0.658018
0.660742
0.663982
0.666025
0.665889
0.663455
0.659094
0.653307
0.646529
0.639193
0.631758
0.624752
0.618594
0.613344
0.608713
0.604467
0.600866
0.598808
0.59958
0.60423
0.612957
0.624824
0.637901
0.649915
0.658839
0.663347
0.663094
0.65866
0.651347
0.642933
0.635102
0.629026
0.625106
0.623122
0.622567
0.62305
0.624532
0.627249
0.631466
0.637304
0.644679
0.653321
0.662807
0.672596
0.682055
0.690496
0.697321
0.702024
0.704238
0.703663
0.700093
0.693538
0.684257
0.672861
0.660419
0.648166
0.6374
0.629182
0.624226
0.622718
0.624097
0.62726
0.630806
0.771416
0.738863
0.708126
0.683875
0.669745
0.667265
0.675762
0.692917
0.715457
0.739705
0.761895
0.778742
0.788072
0.789217
0.782907
0.770768
0.754656
0.736276
0.71729
0.699507
0.684922
0.675435
0.672455
0.6764
0.68646
0.700811
0.716924
0.732133
0.744252
0.751959
0.754856
0.753345
0.748281
0.740703
0.73173
0.722516
0.714208
0.70785
0.704165
0.703178
0.70429
0.706381
0.708184
0.708665
0.707358
0.704429
0.70046
0.69622
0.69236
0.689455
0.688117
0.689246
0.693774
0.702245
0.714316
0.728559
0.742829
0.754908
0.763174
0.766954
0.766637
0.763461
0.759126
0.755434
0.753769
0.754806
0.758459
0.764114
0.77106
0.778849
0.787312
0.796289
0.805346
0.813665
0.820123
0.823682
0.823468
0.819069
0.810573
0.798468
0.783512
0.766696
0.749192
0.732512
0.718278
0.708036
0.70269
0.702127
0.70526
0.710491
0.716137
0.720829
0.723701
0.724337
0.722837
0.719726
0.715965
0.712851
0.711713
0.713497
0.777259
0.757758
0.744314
0.737325
0.735969
0.73852
0.742854
0.746975
0.7496
0.7505
0.750216
0.749455
0.748328
0.746148
0.741866
0.734884
0.725587
0.715318
0.706072
0.700023
0.6991
0.704474
0.716267
0.733438
0.754169
0.776425
0.798514
0.81944
0.838866
0.856684
0.872578
0.885752
0.895073
0.899405
0.897957
0.890543
0.877557
0.859909
0.838945
0.816236
0.793529
0.772547
0.755054
0.742598
0.736163
0.735881
0.74099
0.750166
0.761983
0.775294
0.789369
0.803586
0.816994
0.828089
0.835112
0.836682
0.832404
0.822991
0.810177
0.796176
0.78312
0.772605
0.765403
0.761506
0.760492
0.76171
0.76459
0.768706
0.773878
0.78018
0.787958
0.797598
0.809135
0.821897
0.834322
0.844338
0.85011
0.850666
0.845945
0.836444
0.823051
0.807258
0.79119
0.776983
0.765832
0.757754
0.752216
0.748898
0.747887
0.749447
0.753639
0.760262
0.768928
0.779037
0.789862
0.800517
0.810174
0.81817
0.824126
0.827883
