-7.84036
-7.80385
-7.72844
-7.63797
-7.53569
-7.42333
-7.3053
-7.1903
-7.08594
-6.99745
-6.93104
-6.88975
-6.87263
-6.8782
-6.90194
-6.93607
-6.97503
-7.01458
-7.04871
-7.07687
-7.09655
-7.10867
-7.11183
-7.10695
-7.0968
-7.08477
-7.07178
-7.06103
-7.05067
-7.04604
-7.04756
-7.05905
-7.07687
-7.10285
-7.13414
-7.17073
-7.20798
-7.24226
-7.2753
-7.30335
-7.32235
-7.33207
-7.33634
-7.33247
-7.32453
-7.30859
-7.29188
-7.2706
-7.24986
-7.23011
-7.21108
-7.19665
-7.18298
-7.17543
-7.16835
-7.16235
-7.15969
-7.15829
-7.15766
-7.16212
-7.16575
-7.17506
-7.18494
-7.19561
-7.20646
-7.21699
-7.22658
-7.23228
-7.23851
-7.24147
-7.24235
-7.242
-7.24035
-7.23471
-7.22921
-7.22471
-7.2199
-7.21442
-7.20884
-7.20444
-7.19891
-7.19534
-7.19327
-7.19283
-7.19343
-7.19553
-7.19774
-7.19958
-7.20144
-7.20265
-7.1995
-7.1922
-7.18344
-7.1719
-7.15865
-7.14838
-7.13602
-7.12632
-7.12037
-7.11738
-7.07247
-7.03102
-6.98025
-6.9285
-6.87286
-6.8149
-6.76003
-6.70893
-6.66635
-6.63156
-6.60767
-6.59272
-6.59248
-6.60303
-6.62775
-6.65923
-6.69848
-6.7409
-6.78285
-6.82289
-6.862
-6.89704
-6.92763
-6.95308
-6.97199
-6.98603
-6.99294
-6.99252
-6.98366
-6.97172
-6.95566
-6.94215
-6.92688
-6.91326
-6.90249
-6.89631
-6.89214
-6.89362
-6.89706
-6.90127
-6.90531
-6.90543
-6.89886
-6.89297
-6.88397
-6.87445
-6.86247
-6.85035
-6.84081
-6.8319
-6.82402
-6.81513
-6.80747
-6.80271
-6.79962
-6.79981
-6.80743
-6.8202
-6.83865
-6.85924
-6.87791
-6.89194
-6.9
-6.89994
-6.89393
-6.88167
-6.86807
-6.85536
-6.84624
-6.84101
-6.83739
-6.83947
-6.84117
-6.84371
-6.84714
-6.85411
-6.86222
-6.87491
-6.88528
-6.90177
-6.91646
-6.92935
-6.94104
-6.95063
-6.95704
-6.96101
-6.96079
-6.95479
-6.9456
-6.93168
-6.91426
-6.89495
-6.87884
-6.86237
-6.84972
-6.83905
-6.83905
-6.84047
-6.8436
-6.84892
-6.78168
-6.73479
-6.68933
-6.651
-6.62948
-6.62608
-6.63916
-6.66586
-6.7
-6.7367
-6.77096
-6.79526
-6.80763
-6.80967
-6.80085
-6.78005
-6.75685
-6.7309
-6.7008
-6.67445
-6.65192
-6.63801
-6.63646
-6.64108
-6.65552
-6.67705
-6.70058
-6.72307
-6.74157
-6.75475
-6.75877
-6.75618
-6.7502
-6.73819
-6.72408
-6.70896
-6.69779
-6.68922
-6.68208
-6.6806
-6.68291
-6.68735
-6.6907
-6.69078
-6.68946
-6.68151
-6.67652
-6.66984
-6.66178
-6.65645
-6.65509
-6.65711
-6.66423
-6.6805
-6.69893
-6.71867
-6.73878
-6.75852
-6.7693
-6.77465
-6.77352
-6.7707
-6.7642
-6.75833
-6.75551
-6.75804
-6.76417
-6.77265
-6.78534
-6.79637
-6.81069
-6.82383
-6.83418
-6.84569
-6.85472
-6.86006
-6.85974
-6.85315
-6.84137
-6.82354
-6.80013
-6.77717
-6.75059
-6.72201
-6.70163
-6.68497
-6.67663
-6.67546
-6.68016
-6.68833
-6.6968
-6.70352
-6.70782
-6.70716
-6.70815
-6.70413
-6.69849
-6.69284
-6.69146
-6.69252
-6.6378
-6.6079
-6.58773
-6.57854
-6.57619
-6.57872
-6.5862
-6.5927
-6.59535
-6.59767
-6.59659
-6.59513
-6.59279
-6.58952
-6.58213
-6.57295
-6.55998
-6.54457
-6.5307
-6.5226
-6.51992
-6.52733
-6.54502
-6.57143
-6.60447
-6.63882
-6.6739
-6.70367
-6.73345
-6.75856
-6.7824
-6.80087
-6.81485
-6.82167
-6.81983
-6.80644
-6.78858
-6.7647
-6.73163
-6.69498
-6.66318
-6.63397
-6.60838
-6.58807
-6.57939
-6.5793
-6.58437
-6.59846
-6.61489
-6.63453
-6.65662
-6.67956
-6.69871
-6.716
-6.7288
-6.73148
-6.72538
-6.71126
-6.69204
-6.67201
-6.65112
-6.63406
-6.62261
-6.61644
-6.61427
-6.6161
-6.62074
-6.62627
-6.63564
-6.64445
-6.65709
-6.67025
-6.68659
-6.70703
-6.72502
-6.7394
-6.74773
-6.75051
-6.74407
-6.73079
-6.71006
-6.68637
-6.66032
-6.63901
-6.62163
-6.61146
-6.60283
-6.59753
-6.59699
-6.59706
-6.60205
-6.61069
-6.62499
-6.64209
-6.6593
-6.67691
-6.6901
-6.70015
-6.71038
-6.71569
