-6.65046
-6.64819
-6.62941
-6.61548
-6.60641
-6.59929
-6.59248
-6.58762
-6.5847
-6.58179
-6.57952
-6.5779
-6.57596
-6.57499
-6.57532
-6.575
-6.57435
-6.57436
-6.57306
-6.57274
-6.57242
-6.57339
-6.57371
-6.57306
-6.57241
-6.57306
-6.57371
-6.57532
-6.57403
-6.57338
-6.57241
-6.57402
-6.57435
-6.57565
-6.57629
-6.57824
-6.57921
-6.57824
-6.57954
-6.58148
-6.58148
-6.58019
-6.58148
-6.58213
-6.58504
-6.58472
-6.58666
-6.58536
-6.58439
-6.58309
-6.5805
-6.58018
-6.57824
-6.58018
-6.5805
-6.57986
-6.5805
-6.58018
-6.57824
-6.57888
-6.57629
-6.57726
-6.57726
-6.57726
-6.57759
-6.57856
-6.58018
-6.57986
-6.58212
-6.58309
-6.58374
-6.58471
-6.58569
-6.58374
-6.58277
-6.58342
-6.58406
-6.58406
-6.58374
-6.58406
-6.58244
-6.5818
-6.58147
-6.58147
-6.58115
-6.58115
-6.5805
-6.57953
-6.57953
-6.58083
-6.5805
-6.57921
-6.57953
-6.57953
-6.57921
-6.58179
-6.58082
-6.57985
-6.5792
-6.57791
-5.90303
-5.90303
-5.90108
-5.90303
-5.90335
-5.90108
-5.89946
-5.89719
-5.89719
-5.89687
-5.89751
-5.89557
-5.8959
-5.8946
-5.89622
-5.89558
-5.89655
-5.89752
-5.89752
-5.8972
-5.89882
-5.90012
-5.90141
-5.90271
-5.90336
-5.90562
-5.90757
-5.90886
-5.90756
-5.90756
-5.90594
-5.90756
-5.90659
-5.90562
-5.90529
-5.90659
-5.90594
-5.90659
-5.90595
-5.9053
-5.90627
-5.90659
-5.90368
-5.90433
-5.90401
-5.90465
-5.90368
-5.90271
-5.90368
-5.90401
-5.904
-5.90206
-5.90076
-5.90141
-5.90141
-5.90044
-5.90109
-5.90076
-5.90141
-5.90238
-5.90303
-5.90368
-5.90498
-5.9053
-5.90594
-5.90465
-5.90368
-5.9027
-5.9027
-5.90335
-5.90271
-5.90562
-5.90659
-5.90691
-5.90627
-5.90691
-5.90627
-5.90789
-5.9053
-5.90756
-5.90756
-5.90627
-5.9053
-5.90465
-5.904
-5.90465
-5.9053
-5.90465
-5.9053
-5.9053
-5.90497
-5.90432
-5.90659
-5.90627
-5.90594
-5.90271
-5.90497
-5.90433
-5.90271
-5.90271
-5.62456
-5.62649
-5.62714
-5.62519
-5.62486
-5.62519
-5.62551
-5.62649
-5.62681
-5.62714
-5.62811
-5.62714
-5.62553
-5.62585
-5.62649
-5.6239
-5.62487
-5.62649
-5.62487
-5.62519
-5.62454
-5.62486
-5.62777
-5.62648
-5.62583
-5.62584
-5.62519
-5.62487
-5.62519
-5.62681
-5.62649
-5.62617
-5.62778
-5.62713
-5.62648
-5.62519
-5.62648
-5.62745
-5.62583
-5.62583
-5.62648
-5.62778
-5.62842
-5.62778
-5.62843
-5.62486
-5.62583
-5.62551
-5.62324
-5.62227
-5.62292
-5.62324
-5.62357
-5.62713
-5.62745
-5.62583
-5.62454
-5.62616
-5.62454
-5.62422
-5.62357
-5.62551
-5.62551
-5.62518
-5.62486
-5.62583
-5.62648
-5.62648
-5.62875
-5.6281
-5.62972
-5.6294
-5.62616
-5.62519
-5.62454
-5.62454
-5.62454
-5.62454
-5.62551
-5.62584
-5.62486
-5.62713
-5.6268
-5.62324
-5.62421
-5.62292
-5.62259
-5.62227
-5.62227
-5.6226
-5.6226
-5.62227
-5.62227
-5.62065
-5.62389
-5.62454
-5.62454
-5.62357
-5.62389
-5.62227
-5.47191
-5.47126
-5.47126
-5.47256
-5.47223
-5.47094
-5.47192
-5.47224
-5.47095
-5.47192
-5.47127
-5.47095
-5.4703
-5.4703
-5.46933
-5.47063
-5.4716
-5.4716
-5.4716
-5.47256
-5.47127
-5.47062
-5.47062
-5.47127
-5.47321
-5.47418
-5.47613
-5.47451
-5.47515
-5.47353
-5.47353
-5.47224
-5.47224
-5.47256
-5.47289
-5.47062
-5.47224
-5.47483
-5.47321
-5.47062
-5.47289
-5.47515
-5.4758
-5.47418
-5.47515
-5.47547
-5.47289
-5.47321
-5.47192
-5.47159
-5.47257
-5.47419
-5.47321
-5.47386
-5.47613
-5.47645
-5.47678
-5.47677
-5.47677
-5.47774
-5.47644
-5.47515
-5.4745
-5.47418
-5.47353
-5.47353
-5.47385
-5.47321
-5.47483
-5.47418
-5.47515
-5.47386
-5.47289
-5.47418
-5.47354
-5.47289
-5.47257
-5.47451
-5.47516
-5.47613
-5.47548
-5.47548
-5.47353
-5.47353
-5.47289
-5.47483
-5.47451
-5.47418
-5.47516
-5.47289
-5.47159
-5.4703
-5.47159
-5.47354
-5.47451
-5.47613
-5.47483
-5.47289
-5.47419
-5.47386
