           0           0           0
   0.0256496           0           0
   0.0512993           0           0
   0.0769489           0           0
    0.102599           0           0
    0.128248           0           0
    0.153898           0           0
    0.179547           0           0
    0.205197           0           0
    0.230847           0           0
    0.256496           0           0
    0.282146           0           0
    0.307796           0           0
    0.333445           0           0
    0.359095           0           0
    0.384745           0           0
    0.410394           0           0
    0.436044           0           0
    0.461694           0           0
    0.487343           0           0
    0.512993           0           0
    0.538642           0           0
    0.564292           0           0
    0.589942           0           0
    0.615591           0           0
    0.641241           0           0
    0.666891           0           0
     0.69254           0           0
     0.71819           0           0
     0.74384           0           0
    0.769489           0           0
    0.795139           0           0
    0.820788           0           0
    0.846438 1.06988e-05 3.29144e-06
    0.872088  0.00127195 3.58802e-05
    0.897737   0.0242102 0.000186166
    0.923387    0.165101 0.000587608
    0.949037     0.56411  0.00117312
    0.974686     1.20206  0.00187602
     1.00034     1.86245  0.00206954
     1.02599     2.33557  0.00189563
     1.05164     2.55305  0.00165944
     1.07728     2.54939  0.00161536
     1.10293     2.40676  0.00162579
     1.12858     2.20003  0.00148124
     1.15423      1.9716  0.00143602
     1.17988     1.75342   0.0015563
     1.20553     1.55861  0.00148732
     1.23118     1.38845  0.00131333
     1.25683     1.24667  0.00122128
     1.28248     1.12522  0.00120076
     1.30813     1.02412  0.00110708
     1.33378    0.941845  0.00093076
     1.35943    0.874779 0.000917454
     1.38508    0.818462 0.000805972
     1.41073    0.773822 0.000790327
     1.43638    0.737428 0.000742426
     1.46203    0.710912 0.000729047
     1.48768    0.691179 0.000730969
     1.51333    0.677675 0.000790138
     1.53898    0.671564 0.000788986
     1.56463    0.670796 0.000752043
     1.59028    0.676048 0.000800798
     1.61593    0.686252 0.000736472
     1.64158    0.702362 0.000796958
     1.66723    0.723215 0.000775631
     1.69288    0.749235 0.000815323
     1.71853    0.780628 0.000783111
     1.74418    0.815724 0.000787225
     1.76983    0.853501 0.000770435
     1.79547    0.893817 0.000787533
     1.82112    0.934962 0.000816536
     1.84677    0.976619   0.0007868
     1.87242     1.01755 0.000810908
     1.89807     1.05792 0.000781633
     1.92372      1.0948 0.000776943
     1.94937     1.12977 0.000720207
     1.97502     1.16081 0.000761967
     2.00067     1.18615 0.000652214
     2.02632     1.20476 0.000694809
     2.05197     1.21346 0.000751553
     2.07762     1.21536 0.000715849
     2.10327      1.2086 0.000727687
     2.12892     1.19488 0.000782124
     2.15457     1.17478 0.000747928
     2.18022     1.15125 0.000744174
     2.20587     1.12364 0.000787825
     2.23152     1.09555 0.000730585
     2.25717     1.06729 0.000726857
     2.28282     1.03883 0.000748238
     2.30847     1.01303 0.000697038
     2.33412    0.988063 0.000710099
     2.35977    0.966737 0.000646875
     2.38542    0.947444 0.000584303
     2.41107    0.931874 0.000605225
     2.43672    0.918499 0.000597624
     2.46237    0.909798 0.000580904
     2.48802    0.895366 0.000620022
     2.51366    0.885426  0.00059268
     2.53931    0.885779 0.000601225
