           1     1.18544     1.18544           0
           2     1.32268     1.25406   0.0686206
           3     1.33974     1.28262   0.0488395
           4     1.24548     1.27334   0.0357616
           5     1.36874     1.29242    0.033636
           6      1.3336     1.29928   0.0283083
           7     1.44524     1.32013   0.0317358
           8      1.3558     1.32459   0.0278433
           9     1.50947     1.34513   0.0320148
          10     1.35637     1.34626   0.0286569
          11     1.45364     1.35602   0.0276985
          12     1.50818      1.3687   0.0282866
          13     1.45027     1.37497   0.0267657
          14     1.39548     1.37644   0.0248235
          15     1.25865     1.36858   0.0244072
          16     1.50042     1.37682   0.0242722
          17     1.42877     1.37988   0.0230036
          18      1.4444     1.38346   0.0219823
          19     1.30058      1.3791   0.0212458
          20     1.43335     1.38181   0.0203373
          21     1.47521     1.38626   0.0198493
          22     1.26285     1.38065   0.0197394
          23     1.24783     1.37488   0.0197259
          24     1.29553     1.37157   0.0191733
          25     1.28486      1.3681   0.0187147
          26     1.38417     1.36872   0.0179911
          27     1.40814     1.37018   0.0173734
          28     1.38952     1.37087   0.0167557
          29     1.53206     1.37643   0.0170963
          30     1.43453     1.37837   0.0166297
          31     1.45766     1.38092   0.0162865
          32     1.35423     1.38009   0.0157914
          33     1.39314     1.38049   0.0153105
          34     1.49422     1.38383   0.0152254
          35     1.38071     1.38374   0.0147842
          36     1.53458     1.38793   0.0149662
          37     1.42097     1.38882   0.0145834
          38     1.50971     1.39201   0.0145466
          39     1.35021     1.39093   0.0142091
          40      1.4245     1.39177   0.0138748
          41     1.38608     1.39163   0.0135328
          42     1.48644     1.39389   0.0133982
          43     1.40925     1.39425   0.0130878
          44      1.3684     1.39366   0.0128004
          45     1.36717     1.39307   0.0125265
          46        1.36     1.39235   0.0122723
          47     1.47716     1.39416   0.0121431
          48     1.25915     1.39135   0.0122157
          49     1.39304     1.39138   0.0119638
          50     1.36074     1.39077   0.0117381
          51     1.12166     1.38549   0.0126579
          52     1.39526     1.38568   0.0124135
          53     1.42569     1.38643   0.0122004
          54     1.51824     1.38887   0.0122186
          55     1.30876     1.38742   0.0120825
          56     1.40845     1.38779   0.0118708
          57     1.32992     1.38678   0.0117048
          58     1.47328     1.38827   0.0115975
          59     1.47633     1.38976   0.0114965
          60     1.28556     1.38802   0.0114359
          61      1.4161     1.38849   0.0112563
          62     1.49812     1.39025   0.0112136
          63     1.42618     1.39082   0.0110489
          64      1.3125      1.3896   0.0109435
          65     1.51337      1.3915   0.0109408
          66     1.28654     1.38991   0.0108905
          67     1.33873     1.38915   0.0107539
          68     1.45138     1.39006    0.010634
          69     1.43396      1.3907   0.0104981
          70     1.52254     1.39258    0.010517
          71     1.49074     1.39397   0.0104596
          72     1.45163     1.39477   0.0103444
          73     1.35157     1.39418   0.0102188
          74     1.29166     1.39279   0.0101745
          75      1.4926     1.39412   0.0101258
          76     1.45821     1.39496   0.0100272
          77     1.30069     1.39374  0.00997158
          78     1.48105     1.39486  0.00990636
          79     1.38259      1.3947  0.00978139
          80     1.33979     1.39402  0.00968271
          81     1.40482     1.39415  0.00956335
          82     1.59355     1.39658  0.00975397
          83      1.3464     1.39598  0.00965469
          84     1.47076     1.39687  0.00958051
          85     1.32906     1.39607  0.00950068
          86     1.34477     1.39547  0.00940849
          87     1.32995     1.39472  0.00933016
          88     1.49736     1.39589  0.00929698
          89     1.26575     1.39443  0.00930751
          90       1.345     1.39388  0.00921988
          91     1.37579     1.39368  0.00912017
          92     1.66706     1.39665  0.00949734
          93     1.45531     1.39728  0.00941582
          94     1.39423     1.39725  0.00931516
          95     1.48707     1.39819  0.00926496
          96     1.50468      1.3993   0.0092348
          97     1.19892     1.39724  0.00936967
          98     1.30482     1.39629  0.00932139
          99     1.27605     1.39508  0.00930635
         100     1.35211     1.39465  0.00922283
         101     1.22849       1.393  0.00927808
         102     1.41255      1.3932  0.00918867
         103     1.63724     1.39557  0.00940244
         104     1.46852     1.39627  0.00933798
         105     1.51705     1.39742  0.00931988
         106     1.39352     1.39738  0.00923161
         107     1.60209     1.39929   0.0093429
         108      1.3947     1.39925  0.00925609
         109     1.42083     1.39945  0.00917291
         110     1.33166     1.39883  0.00911001
         111     1.36022     1.39848  0.00903426
         112     1.35359     1.39808  0.00896221
         113     1.42393     1.39831  0.00888549
         114     1.50857     1.39928  0.00886014
         115     1.51638      1.4003  0.00884159
         116     1.24043     1.39892  0.00887272
         117     1.36241     1.39861  0.00880209
         118     1.28923     1.39768  0.00877627
         119     1.42648     1.39792  0.00870557
         120     1.36422     1.39764  0.00863729
         121     1.47523     1.39828  0.00858957
         122       1.456     1.39876    0.008532
         123     1.43363     1.39904   0.0084671
         124     1.23327      1.3977  0.00850427
         125     1.29358     1.39687  0.00847699
         126     1.55811     1.39815  0.00850626
         127     1.41056     1.39825  0.00843958
         128     1.49777     1.39902  0.00840941
         129     1.43046     1.39927  0.00834752
         130     1.43494     1.39954  0.00828761
         131     1.42307     1.39972  0.00822606
         132     1.45804     1.40016  0.00817545
         133     1.43349     1.40041  0.00811762
         134     1.39749     1.40039  0.00805684
         135      1.4377     1.40067  0.00800171
         136     1.49255     1.40135  0.00797134
         137     1.30868     1.40067  0.00794179
         138     1.27907     1.39979  0.00793312
         139     1.34329     1.39938  0.00788632
         140     1.30309     1.39869  0.00785994
         141     1.41251     1.39879  0.00780461
         142     1.31949     1.39823  0.00776955
         143       1.325     1.39772  0.00773201
         144      1.4199     1.39787  0.00767967
         145       1.302     1.39721  0.00765513
         146     1.40212     1.39725  0.00760259
         147     1.29501     1.39655  0.00758266
         148      1.4452     1.39688  0.00753842
         149     1.25772     1.39595  0.00754568
         150     1.15711     1.39435  0.00766246
         151     1.48063     1.39493  0.00763296
         152     1.32309     1.39445  0.00759729
         153     1.37464     1.39432  0.00754858
         154     1.42153      1.3945  0.00750148
         155     1.29789     1.39388  0.00747895
         156     1.58955     1.39513  0.00753597
         157      1.3911     1.39511  0.00748786
         158     1.52886     1.39595  0.00748832
         159     1.35503     1.39569  0.00744553
         160     1.35851     1.39546  0.00740249
         161     1.42232     1.39563  0.00735826
         162     1.38068     1.39554  0.00731328
         163     1.41767     1.39567  0.00726955
         164     1.40069      1.3957  0.00722515
         165     1.12292     1.39405  0.00736907
         166     1.44273     1.39434  0.00733041
         167      1.4476     1.39466  0.00729336
         168     1.59904     1.39588  0.00735117
         169     1.38621     1.39582  0.00730777
         170     1.45966      1.3962  0.00727436
         171     1.38139     1.39611  0.00723221
         172     1.31899     1.39566    0.007204
         173     1.38958     1.39563  0.00716233
         174     1.54793      1.3965  0.00717464
         175     1.29249     1.39591  0.00715824
         176     1.41383     1.39601  0.00711818
         177     1.39114     1.39598  0.00707791
         178     1.43755     1.39622   0.0070419
         179     1.30388      1.3957  0.00702143
         180     1.26101     1.39495  0.00702229
         181     1.43869     1.39519  0.00698757
         182     1.48236     1.39567  0.00696555
         183     1.33187     1.39532  0.00693615
         184     1.35201     1.39509  0.00690237
         185     1.33543     1.39477  0.00687253
         186     1.39196     1.39475  0.00683549
         187      1.3321     1.39442  0.00680709
         188     1.33479      1.3941  0.00677821
         189     1.43168      1.3943  0.00674518
         190      1.5227     1.39497  0.00674354
         191     1.47368     1.39538  0.00672078
         192     1.41062     1.39546  0.00668616
         193     1.37473     1.39536  0.00665229
         194     1.41179     1.39544  0.00661846
         195     1.39318     1.39543  0.00658444
         196     1.37932     1.39535  0.00655127
         197     1.25428     1.39463  0.00655715
         198     1.58363     1.39559  0.00659341
         199     1.43906      1.3958  0.00656383
         200     1.48596     1.39626  0.00654647
