           1    -5.50316    -5.50316           0
           2     -5.4762    -5.48968   0.0134832
           3    -5.46743    -5.48226   0.0107514
           4    -5.48483     -5.4829  0.00762939
           5    -5.47029    -5.48038  0.00642599
           6    -5.47402    -5.47932  0.00535285
           7    -5.45746     -5.4762  0.00549707
           8    -5.47219     -5.4757  0.00478691
           9    -5.44195    -5.47195  0.00564632
          10    -5.47082    -5.47183  0.00505149
          11    -5.45768    -5.47055  0.00474703
          12    -5.43938    -5.46795  0.00505234
          13    -5.44689    -5.46633  0.00492173
          14    -5.45813    -5.46574  0.00459416
          15    -5.48549    -5.46706  0.00447486
          16    -5.44234    -5.46551  0.00446188
          17    -5.46827    -5.46568  0.00419434
          18    -5.45824    -5.46526  0.00397597
          19    -5.48779    -5.46645  0.00394336
          20    -5.45272    -5.46576  0.00380347
          21    -5.45214    -5.46511  0.00367554
          22    -5.49233    -5.46635  0.00371647
          23     -5.4927     -5.4675  0.00373148
          24    -5.47881    -5.46797  0.00360361
          25    -5.48829    -5.46878  0.00355076
          26    -5.46533    -5.46865  0.00341404
          27    -5.46013    -5.46833  0.00330029
          28    -5.46077    -5.46806   0.0031917
          29    -5.43968    -5.46708  0.00323141
          30    -5.46163     -5.4669  0.00312713
          31      -5.461    -5.46671  0.00303056
          32    -5.46577    -5.46668  0.00293447
          33    -5.46671    -5.46668  0.00284416
          34    -5.44431    -5.46603   0.0028366
          35    -5.47181    -5.46619  0.00275932
          36    -5.43341    -5.46528  0.00283193
          37    -5.45896    -5.46511  0.00275962
          38     -5.4406    -5.46446  0.00276236
          39    -5.46833    -5.46456  0.00269242
          40    -5.46082    -5.46447  0.00262591
          41    -5.46595    -5.46451  0.00256132
          42    -5.44991    -5.46416  0.00252365
          43    -5.46483    -5.46417  0.00246431
          44    -5.45997    -5.46408  0.00240954
          45    -5.47792    -5.46439  0.00237539
          46    -5.47748    -5.46467  0.00234056
          47    -5.45354    -5.46443  0.00230242
          48     -5.4963     -5.4651  0.00234965
          49    -5.45945    -5.46498  0.00230409
          50    -5.46347    -5.46495  0.00225774
          51    -5.51055    -5.46585  0.00238679
          52    -5.45798     -5.4657  0.00234532
          53    -5.45714    -5.46553  0.00230629
          54    -5.44476    -5.46515  0.00229566
          55    -5.48301    -5.46547  0.00227682
          56    -5.45584     -5.4653   0.0022424
          57    -5.47865    -5.46554  0.00221512
          58    -5.45136    -5.46529  0.00219027
          59    -5.44898    -5.46502  0.00217051
          60    -5.48546    -5.46536  0.00216105
          61     -5.4544    -5.46518  0.00213291
          62     -5.4414    -5.46479  0.00213297
          63      -5.453    -5.46461  0.00210717
          64    -5.48255    -5.46489  0.00209285
          65    -5.43735    -5.46446  0.00210351
          66    -5.48176    -5.46472  0.00208792
          67    -5.47326    -5.46485  0.00206046
          68    -5.45422     -5.4647  0.00203594
          69     -5.4678    -5.46474  0.00200672
          70     -5.4389    -5.46437    0.002012
          71     -5.4531    -5.46421   0.0019898
          72    -5.45254    -5.46405  0.00196866
          73    -5.47185    -5.46416  0.00194444
          74    -5.48773    -5.46448  0.00194426
          75    -5.43958    -5.46414  0.00194668
          76    -5.45685    -5.46405  0.00192329
          77    -5.47878    -5.46424  0.00190777
          78    -5.45063    -5.46406  0.00189122
          79    -5.46735    -5.46411  0.00186759
          80    -5.47452    -5.46424  0.00184869
          81    -5.46177    -5.46421  0.00182598
          82    -5.42536    -5.46373  0.00186475
          83     -5.4841    -5.46398  0.00185842
          84    -5.44819    -5.46379  0.00184576
          85    -5.47832    -5.46396  0.00183191
          86    -5.47579     -5.4641   0.0018157
          87    -5.47806    -5.46426  0.00180186
          88    -5.44947    -5.46409  0.00178918
          89    -5.49158     -5.4644  0.00179572
          90    -5.48262     -5.4646  0.00178716
          91    -5.48037    -5.46478  0.00177589
          92    -5.41665    -5.46425  0.00183273
          93     -5.4585    -5.46419  0.00181397
          94    -5.46668    -5.46422  0.00179477
          95    -5.44604    -5.46403  0.00178605
          96    -5.44219     -5.4638  0.00178193
          97    -5.49793    -5.46415  0.00179823
          98    -5.48387    -5.46435  0.00179113
          99    -5.49048    -5.46462  0.00179249
         100    -5.46667    -5.46464  0.00177459
         101    -5.49258    -5.46491  0.00177858
         102    -5.46902    -5.46495  0.00176152
         103     -5.4242    -5.46456  0.00178865
         104    -5.44607    -5.46438  0.00178026
         105    -5.44778    -5.46422   0.0017703
         106    -5.47023    -5.46428  0.00175444
         107    -5.42278    -5.46389  0.00178071
         108    -5.46644    -5.46391   0.0017643
         109    -5.45119     -5.4638  0.00175193
         110    -5.46917    -5.46385  0.00173662
         111    -5.47182    -5.46392   0.0017224
         112    -5.46565    -5.46393  0.00170703
         113     -5.4628    -5.46392  0.00169188
         114    -5.44577    -5.46376  0.00168452
         115    -5.45902    -5.46372  0.00167032
         116    -5.48945    -5.46394  0.00167064
         117    -5.47331    -5.46402  0.00165823
         118    -5.48199    -5.46418  0.00165115
         119    -5.44688    -5.46403  0.00164366
         120    -5.47099    -5.46409  0.00163093
         121    -5.45138    -5.46398  0.00162081
         122     -5.4597    -5.46395  0.00160785
         123    -5.46217    -5.46393  0.00159479
         124    -5.49842    -5.46421  0.00160614
         125     -5.4842    -5.46437  0.00160124
         126    -5.42988     -5.4641   0.0016119
         127    -5.46116    -5.46408  0.00159932
         128    -5.43993    -5.46389  0.00159795
         129    -5.45917    -5.46385  0.00158593
         130    -5.45214    -5.46376  0.00157626
         131    -5.46046    -5.46374  0.00156439
         132     -5.4428    -5.46358  0.00156057
         133    -5.45893    -5.46354  0.00154919
         134    -5.46354    -5.46354  0.00153759
         135    -5.45362    -5.46347  0.00152792
         136    -5.44179    -5.46331    0.001525
         137    -5.48387    -5.46346  0.00152125
         138    -5.48552    -5.46362  0.00151862
         139    -5.47379    -5.46369  0.00150943
         140    -5.48702    -5.46386  0.00150785
         141    -5.46374    -5.46386  0.00149712
         142    -5.47203    -5.46392  0.00148765
         143     -5.4721    -5.46397  0.00147832
         144    -5.45146    -5.46389  0.00147058
         145    -5.48212    -5.46401  0.00146581
         146    -5.47059    -5.46406  0.00145643
         147    -5.48908    -5.46423  0.00145647
         148    -5.44544     -5.4641  0.00145216
         149    -5.48145    -5.46422  0.00144707
         150    -5.50974    -5.46452  0.00146908
         151     -5.4468     -5.4644  0.00146403
         152    -5.47805    -5.46449  0.00145713
         153    -5.46655    -5.46451  0.00144764
         154    -5.45755    -5.46446  0.00143892
         155    -5.48082    -5.46457  0.00143349
         156    -5.43279    -5.46436  0.00143876
         157    -5.47129    -5.46441  0.00143025
         158    -5.44314    -5.46427  0.00142753
         159    -5.46322    -5.46426  0.00141854
         160     -5.4693     -5.4643     0.00141
         161    -5.46404    -5.46429  0.00140121
         162     -5.4654     -5.4643  0.00139255
         163    -5.46284    -5.46429  0.00138401
         164    -5.46866    -5.46432   0.0013758
         165    -5.52531    -5.46469  0.00141652
         166    -5.45487    -5.46463   0.0014092
         167    -5.45211    -5.46455  0.00140274
         168    -5.43837     -5.4644  0.00140305
         169    -5.46392     -5.4644  0.00139473
         170    -5.44774     -5.4643  0.00138996
         171    -5.46681    -5.46431  0.00138188
         172    -5.47277    -5.46436   0.0013747
         173    -5.45722    -5.46432  0.00136736
         174       -5.43    -5.46412  0.00137371
         175    -5.48389    -5.46424   0.0013705
         176    -5.47508     -5.4643  0.00136409
         177    -5.45865    -5.46427  0.00135673
         178    -5.45675    -5.46422  0.00134975
         179    -5.48448    -5.46434  0.00134695
         180    -5.49024    -5.46448  0.00134715
         181    -5.46247    -5.46447  0.00133974
         182    -5.45462    -5.46442  0.00133345
         183    -5.47177    -5.46446  0.00132676
         184    -5.46793    -5.46447  0.00131966
         185    -5.47696    -5.46454  0.00131424
         186    -5.46153    -5.46453  0.00130726
         187     -5.4618    -5.46451  0.00130033
         188    -5.48432    -5.46462  0.00129768
         189    -5.45552    -5.46457  0.00129169
         190    -5.43439    -5.46441  0.00129465
         191     -5.4454    -5.46431   0.0012917
         192     -5.4647    -5.46431  0.00128495
         193    -5.47786    -5.46438   0.0012802
         194    -5.45905    -5.46436  0.00127388
         195     -5.4643    -5.46435  0.00126733
         196    -5.46854    -5.46438  0.00126103
         197    -5.49597    -5.46454  0.00126482
         198    -5.42895    -5.46436  0.00127119
         199    -5.46802    -5.46438  0.00126492
         200    -5.44074    -5.46426  0.00126412
