1.64057
1.62573
1.60559
1.5799
1.54841
1.51107
1.46809
1.42009
1.36826
1.31437
1.26071
1.20989
1.16439
1.12605
1.09557
1.07226
1.05439
1.03976
1.02643
1.01334
1.00043
0.988483
0.978754
0.97247
0.97042
0.972716
0.978722
0.987229
0.99671
1.00569
1.01317
1.0189
1.02337
1.02732
1.03113
1.03431
1.03572
1.03413
1.02879
1.01967
1.00736
0.992845
0.977353
0.962151
0.948505
0.937562
0.930131
0.92645
0.925983
0.927738
0.930798
0.934749
0.939735
0.945984
0.953346
0.961217
0.96874
0.975061
0.979466
0.981346
0.980247
0.976028
0.969024
0.960141
0.950822
0.942791
0.937645
0.936309
0.938639
0.943461
0.949074
0.953873
0.956809
0.957567
0.956466
0.954245
0.951828
0.9501
0.949746
0.951131
0.95427
0.958853
0.964358
0.970219
0.975978
0.981363
0.986278
0.990725
0.994699
0.998047
1.00039
1.00112
0.999543
0.994954
0.986876
0.975121
0.959965
0.942271
0.923538
0.905864
1.60522
1.55833
1.51722
1.48526
1.46271
1.44724
1.43551
1.42451
1.41252
1.3994
1.38652
1.37633
1.37177
1.37551
1.38902
1.41202
1.44243
1.47679
1.51119
1.54197
1.5663
1.58243
1.58981
1.58878
1.57992
1.56341
1.53921
1.50795
1.472
1.43587
1.40517
1.3846
1.37606
1.37826
1.38759
1.39949
1.40962
1.41492
1.41422
1.40814
1.39833
1.38656
1.37445
1.36336
1.35455
1.34894
1.34691
1.34813
1.35172
1.35653
1.36156
1.36637
1.37123
1.37712
1.38524
1.39648
1.41069
1.42646
1.44147
1.45323
1.45999
1.46128
1.45803
1.45199
1.44484
1.43762
1.43083
1.42485
1.42002
1.41631
1.41323
1.41004
1.40633
1.40243
1.39945
1.39895
1.40246
1.4109
1.42423
1.44149
1.46097
1.4807
1.49886
1.51416
1.52596
1.53422
1.53924
1.54149
1.54133
1.53881
1.53375
1.52609
1.51642
1.50646
1.49881
1.49585
1.49834
1.50509
1.51379
1.52221
1.63406
1.61407
1.59132
1.5668
1.54215
1.51965
1.50168
1.48989
1.4845
1.48437
1.48764
1.49259
1.49825
1.50478
1.51311
1.52405
1.53713
1.5502
1.56014
1.56438
1.56209
1.5548
1.54574
1.53832
1.53434
1.53301
1.53138
1.52594
1.51417
1.49551
1.47189
1.44768
1.4285
1.41861
1.41872
1.42597
1.43634
1.44682
1.45613
1.46437
1.47231
1.4808
1.49017
1.49993
1.50871
1.51455
1.51567
1.51119
1.50185
1.49011
1.47947
1.47309
1.47223
1.47553
1.47965
1.4807
1.47585
1.46435
1.4479
1.4298
1.4135
1.40098
1.3923
1.38647
1.38289
1.38228
1.38643
1.39676
1.41309
1.43347
1.45502
1.47488
1.4909
1.50195
1.50804
1.51005
1.50915
1.50608
1.50086
1.49333
1.48378
1.47303
1.46169
1.44961
1.43615
1.42103
1.40504
1.38998
1.37815
1.37135
1.37038
1.37528
1.38567
1.40107
1.42064
1.44278
1.46505
1.48463
1.49911
1.50712
1.61919
1.58541
1.5575
1.54083
1.53623
1.54054
1.54963
1.56062
1.57204
1.58285
1.59177
1.59742
1.59896
1.59667
1.59207
1.58759
1.58566
1.58787
1.59419
1.60327
1.61311
1.62193
1.62857
1.63252
1.63386
1.63292
1.63013
1.62582
1.61997
1.61233
1.60285
1.59216
1.58199
1.57511
1.57505
1.58482
1.60535
1.63437
1.66681
1.69645
1.71789
1.72768
1.72496
1.71155
1.69156
1.67018
1.65212
1.6401
1.63436
1.63292
1.63274
1.63096
1.62582
1.61727
1.60681
1.59666
1.58895
1.5851
1.58586
1.59133
1.60105
1.61397
1.62873
1.64367
1.65692
1.66625
1.66947
1.66488
1.65192
1.63161
1.60652
1.58029
1.5565
1.53755
1.52402
1.51516
1.50996
1.50808
1.50997
1.51623
1.52649
1.53903
1.55105
1.55989
1.56445
1.56586
1.56664
1.56907
1.57393
1.58092
1.58941
1.5986
1.60712
1.61311
1.6149
1.61139
1.60213
1.58716
1.56698
1.54278
1.58892
1.52932
1.48196
1.45213
1.44142
1.44759
1.46632
1.49333
1.52541
1.56057
1.59768
1.63602
1.67467
1.71185
1.74501
1.77142
1.78922
1.7979
1.79828
1.79184
1.78006
1.76444
1.74645
1.7273
1.70758
1.68732
1.66666
1.64646
1.62835
1.61448
1.60686
1.60634
1.61177
1.61974
1.62562
1.62515
1.61602
1.5989
1.5776
1.558
1.54578
1.54379
1.55111
1.56451
1.58078
1.59783
1.61472
1.63121
1.64751
1.66444
1.68327
1.70487
1.72883
1.75344
1.77671
1.7975
1.81574
1.83163
1.84485
1.85437
1.8588
1.8569
1.84825
1.83359
1.81489
1.79489
1.7761
1.75954
1.74454
1.72946
1.71305
1.69572
1.67951
1.66668
1.65815
1.65341
1.65127
1.65031
1.64873
1.64469
1.63716
1.62668
1.61518
1.60529
1.59943
1.59919
1.60522
1.61749
1.6353
1.65737
1.68192
1.70726
1.73243
1.75781
1.78451
1.81275
1.84046
1.86377
1.8791
1.88495
1.61746
1.58518
1.55993
1.54453
1.53898
1.5416
1.55014
1.56235
1.57589
1.58836
1.5976
1.60211
1.60129
1.59553
1.58596
1.57402
1.56126
1.54948
1.5409
1.53788
1.54204
1.55373
1.57213
1.59526
1.61992
1.64252
1.66038
1.67218
1.67729
1.6753
1.66624
1.65096
1.63121
1.60954
1.58868
1.57074
1.55649
1.54527
1.53552
1.52583
1.51578
1.50625
1.4992
1.49669
1.49997
1.50925
1.52421
1.54466
1.57046
1.60075
1.63317
1.66403
1.68936
1.70608
1.7126
1.70886
1.69616
1.67687
1.65409
1.63133
1.61192
1.59852
1.59238
1.59312
1.59885
1.60669
1.6137
1.61774
1.61794
1.61462
1.60875
1.60134
1.59317
1.58501
1.57812
1.57437
1.57582
1.58386
1.59841
1.61769
1.63854
1.65696
1.66889
1.67112
1.66201
1.6418
1.61273
1.57878
1.54515
1.5175
1.50093
1.49861
1.51078
1.5345
1.56481
1.59642
1.62507
1.64796
1.66369
1.67194
