-4.53493
-4.53402
-4.53281
-4.53296
-4.53221
-4.53236
-4.53251
-4.53266
-4.53251
-4.5316
-4.5316
-4.5316
-4.53281
-4.53145
-4.53115
-4.5316
-4.53145
-4.53191
-4.53221
-4.53236
-4.53312
-4.53387
-4.53372
-4.53342
-4.53357
-4.53327
-4.53372
-4.53372
-4.53297
-4.53191
-4.53191
-4.53191
-4.53191
-4.53267
-4.53251
-4.53342
-4.53373
-4.53388
-4.53448
-4.53478
-4.53508
-4.53629
-4.53629
-4.5369
-4.53765
-4.53629
-4.53554
-4.53614
-4.53644
-4.53675
-4.53599
-4.53599
-4.53569
-4.53493
-4.53554
-4.53539
-4.53645
-4.53599
-4.53539
-4.5369
-4.53645
-4.53569
-4.53629
-4.53735
-4.5378
-4.53735
-4.5378
-4.53689
-4.53705
-4.5372
-4.5375
-4.53735
-4.5372
-4.53735
-4.5372
-4.53569
-4.53644
-4.53674
-4.53659
-4.53765
-4.5378
-4.53826
-4.53826
-4.5378
-4.53796
-4.5375
-4.53599
-4.53478
-4.53493
-4.53508
-4.53554
-4.53539
-4.5363
-4.53614
-4.53554
-4.53554
-4.53463
-4.53463
-4.53478
-4.53508
-3.76231
-3.7617
-3.76245
-3.76351
-3.76245
-3.76306
-3.76352
-3.76352
-3.76321
-3.76382
-3.76351
-3.76381
-3.76336
-3.76291
-3.76321
-3.7623
-3.76215
-3.76261
-3.76306
-3.76307
-3.76337
-3.76292
-3.76291
-3.76216
-3.76171
-3.76216
-3.76276
-3.76337
-3.76291
-3.76291
-3.76366
-3.76426
-3.76366
-3.76351
-3.76457
-3.76382
-3.76352
-3.76458
-3.76548
-3.76457
-3.76412
-3.76336
-3.76245
-3.76291
-3.76366
-3.76366
-3.76306
-3.76291
-3.76215
-3.76245
-3.76276
-3.76351
-3.76411
-3.76442
-3.76381
-3.76351
-3.76411
-3.76427
-3.76487
-3.76518
-3.76518
-3.76442
-3.76457
-3.76442
-3.76381
-3.76472
-3.76366
-3.76366
-3.76412
-3.76381
-3.76412
-3.76366
-3.76457
-3.76427
-3.76487
-3.76442
-3.76366
-3.76321
-3.76381
-3.76427
-3.76351
-3.76382
-3.76427
-3.76502
-3.76397
-3.76276
-3.76215
-3.7623
-3.76215
-3.76321
-3.76381
-3.76351
-3.76396
-3.76517
-3.76532
-3.76381
-3.76336
-3.7617
-3.76215
-3.76185
-3.62893
-3.62923
-3.62908
-3.62923
-3.62878
-3.62772
-3.62802
-3.62832
-3.62863
-3.62848
-3.62878
-3.62878
-3.62863
-3.62908
-3.62848
-3.62893
-3.62893
-3.62954
-3.63044
-3.6312
-3.63044
-3.63105
-3.63195
-3.63165
-3.63044
-3.63074
-3.63029
-3.62984
-3.63075
-3.62969
-3.62863
-3.62787
-3.62787
-3.62817
-3.62787
-3.62772
-3.62681
-3.62651
-3.62561
-3.62485
-3.625
-3.62606
-3.62576
-3.62621
-3.62667
-3.62742
-3.62742
-3.62772
-3.62727
-3.62817
-3.62953
-3.63044
-3.63074
-3.6312
-3.63105
-3.6318
-3.6309
-3.63044
-3.6312
-3.63074
-3.63104
-3.63165
-3.6312
-3.63029
-3.63059
-3.62984
-3.62984
-3.62953
-3.62833
-3.62818
-3.62788
-3.62848
-3.62833
-3.62818
-3.62833
-3.62894
-3.62788
-3.62818
-3.62818
-3.62833
-3.62863
-3.62788
-3.62818
-3.62742
-3.62773
-3.62788
-3.62863
-3.62924
-3.62818
-3.62848
-3.62878
-3.62833
-3.62818
-3.62848
-3.62818
-3.62863
-3.62742
-3.62788
-3.62697
-3.62833
-3.46994
-3.47039
-3.46978
-3.46933
-3.46873
-3.46933
-3.46888
-3.46903
-3.46828
-3.46858
-3.46722
-3.46677
-3.46798
-3.46828
-3.46813
-3.46918
-3.46843
-3.46767
-3.46737
-3.46767
-3.46737
-3.46677
-3.46647
-3.46632
-3.46722
-3.46737
-3.46737
-3.46632
-3.46692
-3.46647
-3.46768
-3.46737
-3.46798
-3.46858
-3.46888
-3.46888
-3.47039
-3.47009
-3.4704
-3.4704
-3.47161
-3.47252
-3.47267
-3.47297
-3.47281
-3.47281
-3.4713
-3.47145
-3.47054
-3.47009
-3.47055
-3.46994
-3.47055
-3.47025
-3.47009
-3.47024
-3.46949
-3.46964
-3.46873
-3.46873
-3.46798
-3.46737
-3.46798
-3.46904
-3.46919
-3.46994
-3.46934
-3.46889
-3.46798
-3.46813
-3.46737
-3.46722
-3.46692
-3.46722
-3.46737
-3.46783
-3.46752
-3.46813
-3.46737
-3.46707
-3.46813
-3.46813
-3.46768
-3.46813
-3.46843
-3.46858
-3.46888
-3.46692
-3.46767
-3.46873
-3.46858
-3.46858
-3.46858
-3.46874
-3.46904
-3.46813
-3.46783
-3.46874
-3.46889
-3.46858
-3.31203
-3.31218
-3.31187
-3.31218
-3.31067
-3.31067
-3.31158
-3.31204
-3.31249
-3.31279
-3.3134
-3.3143
-3.31385
-3.31476
-3.314
-3.3137
-3.314
-3.31385
-3.31385
-3.3137
-3.314
-3.31415
-3.3137
-3.31385
-3.314
-3.31339
-3.31264
-3.31173
-3.31248
-3.31203
-3.31309
-3.31203
-3.31188
-3.31128
-3.31174
-3.3134
-3.31295
-3.3128
-3.31279
-3.31324
-3.31279
-3.31188
-3.31173
-3.31007
-3.31068
-3.30977
-3.30902
-3.30901
-3.31037
-3.31022
-3.31098
-3.31113
-3.31098
-3.31083
-3.31053
-3.31053
-3.31022
-3.30932
-3.30826
-3.30856
-3.30781
-3.30856
-3.30841
-3.30765
-3.30796
-3.30886
-3.3078
-3.30795
-3.3081
-3.30795
-3.3081
-3.30825
-3.30825
-3.30855
-3.31037
-3.30976
-3.30931
-3.30901
-3.30916
-3.30947
-3.30962
-3.30961
-3.30946
-3.31052
-3.31052
-3.31112
-3.31082
-3.31022
-3.31067
-3.31067
-3.31082
-3.31143
-3.31173
-3.31037
-3.31037
-3.31067
-3.31052
-3.31007
-3.31083
-3.31113
-3.52369
-3.52474
-3.52565
-3.52489
-3.5252
-3.52444
-3.52475
-3.5249
-3.52475
-3.52475
-3.52505
-3.5246
-3.5243
-3.52354
-3.52309
-3.52354
-3.52384
-3.52339
-3.52278
-3.52384
-3.52293
-3.52414
-3.52565
-3.52505
-3.52641
-3.52671
-3.5252
-3.5252
-3.52414
-3.5249
-3.52505
-3.52581
-3.52596
-3.52762
-3.52882
-3.52867
-3.52867
-3.52913
-3.52867
-3.52928
-3.52898
-3.52898
-3.52912
-3.52897
-3.52927
-3.52958
-3.52837
-3.52882
-3.52867
-3.52837
-3.52701
-3.52611
-3.52611
-3.5249
-3.52505
-3.5252
-3.52445
-3.52474
-3.52399
-3.52384
-3.52338
-3.52247
-3.52202
-3.52172
-3.52203
-3.52248
-3.52233
-3.52278
-3.52414
-3.52354
-3.52324
-3.52218
-3.52173
-3.52172
-3.52187
-3.52187
-3.52217
-3.52232
-3.52187
-3.52097
-3.52248
-3.52294
-3.52369
-3.52354
-3.52309
-3.52324
-3.52369
-3.52429
-3.5255
-3.52549
-3.52519
-3.52534
-3.52549
-3.52565
-3.52716
-3.52641
-3.5252
-3.5252
-3.5249
-3.52444
