1.09372
1.08382
1.0704
1.05327
1.03227
1.00738
0.978726
0.946729
0.912173
0.876246
0.840474
0.806595
0.776258
0.7507
0.730378
0.714841
0.702927
0.693172
0.684288
0.675557
0.666951
0.658989
0.652503
0.648313
0.646946
0.648478
0.652482
0.658153
0.664474
0.670462
0.675446
0.679269
0.682248
0.684882
0.687417
0.689542
0.690483
0.689418
0.68586
0.679781
0.671571
0.661897
0.651568
0.641434
0.632337
0.625041
0.620088
0.617633
0.617322
0.618492
0.620532
0.623166
0.62649
0.630656
0.635564
0.640812
0.645827
0.650041
0.652978
0.654231
0.653498
0.650685
0.646016
0.640094
0.633881
0.628527
0.625097
0.624206
0.625759
0.628974
0.632716
0.635915
0.637873
0.638378
0.637644
0.636163
0.634552
0.6334
0.633164
0.634087
0.63618
0.639235
0.642905
0.646813
0.650652
0.654242
0.657519
0.660483
0.663133
0.665365
0.666924
0.667415
0.666362
0.663302
0.657918
0.650081
0.639977
0.62818
0.615692
0.603909
1.07014
1.03889
1.01148
0.990177
0.975139
0.964827
0.957007
0.949675
0.941682
0.932932
0.924344
0.917551
0.914516
0.917008
0.92601
0.941348
0.961617
0.984527
1.00746
1.02798
1.0442
1.05495
1.05987
1.05919
1.05328
1.04227
1.02614
1.0053
0.981333
0.957246
0.936782
0.923068
0.917375
0.91884
0.925061
0.932991
0.939745
0.943283
0.942814
0.938763
0.932217
0.924376
0.916301
0.908907
0.903032
0.899294
0.897939
0.898754
0.901148
0.904355
0.907705
0.910912
0.914156
0.918079
0.923496
0.930985
0.94046
0.950975
0.96098
0.968822
0.973328
0.974188
0.972017
0.967993
0.963227
0.958413
0.953886
0.949903
0.946679
0.944209
0.942151
0.940023
0.937555
0.934954
0.93297
0.932636
0.934976
0.940598
0.949484
0.960991
0.973981
0.987131
0.999237
1.00944
1.01731
1.02281
1.02616
1.02766
1.02755
1.02587
1.0225
1.01739
1.01095
1.0043
0.999208
0.997233
0.998894
1.00339
1.0092
1.0148
1.08937
1.07605
1.06088
1.04453
1.0281
1.0131
1.00112
0.993259
0.989667
0.989578
0.991761
0.995058
0.998835
1.00319
1.00874
1.01603
1.02475
1.03347
1.0401
1.04292
1.0414
1.03653
1.03049
1.02554
1.0229
1.02201
1.02092
1.0173
1.00945
0.997005
0.98126
0.965123
0.952336
0.945743
0.945814
0.950647
0.957558
0.964547
0.970753
0.976248
0.981542
0.987198
0.993447
0.999952
1.0058
1.0097
1.01045
1.00746
1.00124
0.993405
0.986314
0.982063
0.981489
0.983686
0.986434
0.987135
0.983898
0.976234
0.965264
0.953202
0.942333
0.933986
0.928203
0.924315
0.921926
0.921522
0.924289
0.93117
0.942058
0.955646
0.970012
0.983254
0.993933
1.0013
1.00536
1.0067
1.0061
1.00405
1.00057
0.995556
0.989189
0.982017
0.974458
0.966407
0.957435
0.947355
0.93669
0.926656
0.918764
0.91423
0.91359
0.916851
0.923779
0.934047
0.947096
0.961856
0.976699
0.989755
0.999409
1.00475
1.07946
1.05694
1.03833
1.02722
1.02416
1.02703
1.03309
1.04041
1.04803
1.05523
1.06118
1.06494
1.06597
1.06445
1.06138
1.05839
1.05711
1.05858
1.06279
1.06884
1.07541
1.08129
1.08571
1.08835
1.08924
1.08861
1.08675
1.08388
1.07998
1.07489
1.06857
1.06144
1.05466
1.05008
1.05004
1.05655
1.07023
1.08958
1.1112
1.13097
1.14526
1.15178
1.14997
1.14103
1.1277
1.11346
1.10141
1.0934
1.08957
1.08861
1.0885
1.08731
1.08388
1.07818
1.0712
1.06444
1.0593
1.05673
1.05724
1.06089
1.06736
1.07598
1.08582
1.09578
1.10461
1.11084
1.11298
1.10992
1.10128
1.08774
1.07101
1.05353
1.03767
1.02503
1.01601
1.01011
1.00664
1.00539
1.00665
1.01082
1.01766
1.02602
1.03404
1.03993
1.04297
1.0439
1.04443
1.04605
1.04929
1.05394
1.05961
1.06574
1.07141
1.07541
1.0766
1.07426
1.06809
1.05811
1.04465
1.02852
1.05928
1.01955
0.987973
0.968086
0.960943
0.965059
0.97755
0.995551
1.01694
1.04038
1.06512
1.09068
1.11645
1.14124
1.16334
1.18095
1.19281
1.1986
1.19886
1.19456
1.18671
1.17629
1.1643
1.15153
1.13838
1.12488
1.11111
1.09764
1.08557
1.07632
1.07124
1.0709
1.07451
1.07983
1.08375
1.08343
1.07734
1.06593
1.05173
1.03867
1.03052
1.02919
1.03407
1.04301
1.05386
1.06522
1.07648
1.08748
1.09834
1.10962
1.12218
1.13658
1.15255
1.16896
1.18448
1.19833
1.2105
1.22109
1.2299
1.23625
1.2392
1.23793
1.23217
1.22239
1.20992
1.1966
1.18407
1.17303
1.16303
1.15297
1.14203
1.13048
1.11967
1.11112
1.10544
1.10228
1.10085
1.10021
1.09915
1.09646
1.09144
1.08446
1.07678
1.07019
1.06629
1.06613
1.07015
1.07833
1.0902
1.10491
1.12128
1.13817
1.15495
1.17187
1.18967
1.2085
1.22697
1.24251
1.25273
1.25663
1.07831
1.05678
1.03996
1.02968
1.02599
1.02773
1.03343
1.04157
1.05059
1.05891
1.06507
1.06807
1.06753
1.06369
1.05731
1.04935
1.04084
1.03299
1.02727
1.02525
1.02803
1.03582
1.04808
1.06351
1.07995
1.09501
1.10692
1.11479
1.11819
1.11686
1.11083
1.10064
1.08748
1.07303
1.05912
1.04716
1.03766
1.03018
1.02368
1.01722
1.01052
1.00417
0.999466
0.997793
0.999983
1.00617
1.01614
1.02977
1.04697
1.06717
1.08878
1.10935
1.12624
1.13739
1.14174
1.13924
1.13078
1.11791
1.10273
1.08755
1.07462
1.06568
1.06158
1.06208
1.0659
1.07113
1.0758
1.0785
1.07863
1.07641
1.0725
1.06756
1.06212
1.05668
1.05208
1.04958
1.05055
1.05591
1.06561
1.07846
1.09236
1.10464
1.11259
1.11408
1.10801
1.09454
1.07515
1.05252
1.0301
1.01167
1.00062
0.999073
1.00718
1.023
1.04321
1.06428
1.08338
1.09864
1.10913
1.11463
