-6.1755
-6.15975
-6.13841
-6.11286
-6.08062
-6.04343
-6.0006
-5.95276
-5.90077
-5.84597
-5.79231
-5.74149
-5.6972
-5.6575
-5.62672
-5.60387
-5.58585
-5.57167
-5.55864
-5.5457
-5.53354
-5.52236
-5.51247
-5.50589
-5.50399
-5.50598
-5.51244
-5.52095
-5.52968
-5.5376
-5.54508
-5.55081
-5.55528
-5.55999
-5.56364
-5.56774
-5.56945
-5.568
-5.56327
-5.55446
-5.54244
-5.52914
-5.51365
-5.49905
-5.48616
-5.47385
-5.46567
-5.46259
-5.46243
-5.46449
-5.46679
-5.47074
-5.47542
-5.48092
-5.48888
-5.4966
-5.50519
-5.51105
-5.51486
-5.51825
-5.51669
-5.51172
-5.50532
-5.49749
-5.48863
-5.48014
-5.47545
-5.4732
-5.47569
-5.48066
-5.48658
-5.49122
-5.49401
-5.49492
-5.49366
-5.48993
-5.48827
-5.48684
-5.48634
-5.48878
-5.49207
-5.49711
-5.50261
-5.50802
-5.51393
-5.51886
-5.52227
-5.52551
-5.52963
-5.53313
-5.53592
-5.53651
-5.53584
-5.5311
-5.52242
-5.51066
-5.4946
-5.4769
-5.45832
-5.44095
-5.36752
-5.32003
-5.27968
-5.24877
-5.22516
-5.2103
-5.19903
-5.18803
-5.17574
-5.16322
-5.15003
-5.14014
-5.13513
-5.13842
-5.15222
-5.17432
-5.20458
-5.2394
-5.27425
-5.30504
-5.32966
-5.34534
-5.35273
-5.35094
-5.34162
-5.32556
-5.30197
-5.27131
-5.23491
-5.19878
-5.16883
-5.14886
-5.13972
-5.14177
-5.15216
-5.1633
-5.17313
-5.1795
-5.1797
-5.17272
-5.16244
-5.14993
-5.13691
-5.12627
-5.11821
-5.1126
-5.10997
-5.11104
-5.11387
-5.11899
-5.12431
-5.12988
-5.13535
-5.14153
-5.14905
-5.15999
-5.1748
-5.19073
-5.20634
-5.21841
-5.22517
-5.2257
-5.2226
-5.21641
-5.20866
-5.20234
-5.19449
-5.18852
-5.18413
-5.18013
-5.17734
-5.1737
-5.1709
-5.1667
-5.16433
-5.16337
-5.16613
-5.17411
-5.18804
-5.20575
-5.22448
-5.24451
-5.26312
-5.27919
-5.28993
-5.29698
-5.30139
-5.3038
-5.30348
-5.30202
-5.29757
-5.2896
-5.28038
-5.27163
-5.26413
-5.25966
-5.2617
-5.26678
-5.27595
-5.28406
-5.26299
-5.2433
-5.2204
-5.19603
-5.17092
-5.14737
-5.1297
-5.11821
-5.11313
-5.11284
-5.11642
-5.12137
-5.12688
-5.13386
-5.14159
-5.15298
-5.16606
-5.17973
-5.19059
-5.19558
-5.19254
-5.18585
-5.17769
-5.16996
-5.16478
-5.16376
-5.16167
-5.15578
-5.14492
-5.1252
-5.10052
-5.07555
-5.05637
-5.04678
-5.04659
-5.05369
-5.06315
-5.07333
-5.08174
-5.08922
-5.09731
-5.10686
-5.11593
-5.12614
-5.13537
-5.14197
-5.14309
-5.13892
-5.12912
-5.11828
-5.109
-5.10353
-5.10297
-5.10672
-5.1107
-5.11251
-5.10674
-5.09479
-5.07909
-5.06054
-5.04454
-5.03263
-5.0235
-5.01676
-5.01348
-5.01212
-5.01627
-5.02629
-5.04141
-5.06165
-5.08289
-5.10336
-5.11923
-5.13013
-5.13637
-5.13899
-5.13703
-5.13425
-5.12903
-5.12166
-5.11242
-5.1009
-5.08986
-5.07703
-5.06388
-5.04891
-5.03367
-5.01922
-5.00632
-4.99982
-4.99917
-5.0036
-5.01384
-5.02955
-5.04882
-5.07141
-5.09247
-5.11251
-5.12609
-5.13545
-5.08913
-5.0558
-5.02728
-5.01016
-5.00496
-5.00988
-5.01851
-5.02965
-5.04032
-5.05143
-5.05899
-5.06419
-5.06694
-5.06495
-5.0602
-5.05677
-5.05409
-5.05554
-5.06156
-5.07094
-5.08049
-5.0887
-5.09504
-5.09884
-5.10108
-5.10029
-5.0975
-5.09214
-5.08689
-5.0788
-5.07052
-5.05953
-5.04996
-5.04369
-5.04393
-5.0537
-5.07574
-5.10446
-5.1372
-5.16685
-5.1895
-5.20019
-5.19762
-5.18452
-5.16437
-5.14299
-5.12341
-5.11155
-5.1049
-5.10301
-5.10329
-5.10091
-5.09637
-5.08752
-5.0769
-5.0669
-5.05843
-5.05474
-5.05459
-5.06006
-5.06902
-5.08135
-5.0967
-5.11271
-5.12611
-5.1362
-5.13882
-5.13377
-5.1199
-5.09974
-5.07389
-5.04751
-5.02342
-5.00477
-4.99139
-4.98299
-4.97749
-4.97621
-4.97734
-4.9833
-4.99462
-5.00716
-5.01873
-5.02803
-5.03289
-5.03444
-5.03553
-5.03599
-5.04161
-5.04965
-5.05799
-5.06719
-5.0757
-5.08185
-5.08394
-5.07953
-5.06996
-5.0559
-5.03587
-5.01136
-4.90095
-4.8415
-4.79383
-4.76431
-4.75208
-4.75826
-4.7779
-4.80536
-4.8379
-4.87336
-4.91108
-4.95033
-4.98852
-5.02661
-5.05901
-5.08513
-5.10322
-5.11175
-5.11214
-5.10554
-5.09406
-5.07859
-5.06015
-5.04115
-5.02158
-5.00071
-4.9793
-4.95819
-4.94084
-4.92651
-4.91995
-4.91838
-4.92365
-4.93102
-4.93736
-4.93855
-4.92897
-4.91169
-4.89039
-4.87124
-4.85857
-4.85567
-4.86284
-4.87458
-4.89146
-4.9076
-4.92374
-4.94023
-4.95789
-4.97466
-4.99425
-5.016
-5.03981
-5.06427
-5.08724
-5.10803
-5.12597
-5.14095
-5.15311
-5.16294
-5.1666
-5.16546
-5.15666
-5.14124
-5.12284
-5.10375
-5.0839
-5.06749
-5.05265
-5.03742
-5.02115
-5.00397
-4.98776
-4.97523
-4.96852
-4.96318
-4.96058
-4.95932
-4.95789
-4.95415
-4.94678
-4.9363
-4.92464
-4.91581
-4.90995
-4.91031
-4.91604
-4.92771
-4.94597
-4.96804
-4.99274
-5.01868
-5.04416
-5.06818
-5.09488
-5.12342
-5.15098
-5.17384
-5.18993
-5.19608
-5.14115
-5.10992
-5.08558
-5.06942
-5.06418
-5.06604
-5.07489
-5.08725
-5.10064
-5.11311
-5.12266
-5.12671
-5.12559
-5.11907
-5.10904
-5.09756
-5.0851
-5.07287
-5.06368
-5.06172
-5.06497
-5.07787
-5.09778
-5.12031
-5.14633
-5.16923
-5.18558
-5.19739
-5.20144
-5.20019
-5.19129
-5.17676
-5.15717
-5.13716
-5.1175
-5.09941
-5.08517
-5.0744
-5.06419
-5.05511
-5.04475
-5.03523
-5.02832
-5.02566
-5.02925
-5.03883
-5.05257
-5.07348
-5.09913
-5.12912
-5.16019
-5.19013
-5.21547
-5.23098
-5.23765
-5.23407
-5.22061
-5.20161
-5.17808
-5.15516
-5.1353
-5.12099
-5.1144
-5.11484
-5.12088
-5.12917
-5.13603
-5.14053
-5.14208
-5.13816
-5.13199
-5.12352
-5.1149
-5.10674
-5.09999
-5.09624
-5.09799
-5.10619
-5.12028
-5.13866
-5.16102
-5.1799
-5.19258
-5.19467
-5.1851
-5.16504
-5.13642
-5.10307
-5.07064
-5.043
-5.02611
-5.02395
-5.03627
-5.06015
-5.09197
-5.12283
-5.15027
-5.17316
-5.18859
-5.19638
