15.7252
15.9321
15.2734
14.7962
14.9099
14.7683
14.7247
14.5727
14.7038
14.6948
14.9033
15.0502
14.9426
14.8962
15.0036
14.9656
15.0439
15.1136
15.1025
15.0673
15.102
14.9076
14.8378
14.808
14.8781
14.7977
14.6782
14.749
14.7434
14.6435
14.6491
14.707
14.8045
14.7745
14.7654
14.8285
14.8705
14.9036
14.8698
14.9317
14.9494
14.9481
14.954
15.003
15.0532
15.0667
15.0478
14.9936
14.9922
14.992
14.9617
14.9089
14.9305
14.9879
14.9714
14.9638
14.9989
14.952
14.9315
14.916
14.8973
14.8906
14.8955
14.8861
14.8993
14.908
14.9058
14.9518
14.9292
14.9006
14.8827
14.8917
14.9452
14.9286
14.9244
14.9226
14.9357
14.9123
14.8753
14.8561
14.8545
14.8368
14.862
14.8684
14.8507
14.8871
14.874
14.8568
14.8566
14.8337
14.841
14.818
14.8322
14.8371
14.8485
14.8313
14.809
14.8281
14.8498
14.8578
