15.074
14.4658
14.3081
14.203
13.7425
14.0364
14.4007
15.0115
14.5851
14.7023
14.9167
15.0507
15.0815
15.2651
15.5058
15.3008
15.1659
15.2156
15.0696
15.0594
14.9326
14.8281
14.9411
14.8552
15.0236
14.9781
14.8357
14.8864
14.9771
14.9576
15.0453
15.0125
14.9628
14.9848
14.9407
14.8585
14.8622
14.8944
14.8293
14.7461
14.7223
14.7364
14.7331
14.8259
14.8952
14.8718
14.882
14.8995
14.8945
14.8699
14.8511
14.8546
14.8819
14.8931
14.8607
14.8786
14.906
14.9179
14.9875
15.0087
15.0168
15.013
15.0561
15.0454
15.0022
14.9971
15.0203
15.0119
15.0524
15.0812
15.0758
15.123
15.1304
15.0945
15.0538
15.0547
15.0568
15.0597
15.0634
15.0531
15.0601
15.1098
15.1193
15.0816
15.0496
15.0536
15.0691
15.057
15.0454
15.065
15.1223
15.1229
15.0781
15.0912
15.0433
15.0226
15.0303
15.033
15.0076
14.9777
