0
0.481857
0.317036
0.297232
0.26312
0.215005
0.304418
0.270939
0.239599
0.214624
0.195863
0.178798
0.190797
0.179821
0.17641
0.234075
0.226659
0.215832
0.205831
0.195688
0.186162
0.180187
0.173271
0.168001
0.164722
0.15831
0.160927
0.158731
0.162891
0.171683
0.167373
0.162137
0.157153
0.153412
0.150196
0.156866
0.152569
0.156261
0.152311
0.149129
0.14997
0.146998
0.145411
0.142439
0.141367
0.139957
0.143245
0.140986
0.138151
0.137619
0.135022
0.132411
0.130535
0.129529
0.127236
0.125591
0.124137
0.122336
0.120959
0.11962
0.121176
0.120456
0.132796
0.130912
0.129462
0.127614
0.126028
0.124263
0.122746
0.120997
0.119375
0.117712
0.116165
0.115293
0.114925
0.11345
0.112095
0.111036
0.109645
0.108486
0.107695
0.107019
0.107449
0.106891
0.105626
0.105038
0.103843
0.102657
0.102091
0.101051
0.100194
0.0991202
0.0996146
0.0986059
0.0977744
0.0977517
0.0972113
0.0963205
0.095892
0.0958037
