0
0.206872
0.669415
0.672131
0.532906
0.457578
0.389172
0.369748
0.351469
0.314493
0.352685
0.353886
0.342837
0.320779
0.317358
0.299282
0.291833
0.283816
0.268693
0.257327
0.24722
0.30554
0.300186
0.288945
0.285866
0.286166
0.300165
0.297777
0.28738
0.295044
0.285422
0.282365
0.290517
0.283441
0.275372
0.274944
0.270695
0.265536
0.260837
0.261679
0.255825
0.249663
0.243861
0.243229
0.243004
0.238049
0.233697
0.235104
0.230261
0.225609
0.223203
0.225138
0.221896
0.225207
0.221694
0.21783
0.216839
0.218179
0.215427
0.212372
0.2097
0.206399
0.203156
0.20018
0.197517
0.194696
0.191781
0.194473
0.192966
0.192333
0.190446
0.187999
0.192983
0.191079
0.188561
0.186072
0.184109
0.183229
0.184651
0.183332
0.181061
0.179713
0.179316
0.177282
0.176071
0.177767
0.176193
0.175031
0.173054
0.172639
0.170884
0.170571
0.169326
0.167585
0.166206
0.165361
0.16517
0.164588
0.164366
0.162911
