0
0.14144
0.511337
0.395228
0.307356
0.287198
0.242755
0.265629
0.244334
0.228745
0.207407
0.190975
0.190289
0.176726
0.219626
0.218992
0.218332
0.223062
0.235152
0.228696
0.217669
0.207558
0.201835
0.193294
0.202549
0.201888
0.197622
0.190435
0.184384
0.180397
0.174963
0.173315
0.17393
0.173441
0.171486
0.169553
0.167735
0.163881
0.160359
0.173974
0.169978
0.166772
0.16458
0.160838
0.157728
0.154994
0.151717
0.149211
0.147437
0.145014
0.142226
0.139667
0.137201
0.135065
0.136619
0.134204
0.132161
0.130006
0.129604
0.127795
0.125984
0.1253
0.123304
0.122082
0.120201
0.121143
0.119323
0.117575
0.11805
0.116423
0.115225
0.113652
0.112551
0.112278
0.11077
0.109304
0.108018
0.106825
0.105767
0.105008
0.103719
0.103002
0.10179
0.100794
0.099626
0.0984612
0.0974084
0.0963627
0.0954111
0.0949397
0.0939791
0.0930375
0.0923587
0.0915856
0.0908327
0.0899668
0.0894919
0.088641
0.0888177
0.0909738
