0
0.608204
0.384957
0.29179
0.512898
0.511581
0.56542
0.782825
0.811454
0.735184
0.698709
0.651751
0.600315
0.585322
0.595719
0.593746
0.57381
0.543272
0.534228
0.506915
0.498585
0.486721
0.478617
0.466222
0.477829
0.46133
0.46622
0.452123
0.445567
0.430897
0.425883
0.413663
0.404004
0.392559
0.383719
0.381853
0.371408
0.362932
0.359453
0.360102
0.352013
0.34382
0.335747
0.340925
0.340383
0.333724
0.326706
0.320306
0.313741
0.308382
0.302858
0.296997
0.292615
0.287364
0.283947
0.279403
0.275826
0.271288
0.275595
0.271789
0.267419
0.263098
0.262443
0.258531
0.258155
0.254266
0.251521
0.247939
0.247665
0.245792
0.242366
0.243582
0.240336
0.239756
0.240023
0.236846
0.233759
0.230761
0.227851
0.225217
0.222527
0.225348
0.22282
0.223359
0.223021
0.220448
0.218452
0.216294
0.214162
0.212673
0.217974
0.215593
0.217922
0.215989
0.219005
0.217699
0.215579
0.213385
0.212743
0.212725
