0
0.608204
0.544411
0.505395
1.0258
1.14393
1.38499
2.07116
2.29514
2.20555
2.20951
2.16161
2.07955
2.11041
2.22898
2.29957
2.29524
2.23997
2.26654
2.20959
2.22974
2.23044
2.24491
2.23592
2.34087
2.30665
2.37727
2.3493
2.35772
2.32045
2.33266
2.30318
2.28539
2.25508
2.23745
2.25907
2.22845
2.20763
2.21582
2.24884
2.22633
2.20153
2.17589
2.2356
2.25785
2.23869
2.21583
2.19591
2.17366
2.15868
2.14153
2.12099
2.11008
2.09204
2.08658
2.07211
2.06409
2.04818
2.09887
2.08765
2.07142
2.05486
2.06648
2.05203
2.06524
2.04996
2.04337
2.02947
2.0423
2.04171
2.02778
2.05246
2.03932
2.04848
2.06476
2.05114
2.03786
2.02492
2.01232
2.00177
1.99034
2.02813
2.01772
2.0349
2.04402
2.03243
2.02584
2.01745
2.00902
2.00635
2.06788
2.05662
2.09023
2.08292
2.12334
2.12186
2.11223
2.1016
2.10605
2.11658
