5.21965
4.73779
4.58575
4.78092
4.9083
4.91682
4.67258
4.73507
4.75274
4.76448
4.73851
4.73815
4.83486
4.86851
4.92415
5.09017
5.03513
5.00484
5.03104
5.04386
5.04078
5.07178
5.09125
5.11777
5.08361
5.0796
5.13149
5.09761
5.15306
5.2217
5.24268
5.23763
5.23903
5.22197
5.24117
5.29863
5.29786
5.24923
5.25501
5.24084
5.2774
5.26367
5.28693
5.27666
5.25221
5.27394
5.23193
5.21734
5.22182
5.19699
5.20287
5.20457
5.21755
5.19833
5.19372
5.18098
5.16719
5.17654
5.16341
5.17627
5.20532
5.18801
5.24789
5.24052
5.25276
5.25849
5.24933
5.2443
5.23576
5.23778
5.23302
5.23429
5.23009
5.24286
5.25928
5.26257
5.25722
5.24795
5.25022
5.25713
5.26807
5.2798
5.26061
5.27307
5.27278
5.26113
5.26311
5.2637
5.27469
5.27921
5.272
5.27406
5.29166
5.28831
5.28188
5.29583
5.3054
5.30993
5.29968
5.28676
