5.50815
5.64959
5.14481
4.98521
5.01251
5.15217
5.15592
4.99356
5.06299
5.13056
5.11617
5.14114
5.21428
5.20031
5.05482
5.13065
5.20382
5.11789
5.2217
5.27205
5.26437
5.26711
5.30457
5.30011
5.21855
5.27229
5.30855
5.30942
5.32468
5.29618
5.2832
5.24661
5.29171
5.25159
5.21926
5.25048
5.28115
5.26691
5.28225
5.35865
5.36876
5.35155
5.32773
5.33139
5.31878
5.33384
5.33798
5.32367
5.30411
5.31679
5.32169
5.31416
5.32147
5.31072
5.34367
5.34723
5.35658
5.35045
5.32881
5.33853
5.34723
5.32878
5.33022
5.34346
5.34509
5.3193
5.31992
5.31778
5.29514
5.29107
5.30129
5.29833
5.28809
5.30485
5.30478
5.30506
5.2995
5.29295
5.30095
5.31189
5.31006
5.29938
5.30212
5.30882
5.30659
5.30631
5.31039
5.30678
5.3119
5.30129
5.29721
5.29322
5.30099
5.30726
5.30099
5.30491
5.29587
5.29242
5.30621
5.32956
