0 32.4086
1 30.4026
2 29.4956
3 27.5325
4 27.0771
5 25.2283
6 25.2283
7 24.0629
8 24.0629
9 24.0263
10 23.3122
11 22.0764
12 21.5279
13 20.7045
14 20.3535
15 20.2349
16 19.3738
17 17.6403
18 16.528
19 16.528
20 16.2377
21 16.2377
22 15.711
23 13.8198
24 13.8198
25 13.8198
26 13.8037
27 13.8037
28 13.8037
29 13.5389
30 13.5389
31 13.5389
32 13.5389
33 13.5337
34 13.4119
35 13.4119
36 13.1994
37 13.1994
38 13.1994
39 13.1994
40 13.1994
41 13.1994
42 13.0862
43 13.0862
44 13.0862
45 12.9106
46 12.9106
47 12.9106
48 12.4097
49 12.4097
50 10.1207
51 10.1207
52 10.1207
53 10.1207
54 9.38639
55 9.38639
56 9.38639
57 9.38639
58 9.02331
59 9.02331
60 9.02331
61 9.0083
62 8.95289
63 8.95289
64 8.95289
65 8.93588
66 8.93588
67 8.93588
68 8.93588
69 8.93588
70 8.93588
71 8.93588
72 8.93588
73 8.93588
74 7.50563
75 7.50563
76 7.50563
77 7.50563
78 7.50563
79 7.50563
80 7.50563
81 7.50563
82 7.50563
83 7.50563
84 7.50563
85 7.50563
86 7.50563
87 7.50563
88 7.50563
89 7.50563
90 7.50563
91 7.50563
92 7.50563
93 7.50563
94 7.50563
95 7.50563
96 7.50563
97 7.50563
98 7.50563
99 7.50563
100 7.50563
101 7.50563
102 7.50563
103 7.40046
104 7.40046
105 7.40046
106 7.40046
107 7.40046
108 7.33056
109 7.33056
110 7.33056
111 7.32915
112 7.32915
113 7.32915
114 7.32915
115 7.32915
116 7.32915
117 7.32915
118 7.32915
119 7.32915
120 7.32915
121 7.32915
122 7.32915
123 7.32915
124 7.32915
125 7.32915
126 7.32915
127 7.32915
128 7.32915
129 7.32915
130 7.32915
131 7.32915
132 7.32915
133 7.32915
134 7.32915
135 7.32688
136 7.32688
137 7.32688
138 7.32688
139 7.32688
140 7.32688
141 7.32688
142 7.31899
143 6.89586
144 6.89586
145 6.7329
146 6.7329
147 6.7329
148 6.7329
149 6.7329
150 6.27278
151 6.27278
152 6.27278
153 6.27278
154 6.27278
155 6.27278
156 6.27278
157 6.27278
158 6.27278
159 6.27278
160 6.27278
161 6.27278
162 6.27278
163 6.27278
164 6.27278
165 6.27278
166 6.27278
167 6.14245
168 6.14245
169 6.14245
170 6.14245
171 6.14245
172 6.14245
173 6.14245
174 6.14245
175 6.14245
176 6.14245
177 6.14245
178 6.14245
179 6.14245
180 6.14245
181 6.14245
182 6.14245
183 6.14245
184 6.14245
185 6.14245
186 6.14245
187 6.14245
188 5.97019
189 5.80239
190 5.80239
191 5.80239
192 5.80239
193 5.80239
194 5.80239
195 5.80239
196 5.80239
197 5.80239
198 5.80239
199 5.80239
200 5.80239
201 5.80239
202 5.80239
203 5.80239
204 5.80239
205 5.80239
206 5.80239
207 5.80239
208 5.80239
209 5.80239
210 5.80239
211 5.80239
212 5.80239
213 5.80239
214 5.80239
215 5.80239
216 5.80239
217 5.80239
218 5.80239
219 5.80239
220 5.80239
221 5.80239
222 5.80239
223 5.80239
224 5.80239
225 5.80239
226 5.80239
227 5.80239
228 5.80239
229 5.80239
230 5.80239
231 5.80239
232 5.80239
233 5.80239
234 5.80239
235 5.80239
236 5.80239
237 5.80239
238 5.80239
239 5.80239
240 5.80239
241 5.80239
242 5.80239
243 5.80239
244 5.80239
245 5.80239
246 5.80239
247 5.80239
248 5.80239
249 5.80239
250 5.80239
251 5.80239
252 5.80239
253 5.80239
254 5.80239
255 5.80239
256 5.80239
257 5.80239
258 5.80239
259 5.80239
260 5.80239
261 5.80239
262 5.80239
263 5.80239
264 5.80239
265 5.80239
266 5.80239
267 5.80239
268 5.80239
269 5.80239
270 5.80239
271 5.80239
272 5.80239
273 5.80239
274 5.80239
275 5.80239
276 5.80239
277 5.80239
278 5.80239
279 5.80239
280 5.80239
281 5.80239
282 5.80239
283 5.80239
284 5.80239
285 5.80239
286 5.80239
287 5.80239
288 5.80239
289 5.80239
290 5.80239
291 5.80239
292 5.80239
293 5.80239
294 5.80239
295 5.80239
296 5.80239
297 5.80239
298 5.80239
299 5.80239
