0 12.8387
1 12.6331
2 12.328
3 12.111
4 11.9795
5 10.9282
6 10.9282
7 10.3405
8 10.3405
9 10.1339
10 9.98465
11 9.98465
12 9.72772
13 9.72772
14 9.589
15 9.32086
16 9.32086
17 9.11049
18 9.11049
19 9.10726
20 8.89309
21 8.89309
22 8.3356
23 7.9805
24 7.9805
25 7.61149
26 7.61149
27 7.56897
28 7.56897
29 7.56897
30 7.56897
31 7.51909
32 7.51909
33 7.43074
34 7.38166
35 7.38166
36 7.30885
37 7.27492
38 7.27492
39 7.27492
40 7.27492
41 7.27492
42 7.27492
43 7.21417
44 7.21417
45 7.21417
46 7.21417
47 7.2101
48 7.2101
49 7.2101
50 5.75944
51 5.75944
52 5.75944
53 5.75944
54 5.75944
55 5.75944
56 5.75944
57 5.75944
58 5.75944
59 5.75944
60 5.75944
61 5.75944
62 5.75944
63 5.75944
64 5.75944
65 5.74597
66 5.74597
67 5.74597
68 5.74597
69 5.74597
70 5.74597
71 5.74597
72 5.74597
73 5.74597
74 5.74597
75 5.74597
76 5.74597
77 5.74597
78 5.74597
79 5.74597
80 5.74597
81 5.74597
82 5.74597
83 5.74597
84 5.74597
85 5.74597
86 5.74597
87 5.74597
88 5.74597
89 5.74597
90 5.74597
91 5.74597
92 5.51026
93 5.51026
94 5.51026
95 5.51026
96 5.51026
97 5.51026
98 5.51026
99 5.51026
100 5.02997
101 5.02997
102 5.02997
103 5.02997
104 5.02997
105 4.90891
106 4.90891
107 4.83317
108 4.83317
109 4.83317
110 4.83317
111 4.83317
112 4.83317
113 4.83317
114 4.83317
115 4.83317
116 4.83317
117 4.83317
118 4.83317
119 4.83317
120 4.83317
121 4.83317
122 4.83317
123 4.83317
124 4.82495
125 4.82495
126 4.82495
127 4.82495
128 4.82495
129 4.82495
130 4.82495
131 4.82495
132 4.82495
133 4.82495
134 4.82495
135 4.82495
136 4.82495
137 4.82495
138 4.82495
139 4.82495
140 4.82495
141 4.82495
142 4.82495
143 4.82495
144 4.82495
145 4.82495
146 4.82495
147 4.82495
148 4.82495
149 4.82495
150 4.82408
151 4.82408
152 4.82408
153 4.82408
154 4.82408
155 4.82408
156 4.82408
157 4.82408
158 4.82408
159 4.82408
160 4.82408
161 4.82408
162 4.82408
163 4.81204
164 4.81204
165 4.81204
166 4.81204
167 4.81204
168 4.81204
169 4.81204
170 4.81204
171 4.81204
172 4.81204
173 4.81204
174 4.81204
175 4.81204
176 4.81204
177 4.81204
178 4.81204
179 4.81204
180 4.81204
181 4.81204
182 4.81204
183 4.81204
184 4.81204
185 4.81204
186 4.81204
187 4.81204
188 4.81204
189 4.81204
190 4.81204
191 4.81204
192 4.81204
193 4.81204
194 4.81204
195 4.81204
196 4.81204
197 4.81204
198 4.81204
199 4.81204
200 4.80721
201 4.80721
202 4.80721
203 4.80721
204 4.80721
205 4.80721
206 4.80721
207 4.80721
208 4.80721
209 4.80721
210 4.80721
211 4.80721
212 4.80721
213 4.80721
214 4.80721
215 4.80721
216 4.80721
217 4.80721
218 4.80721
219 4.80721
220 4.80721
221 4.80721
222 4.80721
223 4.80721
224 4.80721
225 4.80721
226 4.80721
227 4.80721
228 4.80721
229 4.80721
230 4.80721
231 4.80721
232 4.80721
233 4.80721
234 4.80721
235 4.80721
236 4.80721
237 4.80721
238 4.80721
239 4.80721
240 4.80721
241 4.80721
242 4.80721
243 4.80721
244 4.80721
245 4.80721
246 4.80721
247 4.80721
248 4.80721
249 4.80721
250 4.80721
251 4.80721
252 4.80721
253 4.80721
254 4.80721
255 4.80721
256 4.80721
257 4.80721
258 4.80721
259 4.80721
260 4.80721
261 4.80721
262 4.80721
263 4.80721
264 4.80721
265 4.80721
266 4.80721
267 4.80721
268 4.80721
269 4.80721
270 4.80721
271 4.80721
272 4.80721
273 4.80721
274 4.80721
275 4.80721
276 4.80721
277 4.80721
278 4.80721
279 4.80721
280 4.80721
281 4.80721
282 4.80721
283 4.80721
284 4.80721
285 4.80721
286 4.80721
287 4.80721
288 4.80721
289 4.80721
290 4.80721
291 4.80721
292 4.80721
293 4.80721
294 4.80721
295 4.80721
296 4.80721
297 4.80721
298 4.80721
299 4.80721
