0 12.8387
1 12.8387
2 12.5678
3 12.1049
4 11.4065
5 11.2331
6 10.7485
7 10.7485
8 10.7485
9 10.2362
10 10.2362
11 10.1878
12 9.57943
13 9.57943
14 9.57943
15 9.56093
16 9.56093
17 9.29509
18 9.27197
19 9.27197
20 8.96702
21 8.96702
22 8.91002
23 8.90476
24 8.65403
25 8.65403
26 8.65403
27 8.65403
28 8.53332
29 8.53332
30 8.23205
31 7.87992
32 7.66497
33 7.66497
34 7.66497
35 7.28183
36 7.28183
37 7.28183
38 7.28183
39 7.28183
40 7.16998
41 7.16998
42 7.15564
43 7.15564
44 7.15564
45 7.15564
46 7.15564
47 7.13735
48 6.74907
49 6.74907
50 5.75944
51 5.75944
52 5.75944
53 5.75944
54 5.74361
55 5.74361
56 5.74361
57 5.66787
58 5.66787
59 5.66787
60 5.66787
61 5.66787
62 5.66787
63 5.57417
64 5.57417
65 5.57417
66 5.57417
67 5.43216
68 5.43216
69 5.33846
70 5.33846
71 5.33846
72 5.33846
73 5.33846
74 5.25059
75 5.25059
76 5.25059
77 5.20079
78 5.20079
79 5.20079
80 5.20079
81 5.20079
82 5.20079
83 5.20079
84 5.20079
85 5.20079
86 5.20079
87 5.20079
88 5.20079
89 5.20079
90 5.20079
91 5.20079
92 5.20079
93 5.20079
94 5.20079
95 5.20079
96 5.20079
97 5.20079
98 5.02997
99 5.02997
100 5.02997
101 5.02997
102 5.02997
103 5.02997
104 5.02997
105 5.02997
106 5.02997
107 5.02997
108 5.02997
109 5.02997
110 5.02997
111 5.02997
112 5.02997
113 5.02997
114 5.02997
115 5.02997
116 5.02997
117 5.02997
118 5.02997
119 5.02997
120 5.02997
121 5.02997
122 5.02197
123 5.02197
124 5.02197
125 4.85551
126 4.84779
127 4.84779
128 4.84779
129 4.84296
130 4.84296
131 4.84296
132 4.84296
133 4.84296
134 4.84296
135 4.84296
136 4.84296
137 4.84296
138 4.84296
139 4.84296
140 4.84296
141 4.84296
142 4.84296
143 4.84296
144 4.84296
145 4.84296
146 4.84296
147 4.84296
148 4.84296
149 4.84296
150 4.82408
151 4.82408
152 4.82408
153 4.82408
154 4.82408
155 4.82408
156 4.82408
157 4.82408
158 4.82408
159 4.82408
160 4.82408
161 4.82408
162 4.82408
163 4.82408
164 4.82408
165 4.82408
166 4.82408
167 4.82408
168 4.82408
169 4.82408
170 4.82408
171 4.81204
172 4.81204
173 4.81204
174 4.81204
175 4.81204
176 4.81204
177 4.81204
178 4.81204
179 4.81204
180 4.81204
181 4.81204
182 4.81204
183 4.81204
184 4.81204
185 4.81204
186 4.81204
187 4.81204
188 4.81204
189 4.81204
190 4.81204
191 4.81204
192 4.81204
193 4.81204
194 4.81204
195 4.81204
196 4.81204
197 4.81204
198 4.81204
199 4.81204
200 4.80721
201 4.80721
202 4.80721
203 4.80721
204 4.80721
205 4.80721
206 4.80721
207 4.80721
208 4.80721
209 4.80721
210 4.80721
211 4.80721
212 4.80721
213 4.80721
214 4.80721
215 4.80721
216 4.80721
217 4.80721
218 4.80721
219 4.80721
220 4.80721
221 4.80721
222 4.80721
223 4.80721
224 4.80721
225 4.80721
226 4.80721
227 4.80721
228 4.80721
229 4.80721
230 4.80721
231 4.80721
232 4.80721
233 4.80721
234 4.80721
235 4.80721
236 4.80721
237 4.80721
238 4.80721
239 4.80721
240 4.80721
241 4.80721
242 4.80721
243 4.80721
244 4.80721
245 4.80721
246 4.80721
247 4.80721
248 4.80721
249 4.80721
250 4.80721
251 4.80721
252 4.80721
253 4.80721
254 4.80721
255 4.80721
256 4.80721
257 4.80721
258 4.80721
259 4.80721
260 4.80721
261 4.80721
262 4.80721
263 4.80721
264 4.80721
265 4.80721
266 4.80721
267 4.80721
268 4.80721
269 4.80721
270 4.80721
271 4.80721
272 4.80721
273 4.80721
274 4.80721
275 4.80721
276 4.80721
277 4.80721
278 4.80721
279 4.80721
280 4.80721
281 4.80721
282 4.80721
283 4.80721
284 4.80721
285 4.80721
286 4.80721
287 4.80721
288 4.80721
289 4.80721
290 4.80721
291 4.80721
292 4.80721
293 4.80721
294 4.80721
295 4.80721
296 4.80721
297 4.80721
298 4.80721
299 4.80721
