0 12.8387
1 12.4162
2 11.944
3 11.3183
4 11.0984
5 11.071
6 10.9026
7 10.9026
8 10.613
9 10.2299
10 10.2079
11 9.53732
12 9.49658
13 9.46297
14 9.14016
15 9.14016
16 8.71633
17 8.09765
18 8.09765
19 7.71346
20 7.29907
21 7.29907
22 7.29907
23 6.82903
24 6.82903
25 6.82903
26 6.78531
27 6.78531
28 6.62644
29 6.62644
30 6.58273
31 6.56749
32 6.56749
33 6.56749
34 6.56749
35 6.56749
36 6.56749
37 6.53697
38 6.42975
39 6.42975
40 6.41279
41 6.41279
42 6.26943
43 6.26943
44 6.26943
45 6.20003
46 5.89447
47 5.75944
48 5.75944
49 5.75944
50 5.75944
51 5.75944
52 5.75944
53 5.75944
54 5.75944
55 5.75652
56 5.75652
57 5.75652
58 5.52082
59 5.52082
60 5.52082
61 5.52082
62 5.52082
63 5.52082
64 5.52082
65 5.3111
66 5.3111
67 5.3111
68 5.3111
69 5.3111
70 5.3111
71 5.3111
72 5.3111
73 5.3111
74 5.3111
75 5.3111
76 5.3111
77 5.3111
78 5.3111
79 5.3111
80 5.3111
81 5.3111
82 5.3111
83 5.3111
84 5.3111
85 5.3111
86 5.3111
87 5.3111
88 5.3111
89 5.3111
90 5.3111
91 5.3111
92 5.3111
93 5.3111
94 5.3111
95 5.3111
96 5.3111
97 5.3111
98 5.3111
99 5.27135
100 5.02997
101 5.02997
102 5.02997
103 4.9652
104 4.83317
105 4.83317
106 4.83317
107 4.83317
108 4.83317
109 4.83317
110 4.83317
111 4.83317
112 4.83317
113 4.83317
114 4.83317
115 4.83317
116 4.83317
117 4.83317
118 4.83317
119 4.83317
120 4.83317
121 4.83317
122 4.83317
123 4.83317
124 4.82495
125 4.82495
126 4.82495
127 4.82495
128 4.82495
129 4.82495
130 4.82495
131 4.82495
132 4.82495
133 4.82495
134 4.82495
135 4.82495
136 4.82495
137 4.82495
138 4.82495
139 4.82495
140 4.82495
141 4.82495
142 4.82495
143 4.82495
144 4.82495
145 4.82495
146 4.82495
147 4.82495
148 4.82495
149 4.82495
150 4.82408
151 4.82408
152 4.82408
153 4.82408
154 4.82408
155 4.82408
156 4.82408
157 4.82408
158 4.82408
159 4.82408
160 4.82408
161 4.82408
162 4.82408
163 4.81204
164 4.81204
165 4.81204
166 4.81204
167 4.81204
168 4.81204
169 4.81204
170 4.81204
171 4.81204
172 4.81204
173 4.81204
174 4.81204
175 4.81204
176 4.81204
177 4.81204
178 4.81204
179 4.81204
180 4.81204
181 4.81204
182 4.81204
183 4.81204
184 4.81204
185 4.81204
186 4.81204
187 4.81204
188 4.81204
189 4.81204
190 4.81204
191 4.81204
192 4.81204
193 4.81204
194 4.81204
195 4.81204
196 4.81204
197 4.81204
198 4.81204
199 4.81204
200 4.80721
201 4.80721
202 4.80721
203 4.80721
204 4.80721
205 4.80721
206 4.80721
207 4.80721
208 4.80721
209 4.80721
210 4.80721
211 4.80721
212 4.80721
213 4.80721
214 4.80721
215 4.80721
216 4.80721
217 4.80721
218 4.80721
219 4.80721
220 4.80721
221 4.80721
222 4.80721
223 4.80721
224 4.80721
225 4.80721
226 4.80721
227 4.80721
228 4.80721
229 4.80721
230 4.80721
231 4.80721
232 4.80721
233 4.80721
234 4.80721
235 4.80721
236 4.80721
237 4.80721
238 4.80721
239 4.80721
240 4.80721
241 4.80721
242 4.80721
243 4.80721
244 4.80721
245 4.80721
246 4.80721
247 4.80721
248 4.80721
249 4.80721
250 4.80721
251 4.80721
252 4.80721
253 4.80721
254 4.80721
255 4.80721
256 4.80721
257 4.80721
258 4.80721
259 4.80721
260 4.80721
261 4.80721
262 4.80721
263 4.80721
264 4.80721
265 4.80721
266 4.80721
267 4.80721
268 4.80721
269 4.80721
270 4.80721
271 4.80721
272 4.80721
273 4.80721
274 4.80721
275 4.80721
276 4.80721
277 4.80721
278 4.80721
279 4.80721
280 4.80721
281 4.80721
282 4.80721
283 4.80721
284 4.80721
285 4.80721
286 4.80721
287 4.80721
288 4.80721
289 4.80721
290 4.80721
291 4.80721
292 4.80721
293 4.80721
294 4.80721
295 4.80721
296 4.80721
297 4.80721
298 4.80721
299 4.80721
