0 32.4086
1 29.2646
2 28.6503
3 26.925
4 24.3281
5 24.026
6 23.919
7 23.6697
8 23.3582
9 23.1875
10 21.771
11 20.7863
12 20.1983
13 19.8997
14 19.1735
15 18.853
16 18.7934
17 18.7934
18 18.4471
19 18.4471
20 18.4471
21 18.399
22 17.1994
23 17.1994
24 17.1994
25 17.1402
26 16.8423
27 15.9369
28 15.9369
29 15.9369
30 15.9369
31 15.9235
32 15.6118
33 15.5534
34 14.989
35 14.9203
36 14.9203
37 14.2306
38 14.2306
39 14.2306
40 14.2162
41 14.2162
42 13.8555
43 13.2252
44 12.3501
45 12.1294
46 11.7687
47 11.7687
48 11.7257
49 11.4297
50 10.1207
51 10.1207
52 10.1207
53 10.1207
54 10.1207
55 10.0699
56 10.0699
57 10.0699
58 10.0699
59 10.0699
60 10.0699
61 10.0699
62 10.0699
63 10.0699
64 10.0699
65 10.069
66 10.069
67 10.069
68 10.069
69 10.069
70 10.069
71 10.069
72 10.069
73 10.069
74 10.069
75 10.069
76 10.069
77 10.069
78 10.069
79 10.069
80 10.069
81 10.069
82 10.069
83 9.97398
84 9.97398
85 9.97398
86 9.97398
87 9.63589
88 9.63589
89 9.53944
90 9.53944
91 9.53944
92 9.53944
93 9.53944
94 9.53944
95 9.53944
96 9.53944
97 9.53944
98 9.53944
99 9.53937
100 7.50563
101 7.50563
102 7.50563
103 7.43433
104 7.43433
105 7.43433
106 7.10866
107 7.10866
108 7.10866
109 7.10866
110 7.10866
111 7.10866
112 7.10866
113 7.10866
114 7.10866
115 7.10866
116 7.10866
117 7.10866
118 6.94325
119 6.94325
120 6.94325
121 6.65069
122 6.65069
123 6.65069
124 6.65069
125 6.65069
126 6.65069
127 6.65069
128 6.65069
129 6.65069
130 6.65069
131 6.65069
132 6.54551
133 6.54551
134 6.54551
135 6.54551
136 6.54551
137 6.54551
138 6.54551
139 6.54551
140 6.54551
141 6.54551
142 6.54551
143 6.54551
144 6.54551
145 6.54474
146 6.54474
147 6.54474
148 6.54474
149 6.54474
150 6.27278
151 6.27278
152 6.27278
153 6.10965
154 6.10965
155 6.10965
156 6.10965
157 6.10965
158 6.10965
159 6.10965
160 6.10965
161 6.10965
162 6.10965
163 6.10965
164 6.10965
165 6.10965
166 6.10965
167 6.10965
168 6.10965
169 6.10965
170 6.10965
171 6.10965
172 6.10965
173 6.10965
174 6.10965
175 6.10965
176 6.10965
177 6.10965
178 6.10965
179 6.10965
180 6.10965
181 6.10965
182 6.10965
183 6.10965
184 6.10965
185 6.10965
186 6.10965
187 6.10965
188 6.10965
189 6.10965
190 6.10965
191 6.10965
192 6.10965
193 6.10965
194 6.10965
195 6.10965
196 6.10965
197 6.10965
198 6.10965
199 6.10965
200 5.80239
201 5.80239
202 5.80239
203 5.80239
204 5.80239
205 5.80239
206 5.80239
207 5.80239
208 5.80239
209 5.80239
210 5.80239
211 5.80239
212 5.80239
213 5.80239
214 5.80239
215 5.80239
216 5.80239
217 5.80239
218 5.80239
219 5.80239
220 5.80239
221 5.80239
222 5.80239
223 5.80239
224 5.80239
225 5.80239
226 5.80239
227 5.80239
228 5.80239
229 5.80239
230 5.80239
231 5.80239
232 5.80239
233 5.80239
234 5.80239
235 5.80239
236 5.80239
237 5.80239
238 5.80239
239 5.80239
240 5.80239
241 5.80239
242 5.80239
243 5.80239
244 5.80239
245 5.80239
246 5.80239
247 5.80239
248 5.80239
249 5.80239
250 5.80239
251 5.80239
252 5.80239
253 5.80239
254 5.80239
255 5.80239
256 5.80239
257 5.80239
258 5.80239
259 5.80239
260 5.80239
261 5.80239
262 5.80239
263 5.80239
264 5.80239
265 5.80239
266 5.80239
267 5.80239
268 5.80239
269 5.80239
270 5.80239
271 5.80239
272 5.80239
273 5.80239
274 5.80239
275 5.80239
276 5.80239
277 5.80239
278 5.80239
279 5.80239
280 5.80239
281 5.80239
282 5.80239
283 5.80239
284 5.80239
285 5.80239
286 5.80239
287 5.80239
288 5.80239
289 5.80239
290 5.80239
291 5.80239
292 5.80239
293 5.80239
294 5.80239
295 5.80239
296 5.80239
297 5.80239
298 5.80239
299 5.80239
