0 32.4086
1 30.1561
2 30.1561
3 27.248
4 27.0511
5 25.91
6 24.1871
7 24.1871
8 23.7359
9 23.7359
10 22.6936
11 21.8743
12 20.5109
13 18.0276
14 17.512
15 17.3872
16 17.3872
17 17.3872
18 17.3872
19 16.2897
20 15.7886
21 15.7738
22 15.1811
23 15.1811
24 14.0879
25 14.0879
26 13.8678
27 13.8678
28 13.8678
29 13.8678
30 13.8678
31 13.2407
32 13.2407
33 13.1587
34 13.0412
35 12.8043
36 12.8043
37 12.5809
38 11.9336
39 11.9336
40 11.9336
41 11.9336
42 11.9336
43 10.4179
44 10.4179
45 10.4179
46 10.4179
47 10.4179
48 10.4179
49 10.1207
50 10.1207
51 10.1207
52 10.1207
53 10.1207
54 10.1207
55 10.1207
56 10.1207
57 10.1207
58 9.68616
59 9.68616
60 9.66948
61 9.58957
62 9.58957
63 9.58957
64 9.57362
65 9.57289
66 9.57289
67 9.57289
68 9.57289
69 9.57289
70 9.57289
71 9.57289
72 9.57081
73 9.57081
74 9.57081
75 9.57081
76 9.57081
77 9.57081
78 9.57081
79 9.57081
80 9.57081
81 9.57081
82 9.57081
83 9.57081
84 9.57081
85 9.57081
86 9.57081
87 9.57081
88 9.57081
89 9.52205
90 9.52205
91 9.52205
92 9.52205
93 9.52205
94 9.52205
95 9.44962
96 9.44962
97 9.44962
98 9.44962
99 9.42498
100 7.50563
101 7.50563
102 7.50563
103 7.43433
104 7.43433
105 7.43433
106 7.10866
107 7.10866
108 7.10866
109 7.10866
110 7.10866
111 7.10866
112 7.10866
113 7.10866
114 6.69859
115 6.69859
116 6.69859
117 6.69859
118 6.69859
119 6.67742
120 6.67742
121 6.67742
122 6.40139
123 6.40139
124 6.38023
125 6.38023
126 6.38023
127 6.38023
128 6.38023
129 6.38023
130 6.38023
131 6.38023
132 6.38023
133 6.38023
134 6.38023
135 6.38023
136 6.38023
137 6.38023
138 6.38023
139 6.38023
140 6.38023
141 6.38023
142 6.38023
143 6.38023
144 6.38023
145 6.38023
146 6.38023
147 6.38023
148 6.38023
149 6.38023
150 6.27278
151 6.27278
152 6.27278
153 6.27278
154 6.27278
155 6.27278
156 6.27278
157 6.27278
158 6.27278
159 6.27278
160 6.27278
161 6.27278
162 6.27278
163 6.27278
164 6.27278
165 6.27278
166 6.27278
167 6.27278
168 6.27278
169 6.27278
170 6.27278
171 6.27278
172 6.27278
173 6.27278
174 6.27278
175 6.27278
176 6.27278
177 6.27278
178 6.27278
179 6.27278
180 6.27278
181 6.27278
182 6.27278
183 6.27278
184 6.27278
185 6.27278
186 6.27278
187 6.27278
188 6.27278
189 6.27278
190 6.27278
191 6.27278
192 6.27278
193 6.27278
194 6.27278
195 6.27278
196 6.27278
197 6.27278
198 6.27278
199 6.27278
200 5.80239
201 5.80239
202 5.80239
203 5.80239
204 5.80239
205 5.80239
206 5.80239
207 5.80239
208 5.80239
209 5.80239
210 5.80239
211 5.80239
212 5.80239
213 5.80239
214 5.80239
215 5.80239
216 5.80239
217 5.80239
218 5.80239
219 5.80239
220 5.80239
221 5.80239
222 5.80239
223 5.80239
224 5.80239
225 5.80239
226 5.80239
227 5.80239
228 5.80239
229 5.80239
230 5.80239
231 5.80239
232 5.80239
233 5.80239
234 5.80239
235 5.80239
236 5.80239
237 5.80239
238 5.80239
239 5.80239
240 5.80239
241 5.80239
242 5.80239
243 5.80239
244 5.80239
245 5.80239
246 5.80239
247 5.80239
248 5.80239
249 5.80239
250 5.80239
251 5.80239
252 5.80239
253 5.80239
254 5.80239
255 5.80239
256 5.80239
257 5.80239
258 5.80239
259 5.80239
260 5.80239
261 5.80239
262 5.80239
263 5.80239
264 5.80239
265 5.80239
266 5.80239
267 5.80239
268 5.80239
269 5.80239
270 5.80239
271 5.80239
272 5.80239
273 5.80239
274 5.80239
275 5.80239
276 5.80239
277 5.80239
278 5.80239
279 5.80239
280 5.80239
281 5.80239
282 5.80239
283 5.80239
284 5.80239
285 5.80239
286 5.80239
287 5.80239
288 5.80239
289 5.80239
290 5.80239
291 5.80239
292 5.80239
293 5.80239
294 5.80239
295 5.80239
296 5.80239
297 5.80239
298 5.80239
299 5.80239
