0 32.4086
1 29.8741
2 28.8211
3 26.5161
4 26.5161
5 24.3809
6 24.1455
7 22.6749
8 22.5306
9 21.416
10 21.1399
11 19.9411
12 19.9245
13 19.7759
14 18.0738
15 18.0738
16 17.9426
17 17.8406
18 16.778
19 15.7397
20 15.7397
21 15.7397
22 15.7397
23 15.7397
24 15.5708
25 15.4762
26 15.3368
27 15.3368
28 15.3368
29 14.6161
30 14.2466
31 14.2466
32 13.3165
33 13.2393
34 13.2393
35 13.2393
36 13.2393
37 13.1244
38 12.5697
39 11.641
40 11.641
41 11.641
42 11.1831
43 11.1831
44 11.1831
45 11.1831
46 11.1831
47 11.183
48 11.183
49 11.146
50 10.1207
51 10.1207
52 10.1207
53 10.1207
54 10.1207
55 10.1207
56 10.1207
57 10.1207
58 10.1207
59 10.1207
60 10.1207
61 10.1207
62 10.1207
63 10.1207
64 10.1207
65 10.1207
66 10.0862
67 10.0862
68 10.0862
69 10.0862
70 10.0862
71 10.0842
72 10.0842
73 10.0842
74 10.0842
75 10.0842
76 10.0842
77 10.0842
78 10.0842
79 10.0842
80 10.0842
81 10.0842
82 10.0842
83 10.0842
84 10.0842
85 10.0842
86 10.0842
87 9.64961
88 9.64961
89 9.64961
90 9.64961
91 9.64961
92 9.64961
93 9.64961
94 9.64961
95 9.64961
96 9.64961
97 9.64961
98 9.64961
99 9.64961
100 7.50563
101 7.50563
102 7.50563
103 7.50563
104 7.50563
105 7.50563
106 7.40046
107 7.33065
108 7.33065
109 7.33065
110 7.33065
111 7.33065
112 7.33065
113 7.33065
114 7.33065
115 7.33065
116 7.33065
117 6.91286
118 6.91286
119 6.91286
120 6.91286
121 6.61567
122 6.61567
123 6.61567
124 6.61567
125 6.61567
126 6.61567
127 6.51049
128 6.51049
129 6.51049
130 6.51049
131 6.51049
132 6.51049
133 6.51049
134 6.51049
135 6.51049
136 6.51049
137 6.35528
138 6.35528
139 6.35528
140 6.35528
141 6.29395
142 6.29395
143 6.29395
144 6.29395
145 6.27278
146 6.27278
147 6.27278
148 6.27278
149 6.27278
150 6.27278
151 6.27278
152 6.27278
153 6.27278
154 6.27278
155 6.27278
156 6.27278
157 6.27278
158 6.27278
159 6.27278
160 6.27278
161 6.27278
162 6.27278
163 6.27278
164 6.27278
165 6.27278
166 6.27278
167 6.27278
168 6.27278
169 6.27278
170 6.27278
171 6.27278
172 6.27278
173 6.27278
174 6.27278
175 6.27278
176 6.27278
177 6.27278
178 6.27278
179 6.27278
180 6.27278
181 6.27278
182 6.27278
183 6.27278
184 6.27278
185 6.27278
186 6.27278
187 6.27278
188 6.27278
189 6.27278
190 6.27278
191 6.27278
192 6.27278
193 6.27278
194 6.27278
195 6.27278
196 6.27278
197 6.27278
198 6.27278
199 6.27278
200 5.80239
201 5.80239
202 5.80239
203 5.80239
204 5.80239
205 5.80239
206 5.80239
207 5.80239
208 5.80239
209 5.80239
210 5.80239
211 5.80239
212 5.80239
213 5.80239
214 5.80239
215 5.80239
216 5.80239
217 5.80239
218 5.80239
219 5.80239
220 5.80239
221 5.80239
222 5.80239
223 5.80239
224 5.80239
225 5.80239
226 5.80239
227 5.80239
228 5.80239
229 5.80239
230 5.80239
231 5.80239
232 5.80239
233 5.80239
234 5.80239
235 5.80239
236 5.80239
237 5.80239
238 5.80239
239 5.80239
240 5.80239
241 5.80239
242 5.80239
243 5.80239
244 5.80239
245 5.80239
246 5.80239
247 5.80239
248 5.80239
249 5.80239
250 5.80239
251 5.80239
252 5.80239
253 5.80239
254 5.80239
255 5.80239
256 5.80239
257 5.80239
258 5.80239
259 5.80239
260 5.80239
261 5.80239
262 5.80239
263 5.80239
264 5.80239
265 5.80239
266 5.80239
267 5.80239
268 5.80239
269 5.80239
270 5.80239
271 5.80239
272 5.80239
273 5.80239
274 5.80239
275 5.80239
276 5.80239
277 5.80239
278 5.80239
279 5.80239
280 5.80239
281 5.80239
282 5.80239
283 5.80239
284 5.80239
285 5.80239
286 5.80239
287 5.80239
288 5.80239
289 5.80239
290 5.80239
291 5.80239
292 5.80239
293 5.80239
294 5.80239
295 5.80239
296 5.80239
297 5.80239
298 5.80239
299 5.80239
