0 12.8387
1 12.8387
2 12.2633
3 11.8216
4 11.3959
5 11.3959
6 11.0765
7 11.0765
8 11.0765
9 10.7792
10 10.7792
11 10.4856
12 10.3663
13 10.182
14 9.55279
15 9.55279
16 9.36969
17 8.76144
18 8.76144
19 8.76144
20 8.03948
21 8.03948
22 8.03948
23 8.03948
24 8.03948
25 8.03948
26 8.03948
27 8.00426
28 8.00426
29 8.00426
30 8.00036
31 8.00036
32 8.00036
33 8.00036
34 7.83554
35 7.83171
36 7.83171
37 7.82802
38 7.82802
39 7.663
40 7.65931
41 7.50361
42 7.50361
43 7.30872
44 7.30872
45 7.22881
46 6.87351
47 6.83169
48 6.83169
49 6.83169
50 5.75944
51 5.75944
52 5.75944
53 5.75944
54 5.52373
55 5.52373
56 5.52373
57 5.52373
58 5.52373
59 5.44799
60 5.44799
61 5.44799
62 5.44799
63 5.44799
64 5.44799
65 5.44799
66 5.44799
67 5.44799
68 5.44799
69 5.44799
70 5.44799
71 5.43293
72 5.43293
73 5.43293
74 5.43293
75 5.43293
76 5.41138
77 5.41138
78 5.41138
79 5.41138
80 5.41138
81 5.40999
82 5.40999
83 5.23553
84 5.23553
85 5.23553
86 5.23553
87 5.23553
88 5.23553
89 5.23553
90 5.23553
91 5.20256
92 5.20256
93 5.20256
94 5.20256
95 5.1956
96 5.1956
97 5.1956
98 5.1956
99 5.1956
100 5.02997
101 5.02997
102 5.02997
103 5.02997
104 5.02997
105 5.02997
106 5.02997
107 5.02997
108 5.02997
109 5.02997
110 5.02997
111 5.02997
112 4.89529
113 4.89529
114 4.8564
115 4.85551
116 4.85551
117 4.85551
118 4.85551
119 4.85551
120 4.8484
121 4.8484
122 4.8484
123 4.8484
124 4.8484
125 4.8484
126 4.8484
127 4.8484
128 4.8484
129 4.8484
130 4.8484
131 4.8484
132 4.8484
133 4.8484
134 4.8484
135 4.8484
136 4.8484
137 4.8484
138 4.8484
139 4.8484
140 4.8484
141 4.8484
142 4.8484
143 4.8484
144 4.84296
145 4.84018
146 4.84018
147 4.84018
148 4.84018
149 4.83475
150 4.82408
151 4.82408
152 4.82408
153 4.82408
154 4.82408
155 4.82408
156 4.82408
157 4.82408
158 4.82408
159 4.82408
160 4.82408
161 4.82408
162 4.82408
163 4.81204
164 4.81204
165 4.80721
166 4.80721
167 4.80721
168 4.80721
169 4.80721
170 4.80721
171 4.80721
172 4.80721
173 4.80721
174 4.80721
175 4.80721
176 4.80721
177 4.80721
178 4.80721
179 4.80721
180 4.80721
181 4.80721
182 4.80721
183 4.80721
184 4.80721
185 4.80721
186 4.80721
187 4.80721
188 4.80721
189 4.80721
190 4.80721
191 4.80721
192 4.80721
193 4.80721
194 4.80721
195 4.80721
196 4.80721
197 4.80721
198 4.80721
199 4.80721
200 4.80721
201 4.80721
202 4.80721
203 4.80721
204 4.80721
205 4.80721
206 4.80721
207 4.80721
208 4.80721
209 4.80721
210 4.80721
211 4.80721
212 4.80721
213 4.80721
214 4.80721
215 4.80721
216 4.80721
217 4.80721
218 4.80721
219 4.80721
220 4.80721
221 4.80721
222 4.80721
223 4.80721
224 4.80721
225 4.80721
226 4.80721
227 4.80721
228 4.80721
229 4.80721
230 4.80721
231 4.80721
232 4.80721
233 4.80721
234 4.80721
235 4.80721
236 4.80721
237 4.80721
238 4.80721
239 4.80721
240 4.80721
241 4.80721
242 4.80721
243 4.80721
244 4.80721
245 4.80721
246 4.80721
247 4.80721
248 4.80721
249 4.80721
250 4.80721
251 4.80721
252 4.80721
253 4.80721
254 4.80721
255 4.80721
256 4.80721
257 4.80721
258 4.80721
259 4.80721
260 4.80721
261 4.80721
262 4.80721
263 4.80721
264 4.80721
265 4.80721
266 4.80721
267 4.80721
268 4.80721
269 4.80721
270 4.80721
271 4.80721
272 4.80721
273 4.80721
274 4.80721
275 4.80721
276 4.80721
277 4.80721
278 4.80721
279 4.80721
280 4.80721
281 4.80721
282 4.80721
283 4.80721
284 4.80721
285 4.80721
286 4.80721
287 4.80721
288 4.80721
289 4.80721
290 4.80721
291 4.80721
292 4.80721
293 4.80721
294 4.80721
295 4.80721
296 4.80721
297 4.80721
298 4.80721
299 4.80721
