45.058
47.4695
46.6513
47.186
47.9133
47.7468
48.0475
47.4685
44.3633
44.2037
44.2322
44.2322
43.7081
43.6743
43.6743
45.2888
45.2888
44.48
44.48
44.48
45.7472
44.2971
44.7893
44.9377
44.9377
44.9377
44.9377
44.9377
44.6782
42.1462
42.7906
41.9387
42.1212
43.3111
43.3111
42.6255
42.6702
39.9761
40.8421
40.5245
41.6451
42.0657
41.165
41.1141
41.2546
41.2546
41.2546
42.6658
40.5823
40.5823
40.5823
40.5823
40.5823
40.6508
42.2053
41.998
41.3873
38.9919
37.8893
37.8893
37.9644
38.5834
39.731
36.9595
35.1868
35.1868
36.1856
37.4861
37.5545
37.2419
37.2804
37.2804
37.1305
37.1305
36.9618
35.8248
35.8248
32.618
29.8924
28.4494
26.0303
26.0303
24.1612
25.2102
25.1421
23.8978
22.9021
20.7792
18.4332
18.4332
19.0857
19.0857
17.3614
17.519
16.7827
15.9992
16.0213
16.0213
16.0213
14.0908
14.0908
16.1275
14.9657
14.9657
12.4672
12.4672
12.4672
14.1129
14.1129
14.9282
15.0647
15.0647
14.2079
14.2079
14.2079
14.2079
14.2079
14.5544
15.4562
15.7588
15.7588
16.9969
15.4433
15.9712
15.9712
15.9712
15.153
14.1201
14.1201
11.8982
12.8759
12.8759
14.4297
14.4297
14.3487
14.3487
14.3487
14.3487
14.3487
15.9893
15.023
15.023
15.023
11.0927
11.6504
9.25654
6.4902
5.98639
5.98639
5.98639
5.98639
6.34891
4.45132
6.35565
4.52002
4.52002
4.52002
5.30229
5.30341
5.30341
4.56075
5.84987
5.84987
5.49767
6.13887
6.13887
7.34576
7.34576
10.5695
9.81147
9.45203
8.31938
8.59436
9.1557
9.1557
9.1557
9.82617
7.59024
7.59024
7.95578
7.95578
7.0064
5.89607
4.36712
4.36712
4.36712
4.07175
4.07175
4.15707
5.02508
4.51469
4.70679
3.426
4.06595
4.06595
2.69753
5.65166
5.65166
5.77293
5.77293
7.85064
6.21052
9.11363
5.67816
3.44519
3.96192
5.05074
5.05074
5.05074
4.50694
3.27604
3.27604
5.25938
5.25938
6.26584
6.26584
6.26584
6.48026
4.84727
6.55947
6.12804
4.92097
4.92097
5.68081
5.68081
4.29415
4.29415
4.29415
4.29415
4.24227
2.68965
5.55719
6.49589
6.49589
4.41476
4.41476
4.41476
4.41476
4.41476
2.61397
2.61397
4.35759
4.35759
4.35759
4.35759
3.16292
3.16292
3.16292
1.12127
2.24979
5.54168
4.93956
7.893
7.893
8.6141
7.25747
8.44095
9.71886
9.71886
9.71886
9.52551
9.52551
9.52551
9.40156
8.10668
6.24247
3.41268
3.41268
3.05314
3.05314
2.26703
2.26703
2.26703
2.26703
2.26703
2.26703
3.19713
3.19713
4.47182
6.47297
6.47297
3.73571
3.73571
2.77541
2.77541
2.77541
2.37035
2.37035
2.37035
2.37035
2.37035
2.78526
2.95065
2.95065
2.95065
2.95065
4.38091
5.4802
8.01372
5.25178
5.25178
4.70188
5.80265
7.77933
7.77933
9.87415
9.87415
11.2446
11.2446
9.50491
9.50491
9.50491
9.50491
8.1993
8.1993
8.1993
5.5839
5.13255
5.13255
5.13255
4.70351
6.08185
6.75498
6.75498
8.25058
8.25058
8.25058
7.24966
7.30509
5.97397
5.97397
5.97397
8.29673
8.29673
6.14486
4.32669
4.32669
7.69657
8.29401
7.18021
7.18021
6.66642
6.83897
4.24426
4.78778
3.09352
3.09352
3.09352
4.06812
4.06812
4.06812
4.06812
4.06812
4.15142
4.15142
3.50712
1.9728
1.9728
1.9728
2.95647
2.95647
2.1331
2.1331
2.1331
2.1331
4.92146
3.39725
3.39725
5.51082
4.47658
4.47658
7.07602
6.51305
8.07263
8.07263
8.07263
8.07263
8.07263
9.72299
9.72299
9.72299
9.72299
10.617
8.95696
8.95696
9.10779
9.10779
9.10779
7.06753
7.06753
8.02656
6.65645
6.65645
6.65645
6.65645
5.53256
5.53256
5.53256
1.63163
1.70425
1.79352
1.79352
3.71539
3.71539
3.71539
4.72958
3.20711
4.29285
4.29285
5.04472
3.29308
3.29308
3.29308
3.32462
3.32462
3.52933
6.74779
6.74779
6.74779
6.74779
6.74779
6.74779
6.74779
6.74779
5.35927
4.71798
2.22784
2.64514
5.53442
5.53442
5.53442
6.54783
3.827
4.87252
4.87252
4.87252
5.68144
4.25394
4.25394
4.91742
4.91742
6.80803
6.80803
6.80803
8.76785
8.99699
8.99699
8.99699
8.99699
7.80352
7.80352
7.40256
6.84893
5.38866
5.38866
5.46304
8.00583
8.00583
8.77768
8.77768
7.27841
6.03606
6.03606
5.59287
5.48868
5.48868
6.34762
8.03337
9.43994
6.89555
5.95909
6.02492
6.02492
6.02492
7.14454
6.43937
9.3373
5.77259
5.77259
4.79959
4.58417
5.63665
8.44902
11.0266
11.0266
9.95643
9.95643
11.7948
10.0345
11.2438
11.4491
12.1697
12.1697
10.6349
10.1183
10.1183
6.47657
6.27235
6.27235
4.20613
2.97677
2.78504
2.78504
2.78504
2.78116
2.78116
5.88441
5.88441
5.88441
8.05726
7.99688
6.14297
6.14297
6.14297
6.14297
3.31375
3.31375
6.07559
6.07559
6.07559
5.6714
4.76638
5.1813
6.55045
8.02584
8.12802
8.11473
5.23738
7.51444
8.92507
8.92507
8.92507
9.09539
8.49738
8.49738
8.8986
7.32264
7.32264
7.7807
5.7588
5.7588
5.7588
5.7588
3.53308
1.36145
3.85715
3.85715
4.39876
4.39876
4.39876
4.39876
4.39876
6.29009
6.29009
4.77933
4.24351
4.24351
6.38524
6.38524
6.38524
6.38524
6.38524
4.66517
6.16661
6.80154
6.83296
6.83296
5.48709
5.48709
6.53985
6.53985
4.23367
4.23367
4.23367
4.23367
4.23367
4.23367
4.23367
4.12015
6.76323
6.76323
7.83768
7.83768
8.87986
7.66776
7.66776
7.66776
9.57295
9.31456
9.31456
8.95556
8.95556
7.90942
8.01841
10.3238
10.6537
10.6537
10.6537
7.82166
8.53933
6.74937
7.27761
8.27529
8.53414
8.53414
8.53414
9.24813
7.92234
8.04673
8.04673
8.02314
7.12236
6.90084
6.90084
7.62413
7.92162
7.92162
9.84017
9.84017
9.4745
9.5588
9.5588
9.5588
9.5588
9.5588
9.5588
11.6388
12.3005
12.1226
12.477
12.477
11.4464
12.2328
12.3678
12.2078
10.3922
9.15043
9.15043
9.71112
8.08562
6.8888
6.8888
6.8888
9.07237
9.07237
11.0936
11.0482
11.0482
11.0482
11.0482
12.0156
11.0153
11.0153
12.1065
13.6548
13.6548
13.6208
14.8652
14.9134
12.4226
13.0995
13.0995
12.2842
11.485
10.432
7.81885
7.81885
7.03543
5.90706
5.90706
7.92116
10.8803
7.77946
7.80715
7.80715
7.80715
7.17904
6.92481
6.92481
5.93043
5.93043
3.4689
2.49187
2.49187
2.49187
1.71346
1.71346
1.1512
1.1512
1.1512
3.30646
3.30646
3.1259
3.1259
3.1259
4.86507
5.96011
5.44509
3.47504
3.47504
3.47504
3.57004
3.57004
4.88634
4.88634
3.55067
3.55067
3.55067
1.05767
1.05767
1.05767
1.05767
1.05767
3.08099
3.08099
3.08099
3.08099
3.08099
3.08099
3.08099
3.08099
3.08099
3.08099
3.08099
3.57337
3.57337
3.57337
4.06656
4.06656
4.06656
4.06656
4.06656
4.06656
4.08293
4.08293
5.20084
5.20084
5.20084
5.7392
4.50108
4.50108
3.41769
3.41769
5.01109
5.01109
2.54526
2.54526
2.54526
4.29723
1.46747
1.46747
3.25864
3.25864
3.25864
2.85348
2.85348
2.85348
4.13267
4.13267
4.56848
5.49586
5.49586
5.54983
6.61807
3.78887
3.35065
2.0026
3.08102
3.90546
3.30139
2.6976
2.6976
2.6976
2.6976
2.44076
4.88916
4.88916
4.88916
4.88916
4.2284
4.2284
4.2284
4.2284
2.6489
3.43876
4.90372
3.20311
2.292
2.292
2.292
2.292
2.292
4.44488
4.44488
7.51577
9.33992
9.09862
7.44306
7.44306
5.78712
5.78712
6.35772
6.35772
6.35772
4.88171
5.08005
5.72769
5.17937
5.17937
5.88775
7.16784
7.16784
7.16784
7.16784
7.72142
4.99536
4.02349
1.57487
1.72504
1.72504
1.72504
1.72504
3.09046
3.20643
3.20643
3.20643
3.20643
3.20643
3.20643
3.20643
3.42303
3.42303
3.42303
3.02196
3.39684
2.32387
2.32387
2.48769
2.48769
2.48769
2.48769
2.48769
4.24301
4.24301
6.43816
6.43816
6.43816
6.43816
6.9665
9.01179
9.01179
9.01179
7.69912
8.46097
7.65384
8.34225
8.4022
7.07634
7.07634
7.07634
7.07634
6.20911
5.79683
7.13881
7.13881
7.26237
7.21877
6.98086
6.98086
8.14745
6.9746
7.52632
5.7483
5.7483
4.18952
4.18952
4.18952
5.86066
7.66364
6.19999
6.06659
6.06659
6.06659
6.06659
4.90702
4.90702
2.05525
3.98861
4.77203
2.91146
3.04667
3.04667
1.79939
4.65726
5.03138
4.04037
5.47292
3.68428
1.8274
4.95448
6.53127
6.53127
4.67114
4.22327
3.90025
6.63569
6.63569
5.85637
5.85637
6.39635
8.61733
8.97279
8.97279
8.97279
8.97279
8.2613
9.00507
9.00507
9.00507
9.00507
7.16127
8.54223
7.4793
7.4793
7.4793
4.27115
4.27115
2.38968
4.35387
4.35387
2.64593
2.64593
5.60705
5.63401
4.3716
5.78098
7.92358
7.92358
7.92358
7.3834
7.3834
7.27153
7.27153
3.2162
3.2162
3.2162
3.2162
3.2162
3.2162
4.56113
4.09036
4.86462
6.17911
8.15684
8.15684
8.15684
8.15684
8.72086
8.99224
8.99224
8.29452
8.29452
8.29452
8.29452
8.29452
8.29452
7.34628
6.15793
6.15793
6.15793
6.15793
6.85972
7.5024
7.38002
8.38019
9.40623
7.7737
7.7737
5.43261
5.12029
2.60242
4.48049
4.83152
5.84946
5.84946
5.37266
4.51068
4.87273
4.87273
6.67824
6.67824
6.47889
6.47889
6.47889
7.48817
5.58526
5.58526
5.58526
5.58526
5.58526
4.88925
4.88925
4.71788
6.44999
6.44999
6.44999
5.8346
5.8346
5.8346
3.6555
5.13069
5.13069
5.38297
5.12554
5.56172
5.94829
5.94829
4.84875
3.6582
3.6582
3.6582
3.6582
3.6582
3.6582
3.6582
3.6582
3.6582
3.6582
3.6582
3.31631
3.31631
4.82389
4.82389
4.82389
4.82389
4.82389
4.82389
4.82389
3.92095
3.23345
3.23345
3.23345
3.23345
3.23345
3.23345
5.12398
2.34886
2.34886
4.83776
3.982
4.35644
1.9793
2.31579
2.31579
1.01442
1.36007
2.00337
2.00337
2.87243
5.15284
2.6508
2.6508
2.6508
2.6508
2.73379
2.73379
2.50674
2.50674
2.50674
2.50674
3.79845
4.52519
4.52519
4.408
4.70966
3.21536
3.21536
3.21536
3.21536
2.59284
3.60071
3.46793
3.41198
3.41198
3.41198
3.41198
3.41198
0.766911
2.82624
2.82624
3.1806
0.956019
0.956019
2.84673
2.84673
2.84673
2.84673
2.06183
3.36801
1.60675
1.81733
1.81733
1.81733
1.81733
3.86381
2.73953
2.73953
2.73953
2.73953
2.73953
2.73953
2.73953
2.73953
2.73953
2.73953
2.73953
2.73953
2.73953
2.73953
2.73953
2.73953
2.73953
2.66176
1.4725
4.12399
4.12399
3.77892
3.77892
3.77892
3.77892
3.77892
3.77892
3.77892
3.77892
3.77892
1.74213
1.74213
4.08494
4.08494
5.02291
5.02291
5.02291
5.02291
4.31293
4.976
4.976
4.45894
4.45894
4.45894
6.53613
5.63448
8.8691
8.8691
7.73825
7.73825
6.93358
4.80412
4.80412
4.80412
2.36862
4.5936
2.03493
2.97061
5.23927
6.26098
6.26098
3.30063
5.24144
5.24144
5.24144
5.46534
7.26899
8.89603
8.42423
8.42423
5.7982
4.8927
5.65273
5.65273
6.24833
6.24833
6.51331
6.51331
6.51331
6.51331
3.81879
2.97054
1.56823
4.9109
4.9109
5.29019
3.83966
3.78735
3.16827
5.57696
5.98752
5.98752
6.26864
6.85001
6.85001
7.09117
6.73386
6.73386
3.98391
3.54609
5.95909
5.95909
5.3643
4.14393
3.97406
3.97406
3.95156
3.95156
4.04424
6.23727
5.43568
5.43568
4.69051
4.69051
4.69051
4.73083
5.4277
5.4277
6.26853
4.29931
5.19537
5.63309
5.63309
5.92357
5.92357
5.15143
5.15143
5.61219
5.61219
5.61219
5.61219
5.61219
6.74769
7.46583
6.8401
6.8401
6.32439
3.06241
1.34554
1.34554
1.34554
2.16825
2.16825
2.16825
2.73154
2.73154
2.73154
1.12317
1.12317
1.12317
2.96577
2.96577
2.96577
2.96577
2.96577
2.79239
3.87174
5.54887
4.94235
4.94235
4.38485
5.50741
5.50741
4.59371
4.59371
4.10674
6.08021
6.08021
6.08021
5.77143
6.44484
7.51253
7.51253
7.51253
7.22936
7.22936
5.74235
5.74235
4.41573
5.28983
5.16698
5.16698
5.16698
6.40854
6.40854
6.40854
6.40854
6.40854
5.48452
5.48452
5.48452
5.48452
4.55772
4.55772
4.55772
4.55772
4.55772
3.80375
6.57968
8.77149
9.25864
8.52978
7.17796
7.17796
8.07864
8.13123
8.13123
6.57993
7.9804
5.7977
5.7977
5.7977
6.84927
6.58792
6.58792
7.53217
7.57682
7.57682
8.68121
8.86139
7.27171
7.27171
8.13587
7.56728
7.56728
6.43375
6.43375
6.43375
6.61907
6.61907
7.10131
4.80981
4.65686
4.65686
5.82051
5.73607
5.73607
5.73607
3.78582
5.27621
6.80783
6.80783
7.55438
7.93045
7.93045
7.26738
7.26738
4.11788
5.66965
5.66965
5.66965
6.16912
6.16912
6.53286
6.53286
5.7144
4.88014
5.65268
4.73038
5.76557
5.44539
6.99081
6.99081
6.99081
5.30844
5.37324
5.37324
5.37324
5.37324
5.37324
5.37324
5.37324
6.98207
6.98207
6.16301
6.16301
6.16301
6.16301
6.7984
8.83775
8.37994
8.37994
6.185
6.69309
6.69309
6.69309
6.69309
6.10234
6.10234
6.27182
6.81605
6.81605
4.70803
4.70803
5.25464
6.05327
6.05327
4.56044
4.56044
6.06839
6.06839
6.06839
6.06839
6.30365
4.31533
4.31533
2.55343
2.55343
2.55343
2.55343
2.55343
2.55343
4.66731
4.66731
6.41696
6.57051
6.50091
5.95202
5.95202
4.65123
4.24346
6.06977
6.06977
6.06977
7.30525
7.30525
7.39216
6.03937
2.69159
3.01649
1.7051
1.7051
1.679
1.69336
1.69336
3.82737
2.20671
1.26626
1.26626
1.26626
4.55453
4.55453
4.55453
4.55453
4.55453
6.51024
8.52118
11.2679
8.90669
8.90669
7.89581
9.95593
8.67809
8.67809
8.50589
7.51066
7.51066
7.96867
6.88178
8.11108
8.11108
8.11108
8.11108
5.39904
5.53602
5.53602
5.53602
5.68392
5.68392
5.41512
8.24654
8.3474
8.3474
7.54266
5.46901
3.42725
2.08206
2.08206
2.08206
3.48524
3.48524
5.64379
5.64379
5.64379
6.70953
4.22066
2.73415
4.79421
5.83377
5.83377
7.84289
7.84289
10.2116
10.2116
11.4822
11.4822
12.0636
12.0636
12.0636
12.7342
12.7342
12.7342
12.7342
12.7342
12.4925
11.7403
11.7403
11.7403
9.76813
9.76813
7.69961
7.94793
7.94793
6.64847
6.64847
6.64847
5.15615
5.88114
5.88114
5.88114
4.35189
4.95955
4.95955
6.74212
5.33841
5.33841
5.33841
5.33841
5.33841
6.62079
4.23189
3.72635
3.72635
5.43107
5.43107
3.85353
3.85353
1.63136
1.68613
1.68613
1.68613
1.68613
1.68613
1.68613
1.68613
1.68613
1.68613
1.68613
1.68613
3.18268
3.18268
3.18268
3.18268
3.18268
3.18268
1.89802
1.89802
4.47015
6.4366
4.2557
5.3082
5.3082
4.03109
4.07021
4.07021
4.07021
5.64634
5.64634
5.64634
5.64634
5.64634
7.01838
5.4565
3.25108
4.74495
2.54899
3.98009
3.98009
2.0136
2.0136
2.0136
1.96379
4.01972
4.01972
4.01972
4.01972
4.01972
4.70854
4.70854
4.70854
5.03138
5.09434
5.09434
5.55126
3.86182
3.30426
3.30426
1.87673
2.76421
2.76421
2.7111
2.7111
2.7111
3.55563
3.55563
3.55563
1.95537
1.95537
1.51548
1.51548
2.44302
5.10736
6.34057
5.79738
5.79738
5.79738
5.79738
5.79738
5.79738
6.49193
6.49193
8.991
9.64114
9.64114
9.22888
9.22888
6.81851
7.64871
5.28988
5.28988
4.28932
4.88265
4.88265
4.88265
4.88265
4.88265
7.3274
6.94258
7.95325
8.95186
8.95186
8.15504
8.02987
8.14913
9.13533
9.13533
9.13533
7.62934
6.14781
6.14781
6.14781
6.14781
6.14781
6.14781
6.14781
6.14781
6.14781
7.16594
7.86926
6.79017
7.66841
6.18202
6.05167
6.05167
6.05167
6.05167
3.88137
3.88137
3.88137
3.88137
3.88137
4.61927
4.84506
4.84506
5.69987
8.07543
9.61873
7.76338
7.76338
7.76338
7.76338
7.76338
6.74774
6.74774
4.85168
6.04196
5.67617
5.67617
5.67617
5.67617
3.66676
3.66676
3.66676
3.66676
3.66676
3.66676
3.66676
3.66676
6.92106
5.04957
3.69077
3.69077
3.76173
3.76173
4.1806
4.1806
5.41019
5.41019
6.36758
6.36758
7.97639
8.46962
8.46962
9.34747
6.3358
6.3358
4.32103
4.32103
5.88639
7.29169
7.29169
6.99325
6.99325
5.06522
5.21718
5.21718
5.21718
5.21718
5.21718
5.8088
5.8088
6.99043
6.19943
6.34863
4.23888
6.83571
5.4706
6.03382
4.65108
3.30624
4.92662
7.01045
6.3741
6.3741
6.33693
6.33693
6.33693
6.33693
6.2691
4.90573
5.27742
4.32875
1.32097
1.32097
2.73324
3.15138
4.81329
4.08702
2.56788
2.56788
4.55034
4.55034
3.4681
7.02252
5.71279
5.06727
2.83343
2.83343
2.83343
1.79814
1.79814
1.79814
4.78092
4.78092
4.78092
2.6383
3.23552
4.14103
4.14103
4.24325
4.24325
4.24325
4.24325
4.24325
4.24325
4.64583
3.79695
3.79695
3.79695
5.50648
5.37147
4.77813
5.18272
5.18272
5.18272
5.18272
5.84989
5.84989
4.28876
6.74541
6.07297
5.29418
5.29418
5.29418
1.73966
1.73966
1.73966
1.73966
1.73966
1.73966
1.73966
1.73966
3.30801
3.30801
3.30801
3.30801
3.30801
3.30801
3.30801
3.30801
3.93428
3.93428
3.25542
3.25542
3.25542
3.25542
4.23988
1.92278
1.92278
1.92278
1.29409
4.31806
3.92218
3.92218
7.05399
3.66447
5.59675
5.59675
4.71312
4.71312
4.71312
4.71312
4.71312
4.71312
4.27666
2.67803
5.31191
5.31191
5.31191
5.61667
5.61667
4.88722
2.50973
2.50973
2.50973
2.50973
5.4807
4.70502
3.15377
2.91024
1.94629
4.6474
5.45647
5.45647
5.45647
5.45647
5.45647
4.50471
3.6413
3.6413
3.6413
3.9628
2.27381
2.27381
2.27381
2.27381
4.50571
4.50571
5.76053
5.76053
5.76053
6.29713
6.29713
7.43468
5.92436
5.32429
5.50178
5.63941
5.63941
5.46854
5.46854
5.46854
5.46854
6.49478
6.49478
7.3852
6.17466
6.43601
6.43601
6.82872
6.82872
3.55305
3.55305
3.379
3.379
0.867827
0.867827
0.867827
3.34695
3.34695
3.34695
2.22257
3.20667
2.62421
2.62421
3.20147
4.38442
4.38442
2.32771
2.32771
2.53445
5.9757
4.1587
4.1587
4.1587
4.1587
4.1587
2.99621
2.99621
2.99621
2.99621
3.45094
3.45094
3.45094
3.45094
3.45094
4.40501
4.40501
4.40501
4.26819
4.26819
4.26819
2.86872
1.10218
3.86621
3.86621
3.86621
4.20319
4.15403
4.15403
2.71802
4.04279
2.56445
4.14911
4.14911
4.14911
4.14911
5.90816
5.90816
5.90816
5.90816
5.86268
5.86268
5.86268
3.11662
3.11662
3.11662
4.6189
4.6189
4.6189
6.36165
6.36165
6.36165
4.78133
6.49335
6.49335
5.96053
4.39597
4.39597
2.09767
2.09767
2.09767
2.09767
2.09767
2.09767
2.09767
4.54889
4.54889
3.21384
4.36808
4.36808
4.36808
5.61646
5.61646
2.99176
