21.9999
22.7095
22.6764
21.8731
21.4332
21.4332
21.0803
20.2134
20.2134
20.2134
19.0772
19.0772
18.7375
18.1686
18.1686
18.2408
18.2408
18.1026
18.1026
18.2491
18.4335
17.4116
17.4116
17.893
17.745
17.0834
17.0834
17.0834
16.5509
15.6133
15.281
15.3108
14.447
13.5098
13.5098
13.5098
13.5098
13.3041
13.3185
12.7963
12.7115
12.7115
12.0086
12.0086
11.6526
11.6526
10.9536
11.2807
11.6897
11.6897
11.6897
11.6329
11.2985
11.2985
11.392
10.6322
10.6322
10.1833
10.1833
10.2955
10.2955
10.7141
10.5589
10.5589
10.325
10.4988
10.5193
11.5069
11.241
11.3225
11.4921
10.4865
10.2914
10.7181
10.0392
9.39787
8.65309
8.65309
9.47902
9.09442
9.25538
9.07727
9.07727
9.06063
8.96546
8.42764
8.86137
8.68975
8.68975
8.68975
8.46842
8.46842
8.14457
7.98754
8.39087
8.39087
8.81559
8.81559
8.23619
7.95382
7.23793
6.88018
6.77761
6.63911
6.63911
5.93633
5.74239
5.99363
6.01655
5.75914
5.75914
5.10657
5.09763
4.70499
4.70499
4.53135
4.82743
4.79852
5.0695
5.0695
5.0695
5.81417
5.81417
6.23198
5.15234
5.15234
5.11511
4.52134
4.04895
3.77756
4.00138
3.74829
3.74829
3.63251
3.58331
3.1314
3.1314
3.0484
3.11056
2.92397
2.71021
2.24249
2.24249
2.61225
2.59597
2.84957
2.49532
2.65906
3.24851
2.98637
2.98637
3.09935
3.07657
2.51123
2.51123
2.74864
1.87008
1.87008
1.20188
1.17598
0.66004
0.66004
0.66004
0.66004
1.03734
1.03734
1.39441
1.5215
2.53832
2.53832
2.53832
2.53832
3.22559
2.9813
3.25425
3.25425
2.53505
2.20578
2.01722
2.51156
3.04473
3.05042
3.05042
3.05042
2.52577
2.17091
2.96095
2.11826
2.11826
2.11826
2.11826
2.3328
2.55627
3.0502
2.24894
1.92346
2.1352
2.1352
2.30551
2.18944
2.62114
2.98157
2.6621
1.9316
1.9316
2.52599
2.81473
1.77376
2.19684
2.47474
1.74028
1.55315
1.96652
1.96652
2.09983
2.09983
2.63936
2.54988
2.54988
2.19514
3.38914
3.81969
3.81969
3.81969
3.06711
2.91376
2.91376
1.85325
1.87186
1.60616
1.56674
2.67486
2.3366
2.3366
2.57811
2.59447
2.62492
2.62492
2.62492
2.62492
2.62492
2.91619
1.98992
2.16608
1.79177
1.43233
1.94885
1.59764
1.70441
2.09751
2.09751
1.48642
1.98021
1.98021
1.90964
1.61396
1.79181
1.79181
1.10683
1.10683
0.999456
0.999456
0.999456
1.05309
1.05309
1.05309
0.304404
0.304404
0.304404
0.738259
0.987666
0.649905
0.649905
0.649905
0.649905
0.649905
1.15513
1.26414
2.02382
2.02382
1.94417
1.94417
1.94417
1.94417
1.67229
1.92913
1.92913
1.92913
1.98039
1.98039
1.98039
2.77272
2.77272
2.77272
2.77272
2.37736
2.46553
3.12661
3.09026
2.62192
2.62192
3.04839
2.14114
1.86146
1.86146
1.21991
1.70979
1.4161
1.48116
1.47806
1.28001
1.28001
1.28001
1.46113
1.46113
1.74781
1.74781
1.53073
1.13923
1.13923
1.13923
1.13923
1.13923
1.13923
1.13923
1.13923
1.13923
1.052
0.833887
0.613507
0.613507
0.613507
1.15185
0.551513
0.807645
0.807645
0.807645
0.480218
0.525515
0.47922
0.47922
0.47922
0.47922
0.47922
0.47922
0.801571
0.710944
0.577842
0.577842
0.577842
0.577842
0.577842
0.764354
0.764354
0.764354
0.919716
0.919716
0.639245
0.661766
0.661766
0.765448
0.580953
0.580953
0.857882
0.857882
1.61625
1.42892
1.88515
1.63515
1.63515
1.63858
2.35823
3.09738
2.29722
1.21812
1.21812
1.21812
1.21812
1.33317
0.690197
0.602145
0.602145
1.12836
1.12836
1.59862
1.59862
1.32182
1.37102
1.66748
1.59749
1.27357
0.960932
0.960932
0.960932
0.960932
1.06756
1.16206
1.16206
1.26583
0.690301
1.36193
1.41457
1.41457
1.41457
1.37924
1.37924
1.37924
1.50064
1.50064
1.35046
1.60813
1.65223
1.54623
2.21011
2.69347
2.55294
3.04162
2.38106
2.51279
1.93467
0.908788
0.863941
0.863941
0.863941
0.828364
0.828364
0.828364
1.35449
1.43283
1.11458
1.11458
1.13668
1.13668
1.96517
1.55836
1.75096
1.75096
1.75096
1.75096
2.30985
2.01736
2.68987
2.752
2.752
3.38431
3.38431
3.38431
3.42999
3.42999
3.12132
3.12132
3.08074
2.23293
1.93052
1.41706
2.26019
2.10563
2.10563
1.80311
1.80311
1.20923
1.20923
1.20923
0.597501
0.597501
0.597501
0.597501
1.72413
2.12437
2.12437
2.12437
2.86919
2.86919
2.71541
1.80249
1.05255
1.91115
1.72769
0.489451
0.489451
0.489451
0.489451
0.589528
1.39153
1.39153
1.39153
1.02248
1.076
1.3327
1.14257
1.14257
0.951335
1.09966
1.33632
1.5085
1.96674
1.74967
1.74967
1.90534
2.29023
2.046
2.14593
2.20643
2.60242
3.58125
3.58125
3.97744
3.48677
3.44973
3.54196
3.64804
3.64804
3.35871
3.35871
3.3886
3.56652
3.56652
2.52143
2.52143
1.54033
0.574208
0.487119
0.487119
0.487119
0.353853
0.137581
0.137581
0.137581
0.137581
0.137581
0.748196
0.748196
1.19227
1.19227
0.644011
1.32999
1.67432
1.67432
1.67432
2.00784
1.66265
1.66265
1.66265
1.66265
1.86613
0.9723
0.9723
0.9723
0.910124
0.910124
0.910124
0.910124
1.42937
1.42937
1.42937
1.81481
1.53
1.53
1.53
2.19375
2.19375
2.24653
2.24653
2.24653
2.19795
1.99717
1.99717
1.59073
1.59073
1.51848
1.51848
2.06995
2.06995
2.20486
2.20486
2.28616
2.95393
2.20426
2.20426
1.48371
1.2267
1.50607
1.50607
2.00611
1.94962
1.94962
1.94962
2.1164
1.95037
1.63961
1.63961
1.67921
1.07839
1.41021
1.71466
1.71466
1.06329
0.959477
1.02601
1.02601
0.853759
0.853759
0.978319
0.978319
0.767841
0.767841
0.863939
0.901459
0.901459
0.901459
0.778188
0.778188
0.601467
0.601467
0.601467
0.116162
0.116162
0.739274
0.739274
0.739274
1.10312
1.10312
1.10312
1.10312
0.24823
0.24823
1.11008
1.58561
1.58561
1.48881
1.48881
1.48881
1.18831
1.34061
1.41845
1.41845
1.47336
1.47336
2.27147
2.27147
2.27147
2.08125
2.08125
2.08125
2.29232
1.98585
1.66509
1.88804
2.48433
1.90807
1.90807
1.98246
1.23973
1.29067
1.51211
1.51211
1.73157
2.30003
2.30003
2.30003
1.66971
1.70192
1.63225
1.93564
1.93564
2.94099
2.94099
2.2726
2.25547
1.98901
1.3665
2.18275
2.18275
2.07887
1.9646
1.9646
1.12694
1.12694
1.05675
1.05675
1.16791
1.71059
1.17892
1.17892
1.17892
1.32003
1.32003
1.32003
1.32003
0.709299
0.709299
0.709299
0.762187
0.762187
0.942507
0.942507
1.47538
1.9273
1.99466
1.14628
1.22822
1.22822
1.22822
1.10071
1.10071
0.690099
0.690099
0.690099
0.81113
0.81113
0.521267
0.521267
0.521267
0.521267
1.39717
1.39717
1.39717
1.57349
1.57349
1.57349
1.57349
1.06204
1.984
2.04438
1.78955
2.04871
1.56713
2.14333
1.80649
1.39885
1.39885
1.31451
1.31451
1.59231
1.59231
1.62316
1.62316
1.75104
1.29054
1.10542
1.10542
1.10542
0.48777
0.48777
0.593727
0.593727
0.593727
0.593727
0.593727
0.593727
0.593727
0.593727
0.593727
0.593727
0.593727
0.593727
0.593727
0.593727
0.593727
0.593727
0.593727
0.593727
0.871615
2.01963
1.94686
2.74421
2.85735
2.85735
2.65169
2.74608
1.44961
1.44961
1.44961
1.25393
1.20483
1.47634
1.47634
1.47634
1.47634
1.47634
1.47634
1.1622
1.59425
1.23441
1.92582
1.56698
2.01648
1.12021
1.12021
0.938256
0.938256
0.938256
1.66377
1.66377
2.45247
2.45247
1.8733
2.87917
3.1483
2.40155
2.40155
2.97183
3.08449
2.77428
2.64188
1.7582
2.00092
2.03
2.03
2.34268
2.78983
2.78983
2.84251
2.614
2.44633
2.37546
1.51729
1.55489
1.53134
1.41688
1.91001
1.71197
1.86409
1.86409
2.06838
2.28221
2.28221
2.23897
1.789
1.49066
2.31072
2.31072
2.31072
3.53112
3.12126
3.29122
3.29122
3.51465
3.51465
2.88535
2.88535
2.51542
2.67446
2.4479
2.63959
2.06762
2.06762
2.06762
1.97136
1.50841
1.50841
1.50841
1.50841
1.50841
1.36027
0.55122
1.01829
1.23415
0.966778
0.966778
1.34493
1.34493
1.34925
2.69564
2.69564
2.71237
2.2471
2.10506
1.93254
0.93762
0.93762
0.93762
1.50086
1.50086
1.82179
1.82179
1.73083
2.31961
3.2053
2.47183
2.72818
2.72818
1.72553
1.74687
1.74687
1.60038
1.69317
2.444
2.35422
2.59759
2.59759
2.87015
2.87015
2.87015
2.742
2.51638
1.62793
2.28038
2.28038
2.03088
1.29254
1.29254
1.53338
0.884667
0.884667
0.614254
0.412969
0.412969
0.412969
0.412969
0.95419
1.26522
1.26522
0.815622
1.1509
1.37394
1.87693
1.25767
1.24903
1.18517
1.48956
2.10928
2.15426
1.99458
1.99458
2.62658
2.57573
3.31493
3.31493
3.40223
3.40223
3.49525
2.87408
2.65295
3.19481
3.52622
3.52622
3.1687
3.19741
3.19741
3.03461
2.51993
1.57322
1.03926
1.03926
1.02632
1.02632
1.02632
1.02632
1.02632
1.15545
1.47707
1.47707
1.47707
1.47707
1.18142
1.18142
1.03794
0.81921
0.81921
1.76651
1.49563
1.49563
0.713894
0.646468
0.646468
0.646468
0.775506
0.7014
0.7014
0.7014
0.7014
0.7014
0.7014
0.954299
1.57966
1.57966
1.52446
1.38827
1.38827
1.03509
1.457
2.51749
2.55693
2.55693
2.87704
3.62395
4.32742
4.32742
5.29102
5.29102
5.29102
5.09273
4.98423
5.67466
6.44963
6.11157
6.11157
6.13423
6.13423
6.13423
5.1906
4.58998
4.0431
4.0431
4.0431
4.17667
3.4656
3.4656
2.39068
2.39068
2.26948
1.48112
1.48112
2.0325
2.0325
2.15655
3.2461
2.97993
2.40221
2.40221
2.40221
1.96835
1.96835
1.96835
1.55981
1.55981
1.39792
0.864622
0.684752
0.684752
0.928746
0.405957
0.405957
0.405957
0.405957
0.348352
0.348352
0.800328
0.800328
0.800328
0.800328
0.573046
0.573046
1.21661
1.21661
1.21661
1.21661
1.21661
1.04344
1.15106
1.15106
0.868647
0.868647
1.12361
1.12361
1.12361
1.45321
2.13932
2.66104
2.21407
1.92279
1.15765
0.874773
0.939256
0.939256
0.814353
0.910719
0.910719
0.910719
0.910719
0.910719
0.975699
0.846781
1.54258
1.54258
1.54258
1.54258
1.5192
2.11919
2.10021
1.89034
1.82735
1.72822
1.84505
1.84505
1.65778
1.48433
1.39685
1.39685
1.89081
1.34907
1.34907
1.20624
0.981298
0.981298
1.83495
1.75873
0.872369
0.543381
0.955165
0.259949
0.259949
0.259949
0.259949
0.259949
0.259949
0.259949
0.259949
0.259949
0.259949
0.259949
0.259949
0.259949
0.259949
0.259949
0.259949
0.900126
0.900126
1.4984
0.789352
0.789352
0.789352
0.789352
0.789352
0.821176
0.821176
0.821176
0.821176
0.571786
0.571786
0.571786
0.571786
0.949004
0.949004
1.56431
1.07219
1.07219
1.07219
1.07219
1.03373
0.758958
0.758958
0.758958
1.23835
1.23835
1.23835
1.60779
1.60779
1.4699
1.37666
0.751561
0.959376
0.959376
0.959376
0.959376
0.959376
0.731608
0.772315
0.772315
0.772315
0.713507
0.728387
0.628932
1.23246
1.23246
0.719113
1.08509
1.08509
1.08509
1.23007
2.21547
3.11443
2.2927
2.25105
2.25105
2.13058
2.13058
2.13058
1.09938
1.09938
1.09938
1.09938
0.786799
0.710984
0.63134
1.42559
1.42559
0.857091
1.15007
0.729251
0.707186
0.707186
0.480187
0.907123
0.907123
1.1725
2.09291
2.09291
2.09291
1.96348
2.43843
2.43843
2.37967
2.37967
2.839
2.839
2.839
2.07835
2.31197
2.45162
2.45162
2.58159
2.58159
2.46593
3.02593
3.02593
2.76782
2.76782
2.76782
3.55156
3.95524
3.78909
3.78909
3.78909
3.6226
3.59958
3.16467
2.91419
2.39909
1.14138
1.48544
1.17461
0.964923
0.964923
0.964923
0.527539
0.884366
1.15694
1.15694
1.15694
1.15694
1.15694
1.01219
0.99776
0.414221
0.703485
0.703485
0.553715
0.553715
0.553715
0.329
0.692868
0.826095
0.650374
0.447263
0.530674
0.569024
0.569024
0.660787
0.660787
0.705868
0.704645
0.525418
0.525418
0.426899
0.260152
0.260152
0.260152
0.260152
0.260152
0.477279
0.477279
0.477279
0.873709
0.873709
0.873709
0.873709
0.873709
0.873709
1.15746
0.493095
0.493095
0.584195
0.584195
0.832424
0.649231
0.649231
0.649231
0.649231
0.649231
0.649231
0.414682
0.804549
0.804549
0.804549
0.804549
1.17925
1.17925
0.56447
0.56447
0.56447
0.832303
0.832303
1.80799
1.80799
0.816763
0.933651
1.69736
2.04401
2.26031
2.26031
2.26031
2.0539
1.41927
1.41927
0.569065
0.606553
0.606553
0.606553
1.29022
1.29022
1.60715
2.25502
2.25502
2.25502
2.25502
1.7905
1.07325
1.52614
0.889814
0.889814
0.889814
1.17247
1.53301
1.53301
1.51067
1.2661
1.2661
1.36098
1.36098
1.33874
1.36231
1.36231
1.36231
0.748876
0.748876
0.863985
0.847887
0.79715
1.17045
1.17045
2.26286
2.58495
2.58495
2.38822
2.38822
2.27249
2.73047
2.73047
2.73047
3.02073
3.02073
2.62019
2.3527
2.15347
2.15347
2.13921
2.13921
2.13921
2.13921
1.54596
1.30274
1.20934
1.20934
1.20934
1.24255
1.24255
1.25064
1.3177
1.58691
1.37979
1.37979
1.37979
0.768734
0.801955
0.801955
0.801955
1.19703
1.19703
1.15994
1.30076
1.57564
1.57564
1.99118
1.99118
1.81172
2.72299
2.72299
1.96645
0.91131
0.999214
0.999214
0.940915
1.54023
1.15391
1.15391
1.15391
1.40125
0.94483
0.94483
1.09206
1.09206
1.09206
0.953554
0.588268
0.588268
0.588268
0.588268
0.588268
1.39005
1.39005
1.39005
1.39005
2.0381
1.61427
1.61427
0.623579
0.623579
1.27568
1.27568
1.14686
1.69014
1.441
1.69934
1.63964
1.63964
1.63964
1.397
1.397
1.397
0.714528
0.714528
0.729995
0.491543
0.491543
0.491543
0.645467
1.35078
1.32
1.96528
1.5018
1.21587
1.21587
1.21587
1.74968
1.19874
1.3655
1.3655
1.48956
1.75189
1.75189
2.31964
2.31964
2.19422
2.43824
2.43824
2.43824
2.43824
3.35746
3.15803
2.78952
2.81163
3.14559
2.41738
2.56844
2.56844
2.74762
3.62477
3.62477
3.62477
3.66802
2.7119
2.7119
1.65815
1.65815
2.19517
2.19517
1.96225
1.90389
1.69895
1.69895
2.22923
2.45909
2.02919
2.10874
2.21107
1.93153
2.29833
1.58937
1.58937
2.00539
2.00539
2.00539
2.45555
2.00615
1.73445
2.20286
2.04968
0.703184
0.703184
0.703184
0.703184
0.557515
0.557515
0.557515
0.557515
0.557515
1.3306
1.89568
1.36648
1.55824
1.40289
1.02425
1.06122
1.68229
1.13766
1.13766
2.08535
1.4707
1.40047
1.40047
1.23044
1.23044
1.07206
1.07206
0.876342
0.25645
0.25645
0.25645
0.932457
1.13346
1.13346
0.826959
0.826959
0.826959
0.921171
0.921171
0.921171
1.2197
1.24337
1.24337
1.24337
1.23841
0.869412
0.869412
0.433281
0.455549
0.748851
0.733517
0.778578
0.778578
0.778578
1.69279
1.33651
0.461176
0.461176
0.461176
1.11273
1.11273
0.8245
0.8245
1.31114
1.16874
1.1756
1.36327
1.62333
1.39405
1.50072
1.27713
1.63028
1.05751
0.450883
0.989603
1.1935
1.1935
1.1935
1.59765
1.59765
1.59765
1.59765
1.38024
1.70859
1.71536
1.71536
1.71536
0.877933
0.877933
0.619924
0.619924
0.754675
0.77365
0.871941
1.01641
1.01641
0.773217
0.773217
1.65674
2.26733
2.26733
2.26733
2.33481
2.64438
2.64438
2.64438
2.56583
2.70305
2.70305
2.70305
3.06607
3.40078
3.23946
3.26088
3.26088
3.26088
3.26088
2.62685
2.40607
2.40607
2.53162
2.53162
2.53162
2.53162
2.71528
2.71528
2.05117
1.69509
2.02366
2.02366
2.02366
2.02366
2.0719
1.45333
1.16159
1.5761
1.5761
1.5761
1.21013
0.48944
1.47294
1.62655
1.62655
0.840684
0.962958
0.962958
0.962958
0.962958
0.962958
0.962958
0.962958
0.962958
0.821426
1.03281
0.904326
0.913303
0.913303
0.579172
0.798759
0.798759
0.798759
0.700472
0.700472
0.700472
0.208409
0.208409
0.208409
0.208409
0.208409
0.208409
1.30472
2.21425
2.50012
2.50012
2.16728
2.16728
2.16728
2.55072
2.30513
2.30513
2.30513
2.0144
1.18796
1.45304
1.45304
1.45304
1.39695
1.39695
1.39695
1.39695
1.39695
1.39695
1.39695
1.39695
1.89942
1.89942
1.27484
0.624301
0.526953
0.58873
1.19899
1.19899
1.19899
1.19899
1.19899
1.19899
0.694425
0.490703
0.397364
0.397364
0.43085
0.564392
0.3559
0.3559
0.732189
0.38136
0.38136
0.38136
0.38136
0.38136
0.826153
0.622254
0.622254
0.501909
0.501909
0.501909
0.501909
0.634206
0.719643
1.00065
1.57762
1.98347
2.17413
2.17413
2.17413
1.84103
1.40217
1.40217
1.19914
1.46498
1.31104
0.947055
0.933182
0.933182
0.933182
1.29334
1.29334
0.665759
1.64528
1.64528
1.55116
1.12126
1.58111
1.40865
2.28997
1.53305
1.75995
1.41834
1.43619
1.37234
1.37234
0.849106
0.849106
0.443665
0.443665
0.443665
0.443665
0.443665
1.0419
1.07618
1.07618
0.674883
0.674883
0.674883
0.0689455
1.24041
1.24041
1.24041
1.03801
1.03801
1.20512
0.88507
1.56741
1.0276
0.865953
0.464925
0.464925
0.464925
0.821159
0.821159
0.273209
0.273209
0.84517
1.34562
1.85857
1.85857
0.711392
0.711392
0.873749
0.767764
0.683503
0.683503
0.683503
0.683503
0.648428
0.648428
0.648428
0.234195
1.14752
1.14752
0.733208
0.301279
0.301279
0.375243
0.375243
0.375243
0.375243
0.381007
1.19842
1.16525
1.15279
1.15279
1.98904
1.98904
1.98904
1.33294
1.65837
2.3746
2.3746
2.56166
2.3913
2.3913
3.17039
3.17039
3.17039
3.17039
3.17039
3.02395
3.02395
2.58327
2.90493
2.90493
2.43607
1.93159
1.34331
0.91463
0.768325
0.768325
0.768325
0.770581
1.30435
1.30435
1.30435
1.30435
0.328021
0.328021
0.328021
0.880717
0.880717
0.880717
0.880717
1.22532
1.52803
1.02747
1.02747
1.02747
0.657752
0.657752
0.657752
0.657752
0.657752
0.657752
0.657752
0.657752
0.764916
0.764916
0.764916
0.584016
0.584016
0.584016
0.584016
0.549788
0.699875
0.79849
0.79849
1.31615
0.612573
0.612573
0.612573
0.612573
0.612573
0.612573
0.612573
1.26179
1.26179
1.26179
0.783642
0.783642
0.783642
1.05316
1.19295
1.19295
1.19295
1.3434
0.495974
0.495974
0.495974
0.780577
1.38015
1.14641
0.89131
0.89131
1.39462
1.60296
1.96667
1.57929
2.01629
2.43987
2.43987
2.06565
2.06565
2.06565
2.06565
1.90628
1.96301
1.88276
1.28854
1.67923
1.67923
2.02377
2.20334
1.56413
1.71129
1.71129
1.71129
1.16016
1.16016
0.8674
0.8674
1.32159
1.09655
1.09655
1.09655
0.820621
0.820621
0.975743
0.975743
1.45165
1.21033
1.09844
0.936874
0.936874
0.581723
1.29894
0.922025
0.359876
0.886832
1.05231
1.05231
1.05231
1.05231
0.420007
0.420007
0.942579
0.942579
0.942579
1.55253
1.55253
1.55253
1.15517
1.47038
1.23339
1.04366
1.04366
1.15783
1.38598
1.54104
1.37119
1.37119
1.37119
1.9677
2.07778
2.67983
2.67983
2.67983
2.47484
2.47484
2.47484
2.71001
2.71001
2.37131
