-0.053588 1.05074 2.1388
-0.0943751 1.15756 2.22642
-0.0798198 1.00435 2.25282
-0.0819698 1.08562 2.2462
-0.0550171 1.1227 2.27174
-0.0544275 0.971707 2.33078
-0.181954 0.851399 2.38795
-0.0976007 1.00066 2.30102
-0.250606 0.884431 2.15929
-0.322735 0.805515 2.1714
-0.475766 0.683079 2.1868
-0.475766 0.683079 2.1868
-0.614084 0.651311 2.13185
-0.504337 0.659711 2.15598
-0.504337 0.659711 2.15598
-0.399523 0.77434 2.23171
-0.399523 0.77434 2.23171
-0.545713 0.810146 2.14066
-0.545713 0.810146 2.14066
-0.545713 0.810146 2.14066
-0.489573 0.913072 2.18704
-0.644159 0.87442 2.07643
-0.51981 0.857348 2.14676
-0.52114 0.980336 2.10201
-0.52114 0.980336 2.10201
-0.52114 0.980336 2.10201
-0.52114 0.980336 2.10201
-0.52114 0.980336 2.10201
-0.588107 0.993081 2.06251
-0.611602 0.845932 1.97007
-0.621322 0.852377 2.00285
-0.687165 0.882276 1.91609
-0.71314 0.764578 1.96768
-0.695606 0.757173 2.04749
-0.695606 0.757173 2.04749
-0.661758 0.851129 1.98045
-0.732712 0.800216 1.97939
-0.679628 0.738272 1.86149
-0.628242 0.740554 1.92999
-0.714795 0.723262 1.88722
-0.66385 0.810426 1.938
-0.642324 0.690772 2.01547
-0.693427 0.701766 1.94133
-0.535491 0.563433 2.03129
-0.64236 0.682477 1.97087
-0.64236 0.682477 1.97087
-0.64236 0.682477 1.97087
-0.531242 0.72763 2.06941
-0.501486 0.60104 1.99901
-0.501486 0.60104 1.99901
-0.501486 0.60104 1.99901
-0.501486 0.60104 1.99901
-0.501486 0.60104 1.99901
-0.488087 0.479119 2.03876
-0.344912 0.381516 2.17262
-0.275195 0.354924 2.17582
-0.369839 0.305529 2.13619
-0.240659 0.205055 2.0383
-0.220355 0.0507538 1.99155
-0.220355 0.0507538 1.99155
-0.21691 0.208679 1.98564
-0.331782 0.199645 2.004
-0.209344 0.156122 2.08548
-0.165538 0.0753873 1.94668
-0.0586932 0.204829 1.84914
-0.0586932 0.204829 1.84914
-0.167124 0.0833539 1.90508
-0.16874 0.207426 1.9649
-0.13604 0.248761 1.9663
-0.127009 0.322058 1.93944
-0.0812044 0.263024 1.95283
-0.0812044 0.263024 1.95283
-0.0670096 0.23521 1.94892
-0.0670096 0.23521 1.94892
-0.0213171 0.268566 1.93663
0.00401189 0.314533 1.86885
0.00401189 0.314533 1.86885
-0.0851282 0.211938 1.71031
0.00611822 0.234315 1.56384
-0.131714 0.242266 1.4795
-0.0837893 0.283816 1.34483
-0.0837893 0.283816 1.34483
-0.204731 0.424857 1.18793
-0.204904 0.30601 1.28176
-0.135777 0.309586 1.28634
-0.174462 0.357872 1.19987
-0.157848 0.41365 1.12772
-0.0244115 0.490167 0.983578
-0.00984345 0.337204 0.914904
-0.00984345 0.337204 0.914904
-0.167791 0.315402 0.944313
-0.167791 0.315402 0.944313
-0.0569422 0.364962 0.840862
-0.0314876 0.479053 0.792709
0.0698168 0.346836 0.814265
0.116385 0.492533 0.678374
-0.0375224 0.558164 0.636666
-0.0375224 0.558164 0.636666
-0.0375224 0.558164 0.636666
-0.0601232 0.406078 0.62218
-0.0601232 0.406078 0.62218
-0.166466 0.395687 0.737279
-0.30995 0.240516 0.687642
-0.30995 0.240516 0.687642
-0.181249 0.301751 0.557724
-0.181249 0.301751 0.557724
-0.181249 0.301751 0.557724
-0.110378 0.38167 0.632071
-0.110378 0.38167 0.632071
-0.256818 0.442827 0.601313
-0.12735 0.537894 0.574054
-0.12735 0.537894 0.574054
-0.146644 0.527353 0.515067
-0.146644 0.527353 0.515067
-0.146644 0.527353 0.515067
-0.146644 0.527353 0.515067
-0.146644 0.527353 0.515067
-0.0897612 0.611186 0.459548
-0.0262216 0.630993 0.519308
0.117987 0.528449 0.633857
0.117987 0.528449 0.633857
0.0403804 0.529172 0.725803
0.021579 0.380202 0.722765
0.0651147 0.358315 0.762356
0.0651147 0.358315 0.762356
0.0651147 0.358315 0.762356
0.10105 0.30717 0.733479
0.0326528 0.451445 0.594198
0.0326528 0.451445 0.594198
-0.0649469 0.399859 0.481721
-0.0292185 0.368888 0.571852
-0.0292185 0.368888 0.571852
-0.0994295 0.521047 0.548906
-0.0994295 0.521047 0.548906
-0.146291 0.544958 0.507708
-0.146291 0.544958 0.507708
-0.146291 0.544958 0.507708
-0.146291 0.544958 0.507708
-0.146291 0.544958 0.507708
-0.115356 0.690992 0.473981
-0.0808175 0.655329 0.442252
-0.0808175 0.655329 0.442252
-0.0808175 0.655329 0.442252
-0.0404428 0.507056 0.292566
-0.153709 0.448429 0.39385
-0.106183 0.366591 0.306779
-0.0146699 0.27042 0.211032
0.0834233 0.121957 0.280095
0.0834233 0.121957 0.280095
0.0834233 0.121957 0.280095
0.0834233 0.121957 0.280095
0.21657 0.216924 0.137266
0.109044 0.0583372 0.200386
0.216224 0.118188 0.228733
0.182696 0.0826081 0.130273
0.182696 0.0826081 0.130273
0.182696 0.0826081 0.130273
0.0857579 0.0287384 0.265509
-0.053918 0.111134 0.251894
-0.053918 0.111134 0.251894
-0.0824655 0.0207366 0.225782
-0.020103 0.0577007 0.303366
-0.020103 0.0577007 0.303366
0.0161335 0.010349 0.290194
-0.102454 0.150056 0.269159
-0.102454 0.150056 0.269159
-0.250261 0.00734008 0.297184
-0.250261 0.00734008 0.297184
-0.324164 0.0977328 0.444958
-0.195056 0.0346672 0.479729
-0.166049 0.133744 0.452275
-0.254975 0.0999541 0.344501
-0.209338 -0.00307407 0.403568
-0.132182 -0.0353116 0.464611
-0.132182 -0.0353116 0.464611
-0.132182 -0.0353116 0.464611
-0.285671 0.0990915 0.422811
-0.129107 0.199208 0.323835
-0.129107 0.199208 0.323835
-0.0219365 0.233634 0.349368
-0.0219365 0.233634 0.349368
0.0913076 0.301267 0.195637
0.0713283 0.224597 0.204332
-0.0197844 0.208822 0.0968108
-0.0197844 0.208822 0.0968108
-0.0197844 0.208822 0.0968108
0.0532114 0.20181 -0.0532581
0.0532114 0.20181 -0.0532581
0.129003 0.161583 0.0748948
0.133358 0.0784923 0.216145
0.0502856 0.0126663 0.23313
-0.0778055 -0.0121681 0.236207
0.0397578 0.0976968 0.14738
0.0881004 0.0744033 0.181564
0.0881004 0.0744033 0.181564
-0.00859566 -0.0305119 0.139134
-0.0530887 -0.0270313 0.292977
-0.0530887 -0.0270313 0.292977
0.0962942 -0.124648 0.261633
0.0962942 -0.124648 0.261633
0.145329 -0.084203 0.379819
0.117777 -0.0850148 0.294682
0.249812 -0.205142 0.35769
0.0974889 -0.162455 0.233086
0.0143275 -0.00776639 0.181521
0.0663608 -0.0343123 0.195819
0.0229034 -0.00956662 0.266029
0.0229034 -0.00956662 0.266029
0.0229034 -0.00956662 0.266029
0.163695 -0.0946327 0.145229
0.0830027 -0.10004 0.114614
0.0830027 -0.10004 0.114614
-0.0673784 -0.0269754 0.268588
-0.0673784 -0.0269754 0.268588
-0.000556924 0.0416995 0.328829
-0.000556924 0.0416995 0.328829
-0.000556924 0.0416995 0.328829
0.011259 -0.0571216 0.337826
-0.0868315 -0.0500736 0.236018
-0.0894659 0.031978 0.333735
0.00699849 0.0496962 0.320265
-0.0477058 0.142403 0.21263
-0.0477058 0.142403 0.21263
-0.192225 0.0799618 0.216713
-0.192225 0.0799618 0.216713
-0.167313 0.0778294 0.132479
-0.167313 0.0778294 0.132479
-0.167313 0.0778294 0.132479
-0.167313 0.0778294 0.132479
-0.150006 0.0949652 0.137267
-0.0789273 0.000400857 0.118384
0.0012794 -0.12409 0.266499
-0.0482229 -0.268805 0.20857
-0.0482229 -0.268805 0.20857
0.104929 -0.136464 0.157825
0.104929 -0.136464 0.157825
0.104929 -0.136464 0.157825
0.104929 -0.136464 0.157825
0.104929 -0.136464 0.157825
0.0132299 0.0100992 0.137274
0.0132299 0.0100992 0.137274
0.0828837 -0.0475317 0.209783
0.0828837 -0.0475317 0.209783
0.0828837 -0.0475317 0.209783
0.0828837 -0.0475317 0.209783
0.0305244 -0.13333 0.0963686
0.0305244 -0.13333 0.0963686
0.0305244 -0.13333 0.0963686
-0.00324535 -0.0411441 0.0426019
0.0193634 0.0988441 -0.0633974
-0.00286405 0.19336 -0.220325
0.0178249 0.0635442 -0.252831
-0.00189549 -0.0943197 -0.406743
-0.00189549 -0.0943197 -0.406743
-0.160482 -0.102162 -0.414075
-0.0241992 -0.157152 -0.349446
0.120438 -0.00113949 -0.429975
0.0772328 -0.0433281 -0.506443
0.0772328 -0.0433281 -0.506443
0.0772328 -0.0433281 -0.506443
-0.00323244 0.097901 -0.494287
-0.00323244 0.097901 -0.494287
-0.00323244 0.097901 -0.494287
0.105719 -0.00116152 -0.485975
0.152025 -0.151692 -0.371194
0.158598 -0.0616476 -0.283012
0.0491703 0.0143825 -0.173109
0.0491703 0.0143825 -0.173109
0.046779 -0.0252196 -0.152518
0.046779 -0.0252196 -0.152518
-0.00929811 0.0534182 -0.106968
-0.00929811 0.0534182 -0.106968
-0.00929811 0.0534182 -0.106968
-0.00929811 0.0534182 -0.106968
-0.00929811 0.0534182 -0.106968
-0.00929811 0.0534182 -0.106968
-0.0890683 0.0122618 -0.143251
-0.0890683 0.0122618 -0.143251
-0.0534533 0.169533 -0.156082
-0.0916003 0.124577 -0.305518
-0.0916003 0.124577 -0.305518
0.032925 -0.025006 -0.193246
0.032925 -0.025006 -0.193246
-0.0694907 0.0286686 -0.126115
-0.0694907 0.0286686 -0.126115
-0.0694907 0.0286686 -0.126115
-0.0435268 -0.00584311 -0.117449
-0.0435268 -0.00584311 -0.117449
-0.0435268 -0.00584311 -0.117449
-0.0435268 -0.00584311 -0.117449
-0.0435268 -0.00584311 -0.117449
0.0821992 -0.112117 -0.0488077
-0.00509127 -0.0562992 -0.145493
-0.00509127 -0.0562992 -0.145493
-0.00509127 -0.0562992 -0.145493
-0.00509127 -0.0562992 -0.145493
-0.100929 0.076173 -0.194214
-0.231374 -0.0332615 -0.171475
-0.343561 -0.0687203 -0.238654
-0.193761 -0.155376 -0.124492
-0.193761 -0.155376 -0.124492
-0.123564 -0.206717 -0.0621804
-0.172052 -0.203046 -0.152955
-0.167136 -0.26779 -0.264023
-0.167136 -0.26779 -0.264023
-0.260137 -0.168095 -0.420613
-0.260137 -0.168095 -0.420613
-0.415413 -0.0506412 -0.42273
-0.415413 -0.0506412 -0.42273
-0.25764 -0.156499 -0.402427
-0.25764 -0.156499 -0.402427
-0.25764 -0.156499 -0.402427
-0.25764 -0.156499 -0.402427
-0.126583 -0.155213 -0.384732
-0.126583 -0.155213 -0.384732
-0.126583 -0.155213 -0.384732
-0.102727 -0.106188 -0.255785
-0.0463804 -0.0532299 -0.262172
-0.0463804 -0.0532299 -0.262172
-0.0463804 -0.0532299 -0.262172
0.0275314 0.0789378 -0.23435
-0.000122317 0.148352 -0.285485
-0.134543 0.200493 -0.263423
-0.134543 0.200493 -0.263423
-0.116641 0.0981011 -0.40898
-0.116641 0.0981011 -0.40898
-0.116641 0.0981011 -0.40898
0.0276827 0.0465832 -0.379659
0.00433994 0.0256358 -0.385564
-0.0346332 0.138476 -0.281949
-0.0346332 0.138476 -0.281949
-0.0346332 0.138476 -0.281949
0.0185418 0.200115 -0.390181
0.0185418 0.200115 -0.390181
0.118326 0.107715 -0.282953
-0.00659214 0.0301082 -0.226797
-0.00659214 0.0301082 -0.226797
0.146931 -0.0251416 -0.378879
0.156246 -0.133443 -0.387665
0.235569 -0.182523 -0.235513
0.235569 -0.182523 -0.235513
0.222299 -0.0799965 -0.261817
0.179025 0.037714 -0.312111
0.0459541 -0.118466 -0.185105
-0.00448448 -0.00271847 -0.253219
0.0816718 -0.0975037 -0.102972
0.0816718 -0.0975037 -0.102972
0.0816718 -0.0975037 -0.102972
-0.0217654 0.000917919 -0.214098
-0.0217654 0.000917919 -0.214098
-0.0217654 0.000917919 -0.214098
-0.0217654 0.000917919 -0.214098
-0.0217654 0.000917919 -0.214098
0.0287808 0.124215 -0.178804
0.0287808 0.124215 -0.178804
-0.0951435 0.120229 -0.104464
0.00254547 0.0762469 -0.0712121
0.00254547 0.0762469 -0.0712121
0.00254547 0.0762469 -0.0712121
0.041594 0.095664 -0.116527
0.041594 0.095664 -0.116527
0.00297584 0.00653482 -0.112612
0.00297584 0.00653482 -0.112612
0.00297584 0.00653482 -0.112612
0.00297584 0.00653482 -0.112612
0.0187333 0.00355728 -0.259646
0.0730065 0.0798726 -0.143484
0.0730065 0.0798726 -0.143484
0.0547558 0.230307 -0.170134
0.103594 0.165855 -0.133567
0.103594 0.165855 -0.133567
0.165162 0.25732 -0.215927
0.263951 0.192807 -0.108919
0.247651 0.300292 -0.175666
0.247651 0.300292 -0.175666
0.247651 0.300292 -0.175666
0.247651 0.300292 -0.175666
0.247651 0.300292 -0.175666
0.259715 0.365 -0.252735
0.259715 0.365 -0.252735
0.259715 0.365 -0.252735
0.259715 0.365 -0.252735
0.382873 0.329891 -0.244994
0.227817 0.284467 -0.302798
0.227817 0.284467 -0.302798
0.18947 0.372912 -0.239104
0.18947 0.372912 -0.239104
0.18947 0.372912 -0.239104
0.0907169 0.240601 -0.271408
0.0907169 0.240601 -0.271408
0.195407 0.273918 -0.258987
0.152608 0.116441 -0.295204
0.152608 0.116441 -0.295204
0.152608 0.116441 -0.295204
0.152608 0.116441 -0.295204
0.0903982 0.207233 -0.18585
0.0903982 0.207233 -0.18585
0.0903982 0.207233 -0.18585
0.0387773 0.0655712 -0.0405796
0.0161711 0.0646802 -0.0606869
0.00585528 0.0748585 -0.0579966
0.00585528 0.0748585 -0.0579966
0.1246 0.068938 -0.135469
0.1246 0.068938 -0.135469
0.1246 0.068938 -0.135469
-0.0150189 -0.0661551 -0.240822
-0.0773008 -0.070241 -0.133694
0.00317096 -0.127593 -0.187832
0.00317096 -0.127593 -0.187832
-0.0450604 -0.0408675 -0.25984
-0.025247 0.0937509 -0.144639
-0.025247 0.0937509 -0.144639
-0.025247 0.0937509 -0.144639
-0.120167 0.0370642 -0.122952
-0.120167 0.0370642 -0.122952
-0.0173382 -0.0264711 -0.184
-0.0908495 -0.170391 -0.30022
-0.0908495 -0.170391 -0.30022
-0.0908495 -0.170391 -0.30022
-0.0908495 -0.170391 -0.30022
-0.0908495 -0.170391 -0.30022
-0.0908495 -0.170391 -0.30022
-0.0908495 -0.170391 -0.30022
-0.0908495 -0.170391 -0.30022
-0.129971 -0.190892 -0.164448
-0.112443 -0.1731 -0.1403
0.00762548 -0.0209358 -0.115727
-0.133028 0.0282037 -0.0329826
-0.202323 0.138064 -0.160369
-0.202323 0.138064 -0.160369
-0.202323 0.138064 -0.160369
-0.0983815 0.149946 -0.296339
-0.0193997 0.107592 -0.170391
0.0670246 0.164715 -0.186588
0.0670246 0.164715 -0.186588
0.0670246 0.164715 -0.186588
-0.024893 0.058633 -0.293721
0.012463 0.0271662 -0.223039
0.012463 0.0271662 -0.223039
-0.040829 0.143289 -0.213236
-0.040829 0.143289 -0.213236
-0.134874 0.121379 -0.311095
-0.134874 0.121379 -0.311095
-0.134874 0.121379 -0.311095
-0.143123 -0.00138311 -0.441183
-0.281597 0.0805749 -0.37514
-0.281597 0.0805749 -0.37514
-0.281597 0.0805749 -0.37514
-0.281597 0.0805749 -0.37514
-0.212472 -0.061552 -0.348534
-0.212472 -0.061552 -0.348534
-0.174395 -0.196335 -0.290493
-0.0508277 -0.0952392 -0.345852
-0.00177074 -0.0595784 -0.278759
-0.00177074 -0.0595784 -0.278759
-0.0386277 -0.0736821 -0.276761
-0.0810028 0.0496951 -0.412708
-0.0810028 0.0496951 -0.412708
-0.0231523 -0.0739308 -0.457831
-0.0231523 -0.0739308 -0.457831
-0.0649496 -0.217414 -0.311061
-0.149595 -0.16045 -0.232023
-0.149595 -0.16045 -0.232023
-0.149998 -0.0268496 -0.253603
0.00742841 -0.0985994 -0.272996
0.00742841 -0.0985994 -0.272996
0.092147 -0.149583 -0.286161
0.220678 -0.28589 -0.223973
0.287249 -0.358623 -0.195579
0.158106 -0.293162 -0.148725
0.136788 -0.215383 -0.185129
0.00310173 -0.267438 -0.173345
0.00310173 -0.267438 -0.173345
0.00310173 -0.267438 -0.173345
-0.145309 -0.211398 -0.27756
0.0124618 -0.199749 -0.27565
-0.138005 -0.281677 -0.381566
-0.0990054 -0.167436 -0.235402
-0.0990054 -0.167436 -0.235402
-0.0313662 -0.229714 -0.103499
-0.180297 -0.0800305 -0.141053
-0.0834572 -0.0534916 -0.281219
-0.20237 0.0183598 -0.398091
-0.245402 -0.0174026 -0.52889
-0.245402 -0.0174026 -0.52889
-0.102664 0.00476623 -0.51657
-0.102664 0.00476623 -0.51657
-0.25935 -0.0578445 -0.564535
-0.178772 -0.119522 -0.485317
-0.117688 -0.19496 -0.549478
-0.160168 -0.237636 -0.533567
-0.00347677 -0.16274 -0.622856
-0.00347677 -0.16274 -0.622856
-0.022295 -0.216093 -0.518952
-0.152835 -0.232707 -0.457153
-0.152835 -0.232707 -0.457153
-0.116377 -0.116052 -0.300617
-0.18158 -0.0714718 -0.268359
-0.18158 -0.0714718 -0.268359
-0.104466 0.0725025 -0.182588
-0.0780083 -0.0802532 -0.110776
0.0343584 -0.00904742 -0.14298
0.0343584 -0.00904742 -0.14298
0.0343584 -0.00904742 -0.14298
-0.0763906 -0.0965207 -0.0805825
-0.0763906 -0.0965207 -0.0805825
-0.198706 -0.132225 -0.199828
-0.198706 -0.132225 -0.199828
-0.198706 -0.132225 -0.199828
-0.343164 -0.0745889 -0.24155
-0.330006 -0.101897 -0.244277
-0.282451 -0.0282135 -0.158197
-0.282451 -0.0282135 -0.158197
-0.282451 -0.0282135 -0.158197
-0.282451 -0.0282135 -0.158197
-0.139009 0.10036 -0.0365202
-0.139009 0.10036 -0.0365202
-0.159744 0.238289 -0.144906
-0.159744 0.238289 -0.144906
-0.159744 0.238289 -0.144906
-0.226269 0.167521 -0.103677
-0.123577 0.211168 -0.0609271
-0.12947 0.234192 0.0593074
-0.150921 0.251945 0.183908
-0.0642183 0.312257 0.280408
0.0759559 0.296196 0.302282
0.0921349 0.268686 0.321856
0.0260175 0.213524 0.174617
-0.0787761 0.279847 0.271104
-0.00126032 0.245335 0.403388
-0.00126032 0.245335 0.403388
-0.00126032 0.245335 0.403388
-0.147806 0.216181 0.403635
-0.0687641 0.274319 0.349401
-0.0687641 0.274319 0.349401
0.0384196 0.427743 0.192749
0.0124116 0.384732 0.0433631
0.0124116 0.384732 0.0433631
0.0263174 0.362637 0.192912
0.112696 0.27272 0.0756927
0.112696 0.27272 0.0756927
0.112696 0.27272 0.0756927
0.112696 0.27272 0.0756927
-0.035357 0.181565 0.02675
-0.0509287 0.0289138 0.0419197
0.107301 0.13251 -0.112077
0.107301 0.13251 -0.112077
0.121371 0.0681592 -0.186468
0.121371 0.0681592 -0.186468
0.121371 0.0681592 -0.186468
0.121371 0.0681592 -0.186468
0.121371 0.0681592 -0.186468
0.0275649 0.0789516 -0.322066
0.0275649 0.0789516 -0.322066
0.0481609 0.0512155 -0.242856
0.179713 0.0846665 -0.104532
0.179713 0.0846665 -0.104532
0.250639 -0.0230941 -0.225259
0.250639 -0.0230941 -0.225259
0.250639 -0.0230941 -0.225259
0.250639 -0.0230941 -0.225259
0.250639 -0.0230941 -0.225259
0.164222 -0.153947 -0.101171
0.196943 -0.112768 -0.234333
0.242458 -0.233455 -0.127163
0.251622 -0.14657 -0.214148
0.251622 -0.14657 -0.214148
0.254757 -0.0714546 -0.119367
0.254757 -0.0714546 -0.119367
0.249616 0.0469798 -0.234886
0.249616 0.0469798 -0.234886
0.130194 0.0870997 -0.160068
0.130194 0.0870997 -0.160068
0.130194 0.0870997 -0.160068
0.130194 0.0870997 -0.160068
0.130194 0.0870997 -0.160068
0.130194 0.0870997 -0.160068
0.130194 0.0870997 -0.160068
0.0561913 0.0204194 -0.209596
0.190849 -0.0301899 -0.301111
0.190849 -0.0301899 -0.301111
0.257696 -0.12685 -0.299008
0.257696 -0.12685 -0.299008
0.370448 -0.123786 -0.26097
0.282766 -0.234224 -0.172375
0.282766 -0.234224 -0.172375
0.282766 -0.234224 -0.172375
0.394154 -0.147977 -0.281418
0.429319 -0.00252056 -0.24181
0.429319 -0.00252056 -0.24181
0.366308 0.0566353 -0.295041
0.366308 0.0566353 -0.295041
0.374792 0.00164401 -0.185993
0.251143 0.123312 -0.318818
0.31808 0.123022 -0.426556
0.218887 0.108773 -0.507816
0.218887 0.108773 -0.507816
0.218887 0.108773 -0.507816
0.19391 -0.0366498 -0.363673
0.232245 0.0899127 -0.37688
0.247404 0.0150956 -0.256987
0.210341 0.00984961 -0.322294
0.146207 0.0948774 -0.40157
0.0750851 0.0398283 -0.443383
0.0750851 0.0398283 -0.443383
0.0750851 0.0398283 -0.443383
-0.0835496 0.181715 -0.446477
-0.151721 0.250064 -0.300144
-0.0517842 0.28375 -0.313051
-0.0517842 0.28375 -0.313051
0.0927728 0.330343 -0.249804
-0.0117778 0.297905 -0.230373
0.108393 0.283105 -0.203389
0.108393 0.283105 -0.203389
-0.0478646 0.313386 -0.249324
-0.00354899 0.351695 -0.227824
-0.00354899 0.351695 -0.227824
-0.0378331 0.34946 -0.383945
-0.0378331 0.34946 -0.383945
0.091313 0.250522 -0.424386
0.0307057 0.334945 -0.377573
0.0307057 0.334945 -0.377573
0.0307057 0.334945 -0.377573
0.0307057 0.334945 -0.377573
0.0307057 0.334945 -0.377573
0.0307057 0.334945 -0.377573
0.178185 0.452339 -0.377779
0.268537 0.339368 -0.485928
0.254361 0.444579 -0.385873
0.138366 0.439535 -0.472551
0.138366 0.439535 -0.472551
0.264433 0.311784 -0.446671
0.30823 0.219349 -0.525012
0.160416 0.292874 -0.562623
0.205033 0.440532 -0.425375
0.228077 0.319677 -0.38472
0.282539 0.273091 -0.282674
0.282539 0.273091 -0.282674
0.376598 0.20564 -0.282476
0.378118 0.152075 -0.129816
0.356352 0.0219347 -0.0730217
0.356352 0.0219347 -0.0730217
0.356352 0.0219347 -0.0730217
0.430134 -0.0085707 -0.212704
0.430134 -0.0085707 -0.212704
0.462673 -0.0225855 -0.360305
0.441826 0.00249096 -0.382577
0.441826 0.00249096 -0.382577
0.441826 0.00249096 -0.382577
0.441826 0.00249096 -0.382577
0.398388 0.0219866 -0.494798
0.44397 0.102428 -0.363248
0.44397 0.102428 -0.363248
0.367002 0.0681631 -0.520403
0.323778 0.00745294 -0.645666
0.323778 0.00745294 -0.645666
0.438052 -0.0523206 -0.569693
0.417535 -0.0856891 -0.66083
0.464807 -0.138451 -0.62224
0.425558 -0.168008 -0.47173
0.411334 -0.197703 -0.521457
0.411334 -0.197703 -0.521457
0.291167 -0.317841 -0.486297
0.144249 -0.234872 -0.541434
0.0616847 -0.114488 -0.536313
0.0941752 -0.00765155 -0.40268
0.0941752 -0.00765155 -0.40268
0.195183 -0.109935 -0.297206
0.0897662 -0.238567 -0.180758
0.0897662 -0.238567 -0.180758
0.0837857 -0.363273 -0.191308
0.0022472 -0.464598 -0.339735
-0.106655 -0.333646 -0.216021
-0.100101 -0.364367 -0.166686
-0.100101 -0.364367 -0.166686
-0.100101 -0.364367 -0.166686
-0.0903351 -0.345685 -0.128717
0.0349562 -0.337217 -0.13876
0.0349562 -0.337217 -0.13876
0.0306993 -0.300858 -0.0834404
0.0306993 -0.300858 -0.0834404
-0.0302516 -0.179046 0.0264831
-0.0456355 -0.0796311 -0.094619
-0.0456355 -0.0796311 -0.094619
-0.0456355 -0.0796311 -0.094619
-0.0601411 0.0580373 0.0350816
-0.0601411 0.0580373 0.0350816
0.0167598 0.0190812 -0.05535
0.0167598 0.0190812 -0.05535
0.0167598 0.0190812 -0.05535
0.00861599 0.00333787 -0.174668
0.00861599 0.00333787 -0.174668
0.127623 0.0168565 -0.103789
0.127623 0.0168565 -0.103789
0.127623 0.0168565 -0.103789
0.0140444 -0.0622065 -0.249336
-0.0237915 -0.1789 -0.258527
-0.000718933 -0.112537 -0.265151
0.143729 -0.0189831 -0.113027
0.143729 -0.0189831 -0.113027
0.143729 -0.0189831 -0.113027
0.0293082 -0.101342 -0.156644
0.0293082 -0.101342 -0.156644
-0.10522 0.0153379 -0.235604
-0.10522 0.0153379 -0.235604
0.00604557 -0.133867 -0.131618
0.00604557 -0.133867 -0.131618
0.00604557 -0.133867 -0.131618
0.00725088 0.021476 -0.0511538
0.00725088 0.021476 -0.0511538
0.00725088 0.021476 -0.0511538
0.00725088 0.021476 -0.0511538
0.00725088 0.021476 -0.0511538
-0.0706196 -0.0392328 -0.141554
-0.0706196 -0.0392328 -0.141554
-0.0706196 -0.0392328 -0.141554
-0.0706196 -0.0392328 -0.141554
-0.0706196 -0.0392328 -0.141554
-0.0706196 -0.0392328 -0.141554
-0.0706196 -0.0392328 -0.141554
-0.0706196 -0.0392328 -0.141554
-0.0706196 -0.0392328 -0.141554
-0.0706196 -0.0392328 -0.141554
-0.0706196 -0.0392328 -0.141554
0.084882 -0.0703904 -0.153535
0.084882 -0.0703904 -0.153535
0.084882 -0.0703904 -0.153535
0.0605051 -0.190141 -0.0803903
0.0605051 -0.190141 -0.0803903
0.0605051 -0.190141 -0.0803903
0.0605051 -0.190141 -0.0803903
0.0605051 -0.190141 -0.0803903
0.0605051 -0.190141 -0.0803903
0.0368447 -0.121698 -0.174593
0.0368447 -0.121698 -0.174593
0.149112 -0.10521 -0.205888
0.149112 -0.10521 -0.205888
0.149112 -0.10521 -0.205888
0.138228 -0.210992 -0.168969
-0.000493266 -0.0626412 -0.229719
-0.000493266 -0.0626412 -0.229719
-0.00162844 -0.141816 -0.112128
-0.00162844 -0.141816 -0.112128
0.0927343 -0.0579148 -0.24149
0.0927343 -0.0579148 -0.24149
-0.0569666 -0.0758992 -0.0955153
-0.0569666 -0.0758992 -0.0955153
-0.0569666 -0.0758992 -0.0955153
-0.10427 0.0433299 -0.197297
-0.0389415 0.0114596 -0.0661702
-0.0389415 0.0114596 -0.0661702
0.00497979 0.0684693 -0.158122
0.00497979 0.0684693 -0.158122
0.00497979 0.0684693 -0.158122
-0.00212617 0.0458613 -0.143798
-0.00212617 0.0458613 -0.143798
-0.00212617 0.0458613 -0.143798
0.0964195 -0.0360998 -0.192858
0.0964195 -0.0360998 -0.192858
-0.00526888 -0.0275954 -0.240034
0.0580483 0.000821389 -0.284876
0.0580483 0.000821389 -0.284876
-0.00859524 -0.0884039 -0.279828
-0.158121 -0.182715 -0.253338
-0.0309877 -0.0657441 -0.186789
-0.1378 0.0222814 -0.109233
-0.0992976 -0.028004 0.0240534
-0.110209 0.0630543 -0.10219
0.0402267 0.159949 -0.124423
-0.0666542 0.0591458 -0.150198
0.0720041 -0.0300053 -0.119496
0.0720041 -0.0300053 -0.119496
0.0720041 -0.0300053 -0.119496
0.0720041 -0.0300053 -0.119496
0.0351256 -0.0505613 -0.113494
0.0865072 -0.0269886 -0.242242
0.0865072 -0.0269886 -0.242242
0.0865072 -0.0269886 -0.242242
0.0865072 -0.0269886 -0.242242
0.0636471 0.122412 -0.176063
0.0636471 0.122412 -0.176063
0.0636471 0.122412 -0.176063
0.0636471 0.122412 -0.176063
0.106883 0.0474797 -0.0771833
0.0614752 -0.0801209 -0.151304
-0.0684572 -0.0303946 -0.248358
-0.074043 -0.0602122 -0.140012
0.00631793 -0.103273 -0.0632116
0.00631793 -0.103273 -0.0632116
0.00631793 -0.103273 -0.0632116
0.00631793 -0.103273 -0.0632116
0.00631793 -0.103273 -0.0632116
0.0389473 -0.204683 -0.108977
0.0389473 -0.204683 -0.108977
-0.111219 -0.305271 -0.229158
-0.241301 -0.312699 -0.296833
-0.343456 -0.259431 -0.215407
-0.27891 -0.265557 -0.081968
-0.27891 -0.265557 -0.081968
-0.237153 -0.190071 -0.0367754
-0.237153 -0.190071 -0.0367754
-0.0996615 -0.311229 0.0794809
-0.0996615 -0.311229 0.0794809
-0.0996615 -0.311229 0.0794809
-0.0981031 -0.19627 0.136172
-0.167507 -0.118904 0.173268
-0.0835946 -0.088137 0.277578
0.00756526 -0.0732867 0.263897
0.00756526 -0.0732867 0.263897
-0.0736185 -0.187296 0.237717
0.0256674 -0.0945388 0.366306
0.0256674 -0.0945388 0.366306
0.0256674 -0.0945388 0.366306
0.0256674 -0.0945388 0.366306
0.181924 -0.0890974 0.354693
0.0353082 -0.126633 0.229233
-0.0694665 -0.145872 0.138556
0.00689421 -0.0306136 0.0771748
-0.0154021 0.0406608 0.0802302
-0.0154021 0.0406608 0.0802302
-0.0154021 0.0406608 0.0802302
-0.0154021 0.0406608 0.0802302
0.0525016 -0.110121 0.108832
0.0676779 -0.0117868 0.155087
0.0676779 -0.0117868 0.155087
0.0676779 -0.0117868 0.155087
0.0676779 -0.0117868 0.155087
0.0676779 -0.0117868 0.155087
0.0676779 -0.0117868 0.155087
0.0676779 -0.0117868 0.155087
0.106868 -0.0879646 0.116751
0.106868 -0.0879646 0.116751
0.106868 -0.0879646 0.116751
0.0379843 -0.148559 0.0452031
0.00610479 -0.169582 -0.059112
-0.0813349 -0.0573237 0.0721882
-0.0813349 -0.0573237 0.0721882
-0.0107205 -0.0496447 0.121403
-0.0107205 -0.0496447 0.121403
-0.0107205 -0.0496447 0.121403
-0.0107205 -0.0496447 0.121403
-0.0107205 -0.0496447 0.121403
0.0653933 0.107552 0.18584
0.0653933 0.107552 0.18584
0.168784 0.0119066 0.295574
0.168784 0.0119066 0.295574
0.168784 0.0119066 0.295574
0.168784 0.0119066 0.295574
0.267027 0.0904864 0.237321
0.311113 0.244819 0.26559
0.311113 0.244819 0.26559
0.311113 0.244819 0.26559
0.216247 0.223028 0.263393
0.224628 0.214397 0.322349
0.210309 0.158836 0.307368
0.318745 0.12318 0.279246
0.240814 0.242448 0.28423
0.199757 0.144435 0.281718
0.199757 0.144435 0.281718
0.199757 0.144435 0.281718
0.199757 0.144435 0.281718
0.170351 0.219139 0.17563
0.0386705 0.0871531 0.291452
0.0563408 0.0890566 0.362642
0.0563408 0.0890566 0.362642
-0.0076911 -0.017899 0.383685
0.0869699 -0.106953 0.356124
0.0121119 -0.145437 0.339227
0.0121119 -0.145437 0.339227
0.0619767 -0.168963 0.391626
-0.0871467 -0.230249 0.274808
0.0648239 -0.228181 0.319763
0.0339715 -0.226647 0.199861
0.0339715 -0.226647 0.199861
0.136076 -0.0923081 0.148595
0.136076 -0.0923081 0.148595
0.136076 -0.0923081 0.148595
0.12104 -0.0704304 0.276599
0.233054 0.0721681 0.323778
0.206033 -0.0344914 0.252846
0.184677 0.0924519 0.245639
0.184677 0.0924519 0.245639
0.184677 0.0924519 0.245639
0.184677 0.0924519 0.245639
0.162583 0.0715894 0.189273
0.162583 0.0715894 0.189273
0.047396 -0.0802973 0.0559158
0.157656 -0.0424101 0.133663
0.206921 -0.0926362 0.111033
0.128824 -0.0791203 -0.0294159
0.12667 0.010815 -0.0990612
0.12667 0.010815 -0.0990612
0.0177074 -0.00347016 -0.0934618
-0.0875959 0.0151192 -0.229774
-0.0303379 0.0749339 -0.253585
-0.0817658 -0.0684151 -0.185248
0.0457453 -0.195641 -0.208453
0.0312446 -0.179309 -0.0696973
0.0422456 -0.0751701 0.0437003
0.166792 0.0237284 0.200773
0.255255 -0.0363849 0.229987
0.255255 -0.0363849 0.229987
0.142824 0.0129248 0.201232
0.0754566 -0.0132394 0.209866
0.0686014 -0.0885017 0.173293
0.182726 -0.0491648 0.29566
0.182726 -0.0491648 0.29566
0.199747 -0.0698808 0.226263
0.199747 -0.0698808 0.226263
0.117399 -0.115856 0.295443
0.264866 -0.106221 0.355483
0.202201 -0.0530463 0.42615
0.202201 -0.0530463 0.42615
0.202201 -0.0530463 0.42615
0.202201 -0.0530463 0.42615
0.0572101 -0.165321 0.400481
0.126461 -0.319404 0.330023
0.126461 -0.319404 0.330023
0.126461 -0.319404 0.330023
0.126461 -0.319404 0.330023
0.0857309 -0.209165 0.303996
0.143667 -0.225633 0.36421
0.178145 -0.135356 0.326322
0.178145 -0.135356 0.326322
0.178145 -0.135356 0.326322
0.0755684 -0.0705749 0.200896
0.0755684 -0.0705749 0.200896
0.0647961 0.0485387 0.0970872
-0.0796086 -0.00814647 0.21597
-0.0796086 -0.00814647 0.21597
0.0269444 0.0537308 0.126406
0.0269444 0.0537308 0.126406
-0.0524651 0.175118 0.233582
-0.136601 0.192761 0.181688
-0.0403823 0.220815 0.0555901
0.050257 0.287816 0.0903243
-0.0857972 0.345391 0.221444
-0.0857972 0.345391 0.221444
-0.0857972 0.345391 0.221444
-0.0804393 0.269086 0.271434
-0.0804393 0.269086 0.271434
-0.158972 0.216802 0.27512
-0.158972 0.216802 0.27512
-0.0203457 0.100658 0.135649
-0.0203457 0.100658 0.135649
-0.0203457 0.100658 0.135649
-0.0203457 0.100658 0.135649
-0.0203457 0.100658 0.135649
-0.0203457 0.100658 0.135649
-0.0583308 -0.0255995 0.232723
0.0612501 0.12529 0.165442
0.124846 0.185508 0.127371
0.194391 0.118339 0.234638
0.242893 -0.0354462 0.354875
0.242893 -0.0354462 0.354875
0.242893 -0.0354462 0.354875
0.242893 -0.0354462 0.354875
0.222917 0.0595499 0.399488
0.301602 0.130457 0.343945
0.301602 0.130457 0.343945
0.273167 0.107694 0.326051
0.273167 0.107694 0.326051
0.273167 0.107694 0.326051
0.273167 0.107694 0.326051
0.273167 0.107694 0.326051
0.273167 0.107694 0.326051
0.324339 -0.0165141 0.213439
0.278831 -0.110384 0.127218
0.278831 -0.110384 0.127218
0.278831 -0.110384 0.127218
0.278831 -0.110384 0.127218
0.278553 -0.163179 0.165717
0.29433 -0.156263 0.215553
0.157841 -0.0346814 0.355384
0.0254902 -0.0719377 0.436693
-0.0268049 -0.0451947 0.494807
0.0594679 0.0846789 0.397998
0.0594679 0.0846789 0.397998
0.042322 -0.0307582 0.282582
-0.0120962 0.0844035 0.257093
-0.0532512 0.0304536 0.123245
-0.0267182 0.118949 0.20326
-0.0331415 0.242669 0.0730618
-0.0146652 0.270952 0.14873
-0.0146652 0.270952 0.14873
-0.131106 0.156523 0.19771
-0.128085 0.078715 0.185298
-0.0264823 0.206806 0.151573
-0.0264823 0.206806 0.151573
-0.00649361 0.282125 0.212531
-0.00649361 0.282125 0.212531
0.139574 0.126058 0.286521
0.139574 0.126058 0.286521
0.139574 0.126058 0.286521
0.11835 0.104134 0.363406
0.0778172 0.0441843 0.281583
0.0778172 0.0441843 0.281583
0.0778172 0.0441843 0.281583
0.0778172 0.0441843 0.281583
0.0778172 0.0441843 0.281583
-0.0310326 -0.0627673 0.248983
-0.0310326 -0.0627673 0.248983
0.0703351 -0.0125341 0.239131
0.153897 0.135421 0.272759
0.153897 0.135421 0.272759
0.153897 0.135421 0.272759
0.142397 0.215603 0.16883
0.142397 0.215603 0.16883
0.142397 0.215603 0.16883
0.0360045 0.176069 0.0713985
0.079753 0.239551 0.0995996
0.079753 0.239551 0.0995996
0.168089 0.214009 0.0838683
0.0852721 0.135774 0.218659
0.0254596 0.247799 0.156557
-0.066856 0.104991 0.289
-0.066856 0.104991 0.289
-0.00624455 -0.0130733 0.256089
-0.0066296 -0.0658183 0.181861
-0.0066296 -0.0658183 0.181861
-0.0066296 -0.0658183 0.181861
-0.0066296 -0.0658183 0.181861
-0.0066296 -0.0658183 0.181861
-0.0066296 -0.0658183 0.181861
-0.0066296 -0.0658183 0.181861
-0.0066296 -0.0658183 0.181861
-0.0066296 -0.0658183 0.181861
-0.0066296 -0.0658183 0.181861
-0.0066296 -0.0658183 0.181861
0.117737 0.0585557 0.116129
0.117737 0.0585557 0.116129
0.0345615 0.191435 0.165158
0.0345615 0.191435 0.165158
0.0345615 0.191435 0.165158
0.0345615 0.191435 0.165158
0.0345615 0.191435 0.165158
0.0345615 0.191435 0.165158
0.0345615 0.191435 0.165158
0.135532 0.121147 0.0998843
0.0390937 -0.0328458 0.16325
0.0390937 -0.0328458 0.16325
0.0390937 -0.0328458 0.16325
0.0390937 -0.0328458 0.16325
0.0390937 -0.0328458 0.16325
0.0390937 -0.0328458 0.16325
0.0696425 -0.117894 0.233931
-0.00127497 0.0252943 0.121646
-0.00127497 0.0252943 0.121646
-0.158016 -0.0365969 0.197953
-0.0529998 -0.108475 0.172617
-0.0707598 -0.121332 0.182706
0.0636835 -0.0553485 0.0620006
0.0511854 -0.0983094 -0.0521808
0.0511854 -0.0983094 -0.0521808
-0.0322487 -0.0302511 0.0304071
0.0596469 0.00277857 0.0401372
0.00675864 0.0586916 -0.0879833
0.00675864 0.0586916 -0.0879833
-0.0804264 0.0599553 -0.114132
0.00716883 -0.0645902 -0.264725
0.050856 -0.0699328 -0.110394
0.050856 -0.0699328 -0.110394
0.050856 -0.0699328 -0.110394
0.050856 -0.0699328 -0.110394
-0.0291016 0.0111793 -0.141218
-0.0291016 0.0111793 -0.141218
-0.00378198 0.00586272 -0.132423
-0.00378198 0.00586272 -0.132423
-0.00378198 0.00586272 -0.132423
-0.00378198 0.00586272 -0.132423
-0.0973645 -0.0441541 -0.170137
-0.0373558 0.0549444 -0.229978
-0.0373558 0.0549444 -0.229978
-0.0393854 -0.0306794 -0.227776
0.0479018 -0.0285045 -0.242825
-0.0618429 -0.0959585 -0.126091
-0.0618429 -0.0959585 -0.126091
-0.0618429 -0.0959585 -0.126091
-0.0618429 -0.0959585 -0.126091
0.070036 -0.0627572 -0.0998481
0.124966 0.0646459 -0.128399
-0.0198939 0.0232494 -0.180884
0.0558082 -0.0520905 -0.163555
0.0558082 -0.0520905 -0.163555
0.0558082 -0.0520905 -0.163555
0.0558082 -0.0520905 -0.163555
0.0558082 -0.0520905 -0.163555
0.00118651 0.010394 -0.0391976
-0.0917463 -0.0921833 -0.0737401
-0.0917463 -0.0921833 -0.0737401
-0.154287 0.0250486 0.0622675
-0.0160483 -0.0425378 -0.0221508
-0.0160483 -0.0425378 -0.0221508
0.00804898 -0.120894 0.0894308
0.00804898 -0.120894 0.0894308
0.00804898 -0.120894 0.0894308
0.00804898 -0.120894 0.0894308
0.0634678 -0.0697677 0.0547793
0.0768584 -0.145755 0.0677646
-0.0244024 -0.0368375 -0.0726088
-0.0423851 0.0465318 0.0726676
-0.0423851 0.0465318 0.0726676
-0.0423851 0.0465318 0.0726676
-0.0423851 0.0465318 0.0726676
0.103143 -0.0594114 0.16616
0.00748831 0.0648729 0.129374
0.00748831 0.0648729 0.129374
0.00748831 0.0648729 0.129374
0.00748831 0.0648729 0.129374
0.00748831 0.0648729 0.129374
0.00748831 0.0648729 0.129374
0.00748831 0.0648729 0.129374
0.00748831 0.0648729 0.129374
0.00748831 0.0648729 0.129374
0.00748831 0.0648729 0.129374
0.00748831 0.0648729 0.129374
0.00748831 0.0648729 0.129374
0.00748831 0.0648729 0.129374
0.00748831 0.0648729 0.129374
0.00748831 0.0648729 0.129374
0.00748831 0.0648729 0.129374
0.00748831 0.0648729 0.129374
0.0871541 0.00376889 0.110529
-0.0562108 -0.0270644 0.0466423
-0.0594463 0.0720904 0.197136
-0.0594463 0.0720904 0.197136
0.0145234 -0.0170514 0.198646
0.0145234 -0.0170514 0.198646
0.0145234 -0.0170514 0.198646
0.0145234 -0.0170514 0.198646
0.0145234 -0.0170514 0.198646
0.0145234 -0.0170514 0.198646
0.0145234 -0.0170514 0.198646
0.0145234 -0.0170514 0.198646
0.0145234 -0.0170514 0.198646
0.0688683 -0.0070353 0.0608349
0.0688683 -0.0070353 0.0608349
0.0511582 -0.158659 0.137501
0.0511582 -0.158659 0.137501
0.00960772 -0.0572471 0.259294
0.00960772 -0.0572471 0.259294
0.00960772 -0.0572471 0.259294
0.00960772 -0.0572471 0.259294
-0.0667278 -0.148464 0.159875
0.0083335 -0.0153272 0.262652
0.0083335 -0.0153272 0.262652
0.14685 0.0714594 0.170197
0.14685 0.0714594 0.170197
0.14685 0.0714594 0.170197
0.111352 0.0622183 0.321373
-0.0443813 0.137692 0.260602
0.033913 0.214975 0.415646
0.033913 0.214975 0.415646
0.133894 0.206033 0.327404
0.133894 0.206033 0.327404
0.185793 0.0473683 0.312681
0.126142 -0.0199984 0.219715
0.126142 -0.0199984 0.219715
0.126142 -0.0199984 0.219715
0.0767105 0.066496 0.0734428
0.131662 0.00260657 0.204226
-0.00763303 -0.0849573 0.0656661
-0.0826836 -0.0889926 0.0996915
-0.109742 -0.0697599 0.244758
-0.0157696 -0.175533 0.280423
-0.0157696 -0.175533 0.280423
-0.00720404 -0.0862021 0.151669
-0.133316 -0.0916376 0.225187
-0.133316 -0.0916376 0.225187
-0.133316 -0.0916376 0.225187
-0.151503 0.00338293 0.246219
-0.289113 -0.0277713 0.252003
-0.431411 -0.134789 0.131077
-0.400672 -0.0825471 0.176763
-0.400672 -0.0825471 0.176763
-0.287461 -0.0628266 0.0865969
-0.24832 -0.0588985 -0.0431037
-0.167567 -0.1756 -0.174655
-0.167567 -0.1756 -0.174655
-0.153617 -0.177295 -0.232858
-0.153617 -0.177295 -0.232858
-0.188413 -0.147142 -0.248127
-0.188413 -0.147142 -0.248127
-0.188413 -0.147142 -0.248127
-0.188413 -0.147142 -0.248127
-0.051748 -0.171301 -0.0937435
-0.150404 -0.0142204 0.043242
-0.0177372 0.0339046 0.0736078
0.101492 -0.109619 0.212537
0.101492 -0.109619 0.212537
0.229166 0.046601 0.153715
0.17299 -0.0748897 0.0756495
0.151526 -0.0976699 0.0874128
0.145402 -0.0594356 0.0584465
0.222926 -0.0488408 0.186965
0.195154 -0.135482 0.209484
0.195154 -0.135482 0.209484
0.180077 -0.131472 0.245466
0.155806 0.0160086 0.326767
0.155806 0.0160086 0.326767
0.0367835 0.161881 0.336391
-0.00867926 0.210063 0.287562
-0.00867926 0.210063 0.287562
-0.0461285 0.0908615 0.184476
0.0695348 0.0119757 0.173813
0.0128828 -0.0211102 0.314264
0.0128828 -0.0211102 0.314264
0.0251233 -0.0945754 0.266366
0.0322315 0.0330564 0.214297
0.00598313 -0.122559 0.170702
0.00598313 -0.122559 0.170702
-0.0460596 -0.177041 0.101152
-0.0460596 -0.177041 0.101152
-0.0999818 -0.165921 0.0907982
-0.249416 -0.133569 0.169762
-0.12965 -0.174012 0.188664
-0.12965 -0.174012 0.188664
-0.1257 -0.0251197 0.212452
-0.1257 -0.0251197 0.212452
-0.1257 -0.0251197 0.212452
-0.143186 0.0949267 0.181981
-0.0997905 0.249999 0.0999162
-0.0997905 0.249999 0.0999162
-0.107711 0.193219 0.247036
-0.141427 0.0701926 0.163698
0.00465309 0.0243174 0.273717
-0.00847603 0.0288324 0.296471
-0.00847603 0.0288324 0.296471
-0.05206 -0.0887088 0.295995
-0.05206 -0.0887088 0.295995
-0.140633 0.00407675 0.233383
-0.140633 0.00407675 0.233383
-0.180643 -0.0450897 0.231248
-0.180643 -0.0450897 0.231248
-0.180643 -0.0450897 0.231248
-0.180643 -0.0450897 0.231248
-0.180643 -0.0450897 0.231248
-0.184408 -0.0049879 0.305588
-0.218532 0.116867 0.307515
-0.259191 0.0652189 0.243918
-0.259191 0.0652189 0.243918
-0.138478 0.0898918 0.290988
-0.0326496 0.0394979 0.153683
-0.0306358 -0.0312647 0.0561288
-0.0306358 -0.0312647 0.0561288
-0.0306358 -0.0312647 0.0561288
0.0478555 0.0501859 -0.0913639
0.0478555 0.0501859 -0.0913639
0.0478555 0.0501859 -0.0913639
0.0547276 -0.0769116 -0.109404
0.0547276 -0.0769116 -0.109404
0.0547276 -0.0769116 -0.109404
-0.0169119 -0.0366994 -0.0435589
-0.0169119 -0.0366994 -0.0435589
-0.0169119 -0.0366994 -0.0435589
-0.0256259 0.0326877 -0.151292
-0.0256259 0.0326877 -0.151292
-0.0256259 0.0326877 -0.151292
-0.0256259 0.0326877 -0.151292
-0.0256259 0.0326877 -0.151292
-0.128576 -0.0108866 -0.0719038
-0.0682148 -0.0304662 -0.190703
0.0703694 -0.10188 -0.266142
0.045863 -0.033239 -0.255241
0.045863 -0.033239 -0.255241
0.0972449 0.10375 -0.18326
-0.0336349 0.0216101 -0.288586
-0.0336349 0.0216101 -0.288586
0.061795 0.0192837 -0.234227
0.061795 0.0192837 -0.234227
-0.0771129 -0.0190464 -0.202205
-0.119511 0.0704861 -0.290178
-0.119511 0.0704861 -0.290178
-0.119511 0.0704861 -0.290178
-0.157847 0.0453179 -0.257379
-0.0262376 -0.00829298 -0.33982
0.00850289 0.062831 -0.392323
0.00850289 0.062831 -0.392323
0.00850289 0.062831 -0.392323
0.0604671 0.132913 -0.353459
0.0604671 0.132913 -0.353459
0.0352234 0.0863617 -0.289097
0.0352234 0.0863617 -0.289097
0.0830848 0.0185781 -0.217525
-0.0244789 0.0798317 -0.267084
0.0758228 0.0456191 -0.258613
0.0758228 0.0456191 -0.258613
0.0758228 0.0456191 -0.258613
-0.0532175 0.0337308 -0.333105
-0.0532175 0.0337308 -0.333105
-0.0532175 0.0337308 -0.333105
-0.0532175 0.0337308 -0.333105
-0.0532175 0.0337308 -0.333105
-0.00702559 0.0365318 -0.287736
-0.00702559 0.0365318 -0.287736
-0.00702559 0.0365318 -0.287736
-0.00702559 0.0365318 -0.287736
-0.130448 0.0511617 -0.196205
-0.130448 0.0511617 -0.196205
-0.130448 0.0511617 -0.196205
-0.130448 0.0511617 -0.196205
-0.130448 0.0511617 -0.196205
-0.154092 0.0511895 -0.118845
-0.280266 -0.0186898 -0.20555
-0.419924 0.0287053 -0.195312
-0.438912 0.0996861 -0.193146
-0.411553 0.0840319 -0.164825
-0.290006 0.0690815 -0.235174
-0.290006 0.0690815 -0.235174
-0.277275 0.170584 -0.276869
-0.271287 0.145427 -0.300461
-0.271287 0.145427 -0.300461
-0.277774 0.0609931 -0.2007
-0.247794 0.0104798 -0.341628
-0.203882 0.0409189 -0.225436
-0.203882 0.0409189 -0.225436
-0.203882 0.0409189 -0.225436
-0.228027 0.0191834 -0.280919
-0.233106 0.0598985 -0.252045
-0.233106 0.0598985 -0.252045
-0.327088 0.19449 -0.118113
-0.229602 0.287117 -0.159681
-0.229602 0.287117 -0.159681
-0.246378 0.322934 -0.214264
-0.295154 0.166839 -0.323716
-0.139398 0.15336 -0.324072
-0.139398 0.15336 -0.324072
-0.158154 0.0684663 -0.394377
-0.0631845 0.18582 -0.348893
-0.0631845 0.18582 -0.348893
-0.0948319 0.235964 -0.226192
-0.0948319 0.235964 -0.226192
-0.0948319 0.235964 -0.226192
-0.148157 0.145844 -0.281751
-0.148157 0.145844 -0.281751
-0.106235 0.29129 -0.212095
0.0167462 0.174843 -0.184089
0.010078 0.116447 -0.216854
0.010078 0.116447 -0.216854
0.0590048 0.0415685 -0.299326
0.0535265 0.0491446 -0.294609
0.0535265 0.0491446 -0.294609
0.0535265 0.0491446 -0.294609
-0.0892092 0.0222592 -0.177916
0.00158407 0.0994689 -0.260781
-0.082386 0.0888985 -0.339126
-0.082386 0.0888985 -0.339126
-0.19588 0.0274385 -0.347246
-0.253134 0.0644948 -0.32827
-0.253134 0.0644948 -0.32827
-0.226477 0.212006 -0.227066
-0.226477 0.212006 -0.227066
-0.0723439 0.06612 -0.194543
-0.0987362 0.112757 -0.259791
-0.0987362 0.112757 -0.259791
-0.0987362 0.112757 -0.259791
-0.172255 0.193205 -0.198752
-0.172255 0.193205 -0.198752
-0.289101 0.0878125 -0.167752
-0.289101 0.0878125 -0.167752
-0.163829 0.0819682 -0.240462
-0.0636335 0.00223545 -0.250184
-0.0794661 -0.0639011 -0.281103
-0.0475354 0.0174738 -0.245058
0.0651447 -0.105602 -0.278619
0.146892 -0.089469 -0.231078
0.286715 -0.0778908 -0.220204
0.286715 -0.0778908 -0.220204
0.286715 -0.0778908 -0.220204
0.250478 -0.00435554 -0.126885
0.210035 -0.153775 -0.114165
0.210035 -0.153775 -0.114165
0.210035 -0.153775 -0.114165
0.210035 -0.153775 -0.114165
0.210035 -0.153775 -0.114165
0.210035 -0.153775 -0.114165
0.210035 -0.153775 -0.114165
0.26891 -0.043754 -0.249386
0.26891 -0.043754 -0.249386
0.16958 0.0477727 -0.27432
0.16958 0.0477727 -0.27432
0.16958 0.0477727 -0.27432
0.16958 0.0477727 -0.27432
0.107856 0.124612 -0.319651
0.190092 0.0555689 -0.423497
0.073579 0.145509 -0.412222
0.073579 0.145509 -0.412222
-0.0621658 0.0332703 -0.319499
-0.210283 0.0558998 -0.279317
-0.210283 0.0558998 -0.279317
-0.210283 0.0558998 -0.279317
-0.210283 0.0558998 -0.279317
-0.242336 0.100762 -0.18796
-0.242336 0.100762 -0.18796
-0.264133 0.133938 -0.149573
-0.177939 0.147706 -0.276642
-0.177939 0.147706 -0.276642
-0.165937 0.00852289 -0.185527
-0.165937 0.00852289 -0.185527
-0.0203048 -0.0621196 -0.270178
-0.131917 -0.0299088 -0.290246
-0.131917 -0.0299088 -0.290246
-0.00294689 -0.126054 -0.205675
-0.00294689 -0.126054 -0.205675
0.000465284 -0.180586 -0.265407
0.000465284 -0.180586 -0.265407
0.000465284 -0.180586 -0.265407
0.000465284 -0.180586 -0.265407
0.107638 -0.0834241 -0.304388
0.0256639 -0.108825 -0.199024
0.0256639 -0.108825 -0.199024
-0.0910188 -0.0385047 -0.0920794
-0.0910188 -0.0385047 -0.0920794
-0.0910188 -0.0385047 -0.0920794
-0.0910188 -0.0385047 -0.0920794
-0.0910188 -0.0385047 -0.0920794
-0.0910188 -0.0385047 -0.0920794
-0.0353413 0.109519 -0.218441
-0.0353413 0.109519 -0.218441
-0.177843 -0.0428651 -0.285947
-0.0347244 -0.0494373 -0.34229
0.0370141 -0.00856691 -0.341793
0.0973709 0.14699 -0.260866
0.0973709 0.14699 -0.260866
0.206373 -0.00487153 -0.133892
0.133661 0.0847013 -0.159221
0.136261 0.0730488 -0.281418
0.136261 0.0730488 -0.281418
0.136261 0.0730488 -0.281418
0.125017 0.0960099 -0.352838
0.125017 0.0960099 -0.352838
0.0158518 0.0566336 -0.386598
0.154054 0.153221 -0.234222
0.0168967 0.11159 -0.0868084
-0.0955151 0.0544394 -0.115657
0.00497865 0.0815042 -0.0383183
0.00497865 0.0815042 -0.0383183
-0.00669011 -0.0203674 0.0861933
0.0274308 0.0362278 0.0771973
0.0274308 0.0362278 0.0771973
0.058725 0.170561 0.0919423
0.0340272 0.0935181 0.0610207
-0.0324145 -0.0384575 -0.044242
-0.0324145 -0.0384575 -0.044242
-0.0324145 -0.0384575 -0.044242
-0.0180381 -0.139585 -0.195551
-0.0180381 -0.139585 -0.195551
-0.0180381 -0.139585 -0.195551
-0.0180381 -0.139585 -0.195551
-0.0180381 -0.139585 -0.195551
-0.086575 -0.179296 -0.281004
0.04754 -0.104986 -0.435789
0.10695 -0.139772 -0.569498
0.0315306 -0.121553 -0.454121
0.0315306 -0.121553 -0.454121
0.0911581 -0.0920569 -0.397089
0.0993395 -0.091175 -0.509116
0.00975757 -0.170225 -0.426232
0.00975757 -0.170225 -0.426232
-0.0306337 -0.168553 -0.416073
-0.188498 -0.14943 -0.316223
-0.188498 -0.14943 -0.316223
-0.184098 -0.0928786 -0.367668
-0.132291 -0.227602 -0.251448
0.00628321 -0.222069 -0.367087
0.00628321 -0.222069 -0.367087
0.00628321 -0.222069 -0.367087
0.00628321 -0.222069 -0.367087
0.154805 -0.0858963 -0.22412
0.27228 -0.0749248 -0.0775503
0.27228 -0.0749248 -0.0775503
0.27228 -0.0749248 -0.0775503
0.125899 -0.143223 -0.232475
0.125899 -0.143223 -0.232475
0.041491 -0.0273689 -0.282114
0.0381002 -0.0557603 -0.430983
0.0471249 0.0221405 -0.438497
0.0471249 0.0221405 -0.438497
0.0620314 -0.0191261 -0.393691
-0.0161293 -0.080935 -0.27729
0.0793298 -0.062158 -0.15071
0.0746958 0.0137332 -0.0797685
0.0746958 0.0137332 -0.0797685
0.0746958 0.0137332 -0.0797685
0.00745991 -0.0261372 -0.182354
0.00745991 -0.0261372 -0.182354
-0.0859487 0.00717311 -0.285828
-0.0859487 0.00717311 -0.285828
-0.0859487 0.00717311 -0.285828
-0.129178 -0.0222901 -0.32984
-0.0439396 0.115639 -0.18587
0.0152068 -0.00504581 -0.143746
-0.102935 0.0337694 -0.229312
-0.101942 0.139317 -0.255805
-0.101942 0.139317 -0.255805
0.0494339 0.050849 -0.408783
0.0494339 0.050849 -0.408783
0.106255 -0.0553033 -0.526744
0.106255 -0.0553033 -0.526744
0.101612 -0.127519 -0.585115
0.101612 -0.127519 -0.585115
0.03554 0.0224399 -0.636778
0.03554 0.0224399 -0.636778
0.03554 0.0224399 -0.636778
0.10379 -0.0496086 -0.663743
0.10379 -0.0496086 -0.663743
0.10379 -0.0496086 -0.663743
0.10379 -0.0496086 -0.663743
0.10379 -0.0496086 -0.663743
0.172651 -0.00505544 -0.637881
0.135922 0.123875 -0.593207
0.135922 0.123875 -0.593207
0.135922 0.123875 -0.593207
0.279237 0.00800296 -0.434714
0.279237 0.00800296 -0.434714
0.126837 -0.0634851 -0.381815
-0.0243582 -0.121365 -0.40181
-0.0243582 -0.121365 -0.40181
-0.151909 -0.0457706 -0.313886
-0.151909 -0.0457706 -0.313886
-0.151909 -0.0457706 -0.313886
-0.0210117 -0.168514 -0.213447
-0.00474166 -0.031245 -0.309503
-0.00474166 -0.031245 -0.309503
-0.00474166 -0.031245 -0.309503
0.0278148 0.052918 -0.222317
0.023852 -0.00926449 -0.261109
0.023852 -0.00926449 -0.261109
0.0492542 -0.0103076 -0.35309
0.0978229 0.0311077 -0.263085
0.0978229 0.0311077 -0.263085
0.0978229 0.0311077 -0.263085
0.0978229 0.0311077 -0.263085
0.0978229 0.0311077 -0.263085
0.029597 -0.123411 -0.326438
-0.0207014 -0.0601494 -0.214639
0.126562 0.0834005 -0.126033
0.126562 0.0834005 -0.126033
0.0612233 0.0576463 -0.274722
0.0612233 0.0576463 -0.274722
0.0990331 0.0714027 -0.163247
0.0990331 0.0714027 -0.163247
-0.0182074 -0.0524977 -0.0660305
-0.0394681 -0.0363031 -0.0712765
-0.0394681 -0.0363031 -0.0712765
-0.0394681 -0.0363031 -0.0712765
-0.0394681 -0.0363031 -0.0712765
-0.0394681 -0.0363031 -0.0712765
-0.0394681 -0.0363031 -0.0712765
-0.0394681 -0.0363031 -0.0712765
-0.0394681 -0.0363031 -0.0712765
-0.0394681 -0.0363031 -0.0712765
-0.0394681 -0.0363031 -0.0712765
-0.0394681 -0.0363031 -0.0712765
0.00338305 -0.0656289 -0.155009
0.00338305 -0.0656289 -0.155009
0.00338305 -0.0656289 -0.155009
0.00338305 -0.0656289 -0.155009
0.00338305 -0.0656289 -0.155009
0.00338305 -0.0656289 -0.155009
0.0712028 -0.014253 -0.0693412
0.0712028 -0.014253 -0.0693412
0.0997559 0.0632587 -0.204855
0.0671203 0.0750475 -0.32527
0.015711 -0.0416349 -0.220684
-0.0308569 -0.0701395 -0.270146
-0.0308569 -0.0701395 -0.270146
-0.0363187 0.0375063 -0.206755
-0.0483939 0.184371 -0.100127
-0.0483939 0.184371 -0.100127
-0.0483939 0.184371 -0.100127
-0.182297 0.0887967 -0.219316
-0.182297 0.0887967 -0.219316
-0.182297 0.0887967 -0.219316
-0.182297 0.0887967 -0.219316
-0.182297 0.0887967 -0.219316
-0.193174 0.15024 -0.279204
-0.17439 0.136314 -0.185269
-0.0848142 0.13035 -0.0734387
-0.203735 0.121877 0.0815041
-0.0765086 0.108882 0.0217591
0.0366271 0.120431 0.168774
0.0366271 0.120431 0.168774
0.0868643 0.0380899 0.048478
0.0868643 0.0380899 0.048478
0.0868643 0.0380899 0.048478
0.0791224 -0.00625088 0.0670263
0.017719 0.0659507 0.201379
0.017719 0.0659507 0.201379
0.017719 0.0659507 0.201379
0.017719 0.0659507 0.201379
0.017719 0.0659507 0.201379
0.00140011 0.14404 0.203205
0.00140011 0.14404 0.203205
0.00140011 0.14404 0.203205
0.0880739 0.0697053 0.241299
0.0350723 0.178896 0.198473
0.0350723 0.178896 0.198473
0.0584372 0.0566034 0.282167
0.126096 0.00909316 0.160474
0.0403636 0.068365 0.155726
0.0403636 0.068365 0.155726
0.0486554 0.0302124 0.0810938
-0.0509608 0.0851086 0.107433
-0.0509608 0.0851086 0.107433
0.00682452 -0.00620889 0.14312
0.00682452 -0.00620889 0.14312
0.00682452 -0.00620889 0.14312
0.0971713 -0.0346762 0.157271
0.0971713 -0.0346762 0.157271
0.0971713 -0.0346762 0.157271
-0.0608333 -0.0280577 0.0788147
-0.0608333 -0.0280577 0.0788147
-0.00177471 0.0450621 -0.0662819
-0.00177471 0.0450621 -0.0662819
0.0251755 0.100865 -0.0767741
0.0233253 0.241224 -0.119432
0.154269 0.114253 -0.275048
0.217739 0.176696 -0.124184
0.217739 0.176696 -0.124184
0.217739 0.176696 -0.124184
0.217739 0.176696 -0.124184
0.217739 0.176696 -0.124184
0.217739 0.176696 -0.124184
0.225415 0.0582299 -0.252462
0.225415 0.0582299 -0.252462
0.324691 0.174311 -0.300682
0.241511 0.309547 -0.325529
0.241511 0.309547 -0.325529
0.196468 0.316464 -0.315591
0.196468 0.316464 -0.315591
0.134664 0.279882 -0.183399
0.00246455 0.339931 -0.219444
-0.0318275 0.20626 -0.186417
-0.0318275 0.20626 -0.186417
-0.0793792 0.110797 -0.181408
-0.155097 0.0287792 -0.204528
-0.155097 0.0287792 -0.204528
-0.155097 0.0287792 -0.204528
-0.155097 0.0287792 -0.204528
-0.155097 0.0287792 -0.204528
-0.156642 0.0913674 -0.342585
-0.190255 0.234044 -0.209543
-0.137303 0.258586 -0.302146
-0.075063 0.231559 -0.4062
-0.075063 0.231559 -0.4062
-0.127148 0.224856 -0.345515
-0.209455 0.146525 -0.33926
-0.243909 0.238984 -0.263121
-0.174622 0.365604 -0.263401
-0.174622 0.365604 -0.263401
-0.174622 0.365604 -0.263401
-0.232714 0.262849 -0.1991
-0.1732 0.207361 -0.181026
-0.1732 0.207361 -0.181026
-0.1732 0.207361 -0.181026
-0.1732 0.207361 -0.181026
-0.1732 0.207361 -0.181026
-0.1732 0.207361 -0.181026
-0.1732 0.207361 -0.181026
-0.1732 0.207361 -0.181026
-0.1732 0.207361 -0.181026
-0.168961 0.30728 -0.143984
-0.155066 0.25359 -0.291443
-0.145906 0.23165 -0.232539
-0.0588294 0.266315 -0.300291
-0.106371 0.271176 -0.148649
-0.220184 0.215217 -0.0876684
-0.220184 0.215217 -0.0876684
-0.220184 0.215217 -0.0876684
-0.220184 0.215217 -0.0876684
-0.0674632 0.131797 -0.142254
-0.0674632 0.131797 -0.142254
-0.0674632 0.131797 -0.142254
-0.0674632 0.131797 -0.142254
-0.0674632 0.131797 -0.142254
-0.0968704 0.108354 -0.196436
-0.0283534 0.0447756 -0.250764
-0.0283534 0.0447756 -0.250764
-0.178378 0.129897 -0.205485
-0.279695 0.0646962 -0.316349
-0.180621 -0.0618078 -0.471661
-0.226392 0.0323779 -0.341114
-0.226392 0.0323779 -0.341114
-0.226392 0.0323779 -0.341114
-0.226392 0.0323779 -0.341114
-0.226392 0.0323779 -0.341114
-0.248036 -0.119312 -0.227288
-0.248036 -0.119312 -0.227288
-0.10307 -0.0899994 -0.217136
0.0473898 -0.0306449 -0.314598
0.0602412 -0.138854 -0.259331
0.0602412 -0.138854 -0.259331
0.0602412 -0.138854 -0.259331
0.0602412 -0.138854 -0.259331
-0.0440961 -0.0590166 -0.179437
-0.0440961 -0.0590166 -0.179437
-0.0440961 -0.0590166 -0.179437
-0.0440961 -0.0590166 -0.179437
-0.0440961 -0.0590166 -0.179437
-0.0440961 -0.0590166 -0.179437
-0.0440961 -0.0590166 -0.179437
-0.0440961 -0.0590166 -0.179437
-0.189474 -0.065957 -0.306262
-0.0494301 0.0575346 -0.256126
0.0215439 -0.0894991 -0.172177
0.0215439 -0.0894991 -0.172177
-0.0842404 -0.0535222 -0.172157
-0.0842404 -0.0535222 -0.172157
-0.181589 -0.0781248 -0.0991505
-0.181589 -0.0781248 -0.0991505
-0.18989 0.0776378 -0.199559
-0.18989 0.0776378 -0.199559
-0.141252 0.157633 -0.262038
-0.141252 0.157633 -0.262038
-0.0457835 0.191774 -0.373054
-0.017452 0.343708 -0.286885
-0.017452 0.343708 -0.286885
0.113245 0.203973 -0.435984
0.130829 0.109025 -0.288673
0.130829 0.109025 -0.288673
-0.00810357 0.180527 -0.13998
-0.00810357 0.180527 -0.13998
0.0170494 0.229078 -0.210229
0.036898 0.178753 -0.339814
0.036898 0.178753 -0.339814
0.183089 0.0679396 -0.314198
0.183089 0.0679396 -0.314198
0.0757602 0.115751 -0.229476
-0.00619592 0.20302 -0.186854
-0.00619592 0.20302 -0.186854
-0.00619592 0.20302 -0.186854
-0.00619592 0.20302 -0.186854
-0.00619592 0.20302 -0.186854
0.0727266 0.1258 -0.270757
0.0727266 0.1258 -0.270757
0.132562 0.166035 -0.302666
0.184155 0.12418 -0.241283
0.264176 0.140846 -0.152197
0.107517 0.108007 -0.164489
0.0731347 0.185096 -0.301914
0.0490925 0.124814 -0.256438
0.14557 0.0510575 -0.279435
0.0956217 0.0678067 -0.216323
0.0161018 0.0907018 -0.148674
-0.0637041 0.171051 -0.186025
0.0651894 0.155596 -0.330261
-0.0907844 0.099121 -0.309241
-0.0907844 0.099121 -0.309241
0.046343 0.0128058 -0.331758
0.046343 0.0128058 -0.331758
0.046343 0.0128058 -0.331758
0.046343 0.0128058 -0.331758
0.0690642 -0.101804 -0.307974
-0.0212723 0.0531236 -0.253125
-0.104628 0.129379 -0.224172
-0.0950887 0.139122 -0.155048
-0.0389082 0.0197054 -0.0545983
-0.0389082 0.0197054 -0.0545983
0.0225603 0.00349104 -0.142775
-0.101823 0.0925181 -0.0941493
-0.0695794 -0.0636697 -0.236512
0.0310713 -0.0230238 -0.212717
-0.0943195 0.0108802 -0.0971502
-0.0943195 0.0108802 -0.0971502
-0.0571323 0.116643 -0.202665
-0.0571323 0.116643 -0.202665
0.0182018 0.0221907 -0.181204
0.163309 0.179032 -0.281573
0.177475 0.1925 -0.150914
0.189839 0.166875 -0.0892718
0.084965 0.0472732 -0.114073
0.084965 0.0472732 -0.114073
0.084965 0.0472732 -0.114073
-0.0500632 -0.0140509 -0.0796517
-0.0500632 -0.0140509 -0.0796517
-0.0500632 -0.0140509 -0.0796517
-0.0870201 -0.141472 -0.190728
-0.0870201 -0.141472 -0.190728
-0.0870201 -0.141472 -0.190728
-0.130003 -0.0259825 -0.0436225
-0.111597 -0.0808053 0.101548
0.0382623 0.0586387 0.207569
0.0382623 0.0586387 0.207569
-0.0824278 0.137 0.157551
-0.0824278 0.137 0.157551
-0.0824278 0.137 0.157551
-0.0824278 0.137 0.157551
-0.0824278 0.137 0.157551
-0.0824278 0.137 0.157551
-0.131201 0.0744255 0.194029
-0.0659094 0.082627 0.170801
-0.0659094 0.082627 0.170801
-0.0659094 0.082627 0.170801
-0.105688 0.0918817 0.25542
-0.113719 -0.00481062 0.260358
0.0206803 -0.0143046 0.251509
-0.0588799 -0.0946863 0.250469
-0.0588799 -0.0946863 0.250469
-0.0588799 -0.0946863 0.250469
-0.0588799 -0.0946863 0.250469
-0.206313 -0.119619 0.197209
-0.206313 -0.119619 0.197209
-0.220863 -0.00436826 0.0516978
-0.272202 -0.096202 0.209715
-0.177081 -0.185479 0.193514
-0.114583 -0.155655 0.202675
-0.114583 -0.155655 0.202675
-0.114583 -0.155655 0.202675
-0.0149949 -0.0597628 0.0683572
-0.0149949 -0.0597628 0.0683572
-0.0149949 -0.0597628 0.0683572
-0.0149949 -0.0597628 0.0683572
-0.0149949 -0.0597628 0.0683572
-0.0149949 -0.0597628 0.0683572
-0.0149949 -0.0597628 0.0683572
-0.0149949 -0.0597628 0.0683572
-0.101137 -0.0639338 0.127697
-0.101137 -0.0639338 0.127697
-0.101137 -0.0639338 0.127697
-0.101137 -0.0639338 0.127697
-0.101137 -0.0639338 0.127697
-0.101137 -0.0639338 0.127697
-0.101137 -0.0639338 0.127697
-0.101137 -0.0639338 0.127697
0.0470398 0.0397113 0.19881
0.0470398 0.0397113 0.19881
0.114149 0.072566 0.106587
0.114149 0.072566 0.106587
0.114149 0.072566 0.106587
0.114149 0.072566 0.106587
0.0902178 0.190572 0.0764783
-0.036958 0.0719382 -0.0616839
-0.036958 0.0719382 -0.0616839
-0.036958 0.0719382 -0.0616839
0.0170028 0.0402672 0.0526864
-0.120114 0.080883 0.17666
-0.0527499 0.115803 0.163879
-0.0527499 0.115803 0.163879
-0.0549846 0.234409 0.285087
0.0712346 0.1125 0.14088
0.044976 0.119467 0.267135
0.044976 0.119467 0.267135
0.109573 -0.00586595 0.223879
0.109573 -0.00586595 0.223879
0.109573 -0.00586595 0.223879
0.109573 -0.00586595 0.223879
0.109573 -0.00586595 0.223879
0.109573 -0.00586595 0.223879
0.119674 -0.103884 0.161458
-0.0288755 -0.125913 0.0581543
-0.171651 -0.104541 0.196388
-0.171651 -0.104541 0.196388
-0.171651 -0.104541 0.196388
-0.0505914 -0.0433338 0.289558
-0.0505914 -0.0433338 0.289558
-0.0897533 -0.122199 0.209408
0.0562595 -0.0293272 0.116624
0.0562595 -0.0293272 0.116624
0.0562595 -0.0293272 0.116624
0.0562595 -0.0293272 0.116624
-0.091298 0.0388902 0.272417
0.0314647 -0.0758821 0.234949
0.050636 -0.00336637 0.158929
-0.0662044 -0.0921335 0.104065
-0.0167205 -0.0198082 0.099642
-0.160961 0.0293275 0.183501
-0.0270846 0.0447186 0.283873
-0.0270846 0.0447186 0.283873
-0.0270846 0.0447186 0.283873
-0.0270846 0.0447186 0.283873
-0.0270846 0.0447186 0.283873
0.000891815 -0.0675679 0.228518
-0.0599656 0.0529558 0.175226
-0.0599656 0.0529558 0.175226
-0.0599656 0.0529558 0.175226
-0.0385046 0.133189 0.157237
0.0114992 0.0734338 0.0945704
0.0114992 0.0734338 0.0945704
0.0114992 0.0734338 0.0945704
0.0114992 0.0734338 0.0945704
0.00635484 -0.0630806 0.229765
0.00635484 -0.0630806 0.229765
-0.0383638 -0.20494 0.222237
-0.0383638 -0.20494 0.222237
-0.0383638 -0.20494 0.222237
-0.151546 -0.115979 0.273039
-0.151546 -0.115979 0.273039
-0.014524 -0.11274 0.376509
0.114713 0.0246762 0.290604
0.124017 -0.119558 0.222834
0.0330477 -0.0734951 0.279666
-0.0422369 0.00271205 0.295307
-0.0422369 0.00271205 0.295307
-0.199505 -0.0594332 0.200877
-0.199505 -0.0594332 0.200877
-0.199505 -0.0594332 0.200877
-0.199505 -0.0594332 0.200877
-0.0468011 0.0653424 0.334041
-0.0468011 0.0653424 0.334041
0.0759691 -0.0505643 0.379869
0.199359 -0.0973898 0.239718
0.120689 -0.247798 0.199866
0.120689 -0.247798 0.199866
0.155592 -0.243824 0.216413
0.155592 -0.243824 0.216413
0.0976165 -0.141895 0.075263
0.0976165 -0.141895 0.075263
0.104972 -0.128141 -0.0671716
0.104972 -0.128141 -0.0671716
0.0218198 -0.0288091 -0.0283104
0.0218198 -0.0288091 -0.0283104
0.0218198 -0.0288091 -0.0283104
0.0058728 -0.143471 -0.103584
0.0058728 -0.143471 -0.103584
0.0058728 -0.143471 -0.103584
-0.0271686 -0.0770318 -0.0845673
0.0463963 0.0790963 -0.142711
-0.0293007 0.105974 -0.0847476
-0.0293007 0.105974 -0.0847476
-0.0601703 0.0463511 -0.151371
0.0903251 -0.105857 -0.185553
0.0903251 -0.105857 -0.185553
0.0233299 -0.02649 -0.117968
0.0233299 -0.02649 -0.117968
-0.0216287 0.0964818 -0.0905474
0.0708967 0.211584 -0.223907
0.0213064 0.183401 -0.119616
0.0213064 0.183401 -0.119616
0.0213064 0.183401 -0.119616
0.0213064 0.183401 -0.119616
0.0213064 0.183401 -0.119616
0.0367905 0.103621 -0.114155
0.0367905 0.103621 -0.114155
0.0367905 0.103621 -0.114155
0.0367905 0.103621 -0.114155
0.0995712 0.103474 -0.112717
0.0995712 0.103474 -0.112717
0.0995712 0.103474 -0.112717
0.0995712 0.103474 -0.112717
0.0995712 0.103474 -0.112717
0.00701024 -0.0419501 -0.229111
0.00701024 -0.0419501 -0.229111
0.00701024 -0.0419501 -0.229111
-0.122697 0.0132142 -0.189078
-0.122697 0.0132142 -0.189078
-0.122697 0.0132142 -0.189078
-0.0839654 -0.0768 -0.100406
0.0124609 0.0389891 0.0415223
0.133091 0.0468664 0.148053
0.133091 0.0468664 0.148053
0.133091 0.0468664 0.148053
0.0653268 0.0181655 0.211758
0.0615667 0.000578363 0.210947
0.0615667 0.000578363 0.210947
-0.0103727 0.0710865 0.12455
0.0638106 0.200665 0.037411
-0.0643311 0.0540057 0.106529
-0.00797533 0.103668 0.193298
-0.00797533 0.103668 0.193298
-0.00797533 0.103668 0.193298
-0.00797533 0.103668 0.193298
-0.093112 0.00678132 0.298272
-0.093112 0.00678132 0.298272
-0.093112 0.00678132 0.298272
-0.093112 0.00678132 0.298272
-0.0042872 -0.0679294 0.302575
-0.0042872 -0.0679294 0.302575
-0.0042872 -0.0679294 0.302575
0.052134 -0.0274465 0.153982
0.052134 -0.0274465 0.153982
0.052134 -0.0274465 0.153982
-0.0282427 -0.113612 0.214468
-0.0282427 -0.113612 0.214468
-0.0282427 -0.113612 0.214468
-0.132736 -0.0385219 0.30684
-0.132736 -0.0385219 0.30684
-0.132736 -0.0385219 0.30684
-0.0319002 -0.00840176 0.250772
-0.0430624 0.0222477 0.340061
-0.0430624 0.0222477 0.340061
-0.0476674 0.0552387 0.306754
0.0704897 -0.0451862 0.21695
0.0704897 -0.0451862 0.21695
-0.0190167 -0.00539755 0.109192
-0.0190167 -0.00539755 0.109192
-0.0190167 -0.00539755 0.109192
-0.0190167 -0.00539755 0.109192
-0.0190167 -0.00539755 0.109192
-0.0190167 -0.00539755 0.109192
-0.0190167 -0.00539755 0.109192
0.0147606 0.0752523 0.22809
0.0147606 0.0752523 0.22809
-0.0151629 0.125736 0.113422
0.105035 0.1612 0.12797
0.105035 0.1612 0.12797
0.105035 0.1612 0.12797
0.147089 0.0591063 0.251289
0.147089 0.0591063 0.251289
0.0802228 -0.0577696 0.12359
