-0.0399237 1.02308 0.553297
-0.0837241 1.03958 0.596197
-0.118815 1.04725 0.57284
-0.091873 1.01902 0.54039
-0.117488 0.991431 0.537406
-0.117488 0.991431 0.537406
-0.101411 0.961156 0.556279
-0.0654386 0.913838 0.55136
-0.0654386 0.913838 0.55136
-0.0654386 0.913838 0.55136
-0.0673927 0.861561 0.521177
-0.0673927 0.861561 0.521177
-0.0990039 0.825493 0.539685
-0.11559 0.818816 0.489821
-0.11559 0.818816 0.489821
-0.137764 0.848644 0.4381
-0.137764 0.848644 0.4381
-0.0906663 0.831889 0.465613
-0.0906663 0.831889 0.465613
-0.132046 0.815631 0.499263
-0.176702 0.791249 0.541834
-0.202225 0.744706 0.502883
-0.202225 0.744706 0.502883
-0.228839 0.772035 0.497527
-0.197767 0.748955 0.530224
-0.182272 0.696062 0.546783
-0.182272 0.696062 0.546783
-0.182272 0.696062 0.546783
-0.169772 0.659 0.550878
-0.205238 0.62544 0.498885
-0.223609 0.59433 0.500223
-0.216338 0.637048 0.450967
-0.261232 0.59662 0.399845
-0.292842 0.550421 0.34933
-0.292842 0.550421 0.34933
-0.292842 0.550421 0.34933
-0.292842 0.550421 0.34933
-0.290997 0.557107 0.316651
-0.292051 0.56138 0.309749
-0.333451 0.510083 0.294713
-0.343212 0.467036 0.340958
-0.343212 0.467036 0.340958
-0.311692 0.472031 0.289106
-0.311692 0.472031 0.289106
-0.321853 0.460213 0.254147
-0.321853 0.460213 0.254147
-0.307557 0.425933 0.244428
-0.356783 0.377557 0.293708
-0.381547 0.351279 0.336791
-0.381547 0.351279 0.336791
-0.381547 0.351279 0.336791
-0.330215 0.381333 0.352474
-0.329125 0.369866 0.334824
-0.329125 0.369866 0.334824
-0.279243 0.413681 0.337728
-0.250408 0.408117 0.295087
-0.250408 0.408117 0.295087
-0.198998 0.38065 0.325113
-0.198998 0.38065 0.325113
-0.204824 0.398944 0.30906
-0.204824 0.398944 0.30906
-0.245548 0.436848 0.264774
-0.289671 0.423918 0.21995
-0.289671 0.423918 0.21995
-0.29035 0.423772 0.185579
-0.293597 0.438115 0.174105
-0.292134 0.44847 0.15229
-0.302088 0.490621 0.196379
-0.303959 0.466006 0.209898
-0.268869 0.494806 0.204029
-0.31099 0.494447 0.168479
-0.265805 0.466574 0.139241
-0.292971 0.429807 0.160695
-0.259034 0.462504 0.201162
-0.212555 0.434907 0.218441
-0.181941 0.390061 0.248808
-0.219709 0.343349 0.208262
-0.219709 0.343349 0.208262
-0.269747 0.334683 0.258198
-0.222292 0.370839 0.21099
-0.24324 0.376972 0.19607
-0.249904 0.38072 0.152252
-0.249904 0.38072 0.152252
-0.280346 0.372897 0.109951
-0.27256 0.37542 0.0985199
-0.241131 0.354794 0.121385
-0.27048 0.372805 0.0871711
-0.271946 0.365312 0.0624897
-0.271946 0.365312 0.0624897
-0.271946 0.365312 0.0624897
-0.264143 0.35179 0.0846036
-0.264143 0.35179 0.0846036
-0.245763 0.342166 0.090294
-0.222449 0.349663 0.0824186
-0.179444 0.393937 0.0981834
-0.179444 0.393937 0.0981834
-0.131194 0.434178 0.108418
-0.131194 0.434178 0.108418
-0.176393 0.388791 0.0869303
-0.212705 0.348885 0.100362
-0.200685 0.297539 0.13341
-0.215574 0.278492 0.0918566
-0.226549 0.250963 0.119334
-0.267734 0.209429 0.0883481
-0.267734 0.209429 0.0883481
-0.221365 0.211998 0.0683378
-0.240148 0.18491 0.0203669
-0.221495 0.218767 0.0600827
-0.197767 0.23457 0.0846436
-0.227675 0.198729 0.03857
-0.227675 0.198729 0.03857
-0.17529 0.193452 0.0694524
-0.223676 0.146809 0.0336917
-0.181177 0.170646 0.00174273
-0.181177 0.170646 0.00174273
-0.161195 0.170128 0.0503243
-0.124631 0.211946 0.0689952
-0.150767 0.19178 0.0701808
-0.0992455 0.240641 0.0645062
-0.0992455 0.240641 0.0645062
-0.0992455 0.240641 0.0645062
-0.0651965 0.287951 0.0862144
-0.0651965 0.287951 0.0862144
-0.0512849 0.301165 0.123906
-0.0260631 0.256083 0.0896133
-0.0260631 0.256083 0.0896133
0.0107081 0.265627 0.0504582
0.0179178 0.23563 0.0369312
-0.0172647 0.197485 0.0811094
0.0142732 0.169703 0.104548
-0.0219053 0.181061 0.107436
0.0168443 0.139465 0.139937
0.0168443 0.139465 0.139937
0.056163 0.148465 0.108302
0.0302867 0.117752 0.145428
0.0328819 0.0834338 0.139276
0.0328819 0.0834338 0.139276
0.0205368 0.127805 0.0961717
0.0407842 0.0964873 0.126898
0.0566012 0.0609513 0.130409
0.0131595 0.0832176 0.116003
0.0341783 0.0662741 0.0922615
0.0341783 0.0662741 0.0922615
0.0548101 0.0646119 0.109165
0.0636355 0.0292549 0.118124
0.0981408 0.0589748 0.0980491
0.109212 0.0193801 0.0715676
0.0673751 -0.0251715 0.120886
0.0504585 -0.00679179 0.164131
0.0913098 0.0345505 0.124202
0.0913098 0.0345505 0.124202
0.119673 0.0861168 0.07172
0.103975 0.119866 0.036179
0.0990936 0.0883726 -0.00427336
0.0990936 0.0883726 -0.00427336
0.12403 0.0725863 -0.0221315
0.087602 0.0373645 0.0267657
0.087602 0.0373645 0.0267657
0.0494291 0.0352744 -0.0188369
0.059031 -0.000564305 0.0196216
0.0153839 0.0299304 -0.00930822
0.0153839 0.0299304 -0.00930822
0.0153839 0.0299304 -0.00930822
0.0153839 0.0299304 -0.00930822
0.0208682 0.035379 0.0363885
0.0208682 0.035379 0.0363885
0.0436058 0.0211926 0.055593
0.0494132 0.0617031 0.0151413
0.0747585 0.110561 0.0147551
0.0747585 0.110561 0.0147551
0.0747585 0.110561 0.0147551
0.0747585 0.110561 0.0147551
0.117128 0.108524 0.0601631
0.0989651 0.122279 0.0112476
0.0890696 0.147071 0.00850757
0.0890696 0.147071 0.00850757
0.0383848 0.120368 0.044969
0.0261813 0.0904726 0.0688825
0.0673278 0.0401861 0.0723832
0.0823093 0.0303028 0.0997956
0.109147 -0.00671701 0.118255
0.123478 -0.0583791 0.0859325
0.123478 -0.0583791 0.0859325
0.123478 -0.0583791 0.0859325
0.0743523 -0.103838 0.0392667
0.0390786 -0.0570542 0.091685
0.0840536 -0.088257 0.0983868
0.045855 -0.0665742 0.0776002
0.045855 -0.0665742 0.0776002
0.045855 -0.0665742 0.0776002
0.045855 -0.0665742 0.0776002
0.081895 -0.074731 0.0541964
0.104107 -0.0683506 0.0526901
0.131262 -0.0808726 0.0475968
0.0930372 -0.072836 0.0138779
0.087231 -0.0250001 0.0460332
0.0631637 0.00660898 0.0934069
0.0631637 0.00660898 0.0934069
0.074212 0.0193603 0.0948282
0.0572604 -0.0322413 0.0953749
0.0797525 -0.0334581 0.10838
0.0517166 -0.0718545 0.130536
0.0807676 -0.0694306 0.0921289
0.0341216 -0.0741871 0.0614254
0.0341216 -0.0741871 0.0614254
0.0827173 -0.0432481 0.0956196
0.0613247 -0.0365974 0.130655
0.0442153 -0.00694754 0.0824692
0.0105002 -0.0363147 0.109893
-0.0283925 0.00451647 0.127718
-0.0277836 0.0182546 0.0858492
0.0049427 0.0670512 0.0472251
-0.0230151 0.0993356 0.0206101
-0.0230151 0.0993356 0.0206101
-0.046488 0.100761 0.00500895
-0.046488 0.100761 0.00500895
-0.00532696 0.128404 0.0545735
-0.0531132 0.0869291 0.0884155
-0.0531132 0.0869291 0.0884155
-0.00953664 0.0772514 0.0861731
0.0430962 0.106961 0.137278
0.0822026 0.119478 0.140701
0.0822026 0.119478 0.140701
0.0822026 0.119478 0.140701
0.0811981 0.0934563 0.104871
0.0628125 0.114988 0.081184
0.0628125 0.114988 0.081184
0.0294279 0.0853389 0.0382429
-0.0153385 0.0660999 0.0721166
-0.0176114 0.0733509 0.0390981
-0.00178998 0.0697701 0.0446998
0.0253561 0.106433 0.0897288
-0.00816181 0.0866259 0.0877944
-0.00816181 0.0866259 0.0877944
0.0133374 0.0900987 0.101511
0.0302983 0.085217 0.103233
-0.0191243 0.106389 0.0871615
-0.0191243 0.106389 0.0871615
-0.0191243 0.106389 0.0871615
-0.0191243 0.106389 0.0871615
-0.0191243 0.106389 0.0871615
-0.0557481 0.117989 0.0822732
-0.0488941 0.0668038 0.0650205
-0.0582479 0.0592104 0.0789379
-0.0389443 0.0337478 0.0795522
-0.00262541 -0.00234691 0.0756882
-0.0181622 -0.0183296 0.0998127
-0.0108172 -0.0104036 0.0831717
0.0414531 0.0035948 0.0799884
0.0512855 -0.0196992 0.0964029
0.0512855 -0.0196992 0.0964029
0.0531993 0.0244054 0.0525087
0.000576151 0.030415 0.100239
0.000576151 0.030415 0.100239
-0.0216687 0.0480375 0.0861854
0.00947211 0.0581457 0.0617967
0.00125107 0.0934461 0.0158378
0.00125107 0.0934461 0.0158378
-0.0385232 0.0417044 -0.0143166
-0.0385232 0.0417044 -0.0143166
0.00282175 0.017156 -0.0499307
0.00282175 0.017156 -0.0499307
0.00282175 0.017156 -0.0499307
-0.0323284 -0.0317779 -0.0323805
-0.0323284 -0.0317779 -0.0323805
-0.0323284 -0.0317779 -0.0323805
0.00710609 0.00162662 0.0143584
0.00710609 0.00162662 0.0143584
0.00710609 0.00162662 0.0143584
-0.00590065 -0.0291397 -0.0253232
-0.0274662 -0.0243241 -0.0371988
0.0216316 -0.00938421 -0.0250199
0.0216316 -0.00938421 -0.0250199
0.0216316 -0.00938421 -0.0250199
0.0216316 -0.00938421 -0.0250199
0.0216316 -0.00938421 -0.0250199
0.0272949 -0.051133 0.0193493
0.0345738 -0.056542 -0.00892657
0.0620374 -0.0871089 0.00502213
0.0620374 -0.0871089 0.00502213
0.0661532 -0.0773135 -0.0149581
0.0661532 -0.0773135 -0.0149581
0.0661532 -0.0773135 -0.0149581
0.0661532 -0.0773135 -0.0149581
0.0218897 -0.0711429 -0.047806
-0.0189287 -0.0325425 -0.0948532
-0.0189287 -0.0325425 -0.0948532
-0.0189287 -0.0325425 -0.0948532
0.0086125 -0.00206089 -0.104388
0.0086125 -0.00206089 -0.104388
0.0086125 -0.00206089 -0.104388
-0.0179952 -0.0267775 -0.143085
-0.0179952 -0.0267775 -0.143085
-0.0179952 -0.0267775 -0.143085
-0.0179952 -0.0267775 -0.143085
0.0269042 -0.0599723 -0.107218
0.0501957 -0.0886133 -0.0814813
0.101398 -0.0837045 -0.100341
0.0731621 -0.091373 -0.114115
0.0476686 -0.0750953 -0.106424
0.0476686 -0.0750953 -0.106424
0.0201285 -0.105126 -0.120615
0.036867 -0.0657628 -0.0845302
0.0299163 -0.0390014 -0.085326
0.0299163 -0.0390014 -0.085326
0.0442698 0.012251 -0.0453278
0.0198183 0.0564848 -0.0678051
0.00304304 0.0453794 -0.059525
-0.0273315 0.0584723 -0.0444209
-0.00900265 0.0633167 -0.044984
-0.0285169 0.0602965 -0.0116662
-0.0285169 0.0602965 -0.0116662
-0.0285169 0.0602965 -0.0116662
-0.00468832 0.0522949 -0.0567236
-0.00468832 0.0522949 -0.0567236
0.0133493 0.0732766 -0.0547819
0.0133493 0.0732766 -0.0547819
0.0344689 0.0612864 -0.0401611
0.0109079 0.0577259 -0.0134407
0.0109079 0.0577259 -0.0134407
0.0109079 0.0577259 -0.0134407
0.0109079 0.0577259 -0.0134407
0.0109079 0.0577259 -0.0134407
0.0109079 0.0577259 -0.0134407
0.0109079 0.0577259 -0.0134407
0.0109079 0.0577259 -0.0134407
0.0109079 0.0577259 -0.0134407
0.0243772 0.0190486 -0.0462593
0.0395742 -0.00789893 -0.0178162
-0.00789506 0.00899135 -0.0301682
-0.00789506 0.00899135 -0.0301682
-0.00789506 0.00899135 -0.0301682
-0.0252585 0.0164269 -0.0529621
0.0238857 -0.0166001 -0.00225747
-0.0169626 -0.0146782 0.036362
-0.0169626 -0.0146782 0.036362
-0.0169626 -0.0146782 0.036362
0.00764398 -0.0200709 0.0135672
0.0155738 -0.0133597 0.0187564
-0.00402947 -0.0116205 0.0221673
-0.00402947 -0.0116205 0.0221673
-0.00402947 -0.0116205 0.0221673
-0.00402947 -0.0116205 0.0221673
-0.00402947 -0.0116205 0.0221673
-0.00402947 -0.0116205 0.0221673
0.0119824 0.00667309 0.0401237
0.00662754 0.0293492 0.0225639
-0.0061103 0.0178527 0.0240487
-0.0061103 0.0178527 0.0240487
-0.0061103 0.0178527 0.0240487
-0.0061103 0.0178527 0.0240487
-0.0061103 0.0178527 0.0240487
0.0329523 0.00302228 -0.0232368
0.0329523 0.00302228 -0.0232368
0.0329523 0.00302228 -0.0232368
0.0378482 0.0145959 0.0268622
0.0378482 0.0145959 0.0268622
-0.000104723 0.0268617 -0.0205417
0.0178528 0.0271565 0.0130124
0.0178528 0.0271565 0.0130124
-0.0155126 0.0365948 -0.00773286
0.0307103 -0.000359855 0.00110866
0.0307103 -0.000359855 0.00110866
0.0357672 -0.0246137 -0.0132059
0.0357672 -0.0246137 -0.0132059
0.0782633 0.0153753 0.0307997
0.0388152 0.0143811 0.0632487
0.0519581 0.0464255 0.071344
0.0758342 0.0367154 0.019578
0.0758342 0.0367154 0.019578
0.0327505 0.0800851 -0.005227
0.0727726 0.0845139 -0.0558948
0.0812769 0.106662 -0.0941522
0.0486409 0.10337 -0.0414303
0.0271052 0.0584201 0.00217834
0.0271052 0.0584201 0.00217834
0.0271052 0.0584201 0.00217834
0.0271052 0.0584201 0.00217834
0.0446076 0.050071 -0.0218364
0.0172223 0.00593392 -0.0316428
0.000247097 -0.0317685 0.00231183
0.000247097 -0.0317685 0.00231183
-0.032751 -0.0148566 0.04764
-0.032751 -0.0148566 0.04764
-0.0797002 -0.0234359 0.0158178
-0.0797002 -0.0234359 0.0158178
-0.0630322 -0.0121503 0.0277254
-0.0585002 -0.00966099 0.0417681
-0.0817369 -0.0219379 0.0248744
-0.0409753 -0.0722082 -0.0157627
0.0047861 -0.0638152 0.0210631
-0.00606918 -0.0403558 -0.0303084
-0.00606918 -0.0403558 -0.0303084
-0.00606918 -0.0403558 -0.0303084
-0.00606918 -0.0403558 -0.0303084
0.0299525 0.0103885 -0.0467361
0.0548283 0.0223154 -0.0165778
0.0548283 0.0223154 -0.0165778
0.0620383 0.0251053 -0.00222406
0.02871 -0.00724653 0.0213708
0.0371356 0.0412511 0.045934
0.0216722 0.071571 0.00274146
0.0216722 0.071571 0.00274146
0.0216722 0.071571 0.00274146
0.0671692 0.0264619 0.0105597
0.0671692 0.0264619 0.0105597
0.0671692 0.0264619 0.0105597
0.0676556 -0.0066702 0.0409877
0.0676556 -0.0066702 0.0409877
0.0611324 -0.0351799 0.0113498
0.0228738 -0.0782742 0.0242246
0.0688243 -0.0466375 0.0269708
0.0695395 -0.038855 -0.0185762
0.0678976 -0.0893153 -0.0328901
0.0818364 -0.0995091 -0.0608488
0.116799 -0.0626162 -0.0259949
0.113571 -0.088107 -0.0723062
0.0819171 -0.0838096 -0.0461632
0.124097 -0.0441959 -0.0177783
0.0872676 -0.01472 -0.0514003
0.0407665 -0.0135031 -0.021609
0.011512 -0.0394586 0.0199802
0.011512 -0.0394586 0.0199802
0.011512 -0.0394586 0.0199802
0.00322369 -0.0279578 0.0335887
0.00322369 -0.0279578 0.0335887
0.00322369 -0.0279578 0.0335887
-0.0490085 -0.0266327 0.0449773
-0.00687323 -0.0706909 0.0264714
0.002164 -0.0588551 0.00279961
0.002164 -0.0588551 0.00279961
0.0494063 -0.0170976 -0.0297044
0.0494063 -0.0170976 -0.0297044
0.0879481 -0.0520882 -0.0189499
0.0583251 -0.00684925 -0.0578549
0.048147 -0.0091731 -0.0785953
0.048147 -0.0091731 -0.0785953
0.048147 -0.0091731 -0.0785953
0.048147 -0.0091731 -0.0785953
0.0729811 -0.0193233 -0.0960785
0.0660627 0.0120163 -0.0829465
0.0661146 0.0233824 -0.123814
0.071401 -0.0110571 -0.126386
0.071401 -0.0110571 -0.126386
0.113274 -0.0498239 -0.129377
0.113274 -0.0498239 -0.129377
0.113274 -0.0498239 -0.129377
0.0961264 -0.00759428 -0.153704
0.0961264 -0.00759428 -0.153704
0.097281 -0.0552082 -0.121459
0.097281 -0.0552082 -0.121459
0.0566954 -0.0371707 -0.148201
0.0598532 -0.00224073 -0.10181
0.0850596 0.00140057 -0.056501
0.0657636 0.0354059 -0.00639955
0.113749 0.00333553 0.0366836
0.0799879 -0.0265488 0.072831
0.0799879 -0.0265488 0.072831
0.028725 -0.0280646 0.0865188
0.028725 -0.0280646 0.0865188
0.0503959 0.0176778 0.0352093
0.0503959 0.0176778 0.0352093
0.0503959 0.0176778 0.0352093
0.00036471 0.0273804 -0.0157871
0.00036471 0.0273804 -0.0157871
0.00036471 0.0273804 -0.0157871
0.00036471 0.0273804 -0.0157871
0.0316409 0.0691095 -0.0504113
-0.000976974 0.0988425 -0.0534628
-0.000976974 0.0988425 -0.0534628
-0.000976974 0.0988425 -0.0534628
-0.00569573 0.142935 -0.0507382
-0.00569573 0.142935 -0.0507382
0.00803209 0.123183 -0.0734531
0.0143686 0.0760585 -0.0556831
0.0390149 0.0355571 -0.0177134
0.0378821 0.0783137 -0.0515077
0.0663743 0.0427021 -0.0460867
0.0180778 -0.00972721 -0.0157788
0.0180778 -0.00972721 -0.0157788
0.0180778 -0.00972721 -0.0157788
0.0180778 -0.00972721 -0.0157788
-0.0179741 -0.00601686 -0.0247648
-0.0682542 0.0224037 -0.0160676
-0.0682542 0.0224037 -0.0160676
-0.0682542 0.0224037 -0.0160676
-0.0288739 0.0451491 0.00731453
0.0156852 0.00767507 0.0541758
-0.00788629 -0.0170792 0.0679436
-0.0526534 0.0162247 0.0248512
-0.0526534 0.0162247 0.0248512
-0.0264285 0.0374994 -0.020688
0.00885242 0.0475073 -0.032383
-0.0355738 0.0585896 -0.0172925
-0.0397436 0.0647625 0.0243777
-0.0631022 0.0523193 0.0640724
-0.0644086 0.0359031 0.0559411
-0.0644086 0.0359031 0.0559411
-0.0550728 0.0599956 0.0593852
-0.048265 0.0771327 0.0799948
-0.030387 0.0601386 0.0847021
-0.045852 0.0198994 0.101923
0.00575653 -0.00773789 0.116321
0.0203549 -0.00141281 0.136148
-0.0138132 -0.0467764 0.183062
-0.0138132 -0.0467764 0.183062
-0.0633611 -0.0987031 0.174682
-0.0326882 -0.125426 0.131231
0.00837311 -0.159243 0.0887382
0.0019064 -0.137533 0.127234
0.0104454 -0.120781 0.150149
0.0104454 -0.120781 0.150149
0.0311609 -0.142141 0.101949
0.0311609 -0.142141 0.101949
0.0445346 -0.110906 0.133603
0.021489 -0.153765 0.107194
0.021489 -0.153765 0.107194
-0.00939612 -0.110406 0.0742519
-0.00939612 -0.110406 0.0742519
0.0227791 -0.0702509 0.0344308
0.0160064 -0.025759 0.00171668
-0.00226455 -0.0225919 -0.012186
-0.00226455 -0.0225919 -0.012186
-0.00226455 -0.0225919 -0.012186
0.0148014 0.0067708 -0.009245
0.00450984 0.00548307 0.00160221
0.00450984 0.00548307 0.00160221
0.00450984 0.00548307 0.00160221
0.00450984 0.00548307 0.00160221
0.00450984 0.00548307 0.00160221
0.0359184 0.00579159 -0.0155842
0.0359184 0.00579159 -0.0155842
0.0173394 -0.0184134 -0.0577774
0.0173394 -0.0184134 -0.0577774
-0.00118924 0.00899334 -0.0328382
-0.0423171 0.0558525 0.00630867
-0.0420648 0.0719037 0.0300888
-0.0420648 0.0719037 0.0300888
-0.0420648 0.0719037 0.0300888
-0.0523439 0.090115 0.0205181
-0.0613071 0.0630646 -0.000457878
-0.0613071 0.0630646 -0.000457878
-0.0613071 0.0630646 -0.000457878
-0.0613071 0.0630646 -0.000457878
-0.0645361 0.0598626 0.0446863
-0.0160183 0.00752712 0.0482937
-0.0160183 0.00752712 0.0482937
-0.0160183 0.00752712 0.0482937
-0.02822 0.00558913 0.0386055
-0.02822 0.00558913 0.0386055
-0.02822 0.00558913 0.0386055
-0.02822 0.00558913 0.0386055
-0.0717564 -0.0234681 0.00420971
-0.0717564 -0.0234681 0.00420971
-0.0717564 -0.0234681 0.00420971
-0.0943033 -0.0171783 0.00533852
-0.0805617 0.00118114 0.00769613
-0.0805617 0.00118114 0.00769613
-0.0805617 0.00118114 0.00769613
-0.100687 0.0395117 -0.0420521
-0.100687 0.0395117 -0.0420521
-0.10654 0.0315654 -0.0421451
-0.10654 0.0315654 -0.0421451
-0.10654 0.0315654 -0.0421451
-0.0720067 -0.0160481 -0.0898697
-0.0825012 -0.0210503 -0.0625495
-0.0825012 -0.0210503 -0.0625495
-0.0421521 -0.0528966 -0.0500633
-0.0421521 -0.0528966 -0.0500633
-0.0716835 -0.0361442 0.00276247
-0.0716835 -0.0361442 0.00276247
-0.0919658 -0.0326407 -0.0496705
-0.0919658 -0.0326407 -0.0496705
-0.113287 -0.0167685 -0.0221147
-0.113287 -0.0167685 -0.0221147
-0.117073 0.012476 0.0276443
-0.147253 0.052271 0.00152668
-0.102599 0.055103 0.00583034
-0.102599 0.055103 0.00583034
-0.0702498 0.0240648 -0.0254217
-0.0617872 0.0173306 -0.00964366
-0.073685 0.0302054 0.0023735
-0.073685 0.0302054 0.0023735
-0.102608 0.025441 0.00930193
-0.0959421 -0.0271685 0.0263401
-0.0959421 -0.0271685 0.0263401
-0.0959421 -0.0271685 0.0263401
-0.0788077 -0.0345989 0.071601
-0.091026 -0.00218718 0.0485229
-0.063813 0.0141421 0.0570169
-0.063813 0.0141421 0.0570169
-0.0227656 0.0330323 0.0792554
0.00183959 0.0233985 0.051995
0.000723389 0.0452721 0.0592883
-0.0142288 0.0857526 0.0259138
-0.0142288 0.0857526 0.0259138
-0.0283048 0.0330422 0.0356494
-0.0214521 0.0458551 0.00364965
-0.00578533 0.0435736 -0.0318398
-0.00578533 0.0435736 -0.0318398
0.0426706 0.014729 0.00143279
0.0426706 0.014729 0.00143279
-0.00411618 -0.014346 0.0495543
-0.00411618 -0.014346 0.0495543
-0.0255254 -0.0292273 0.0120044
-0.0255254 -0.0292273 0.0120044
-0.00790957 -0.0222594 -0.0391237
-0.0275329 -0.00572015 -0.0385135
-0.0275329 -0.00572015 -0.0385135
-0.0275329 -0.00572015 -0.0385135
-0.0191596 0.0292302 -0.0217523
-0.0191596 0.0292302 -0.0217523
0.0134606 0.0208313 -0.0199306
0.0134606 0.0208313 -0.0199306
0.0134606 0.0208313 -0.0199306
-0.00170117 -0.00322286 0.00494774
-0.00170117 -0.00322286 0.00494774
0.0122008 0.0333419 0.0163971
0.0122008 0.0333419 0.0163971
0.0122008 0.0333419 0.0163971
0.0319902 0.034421 0.0345999
0.0319902 0.034421 0.0345999
0.0319902 0.034421 0.0345999
0.0319902 0.034421 0.0345999
0.00288991 -0.00901415 0.00910087
0.00288991 -0.00901415 0.00910087
-0.0456105 0.0113333 0.0352088
-0.0794992 -0.0204194 -0.0172792
-0.0794992 -0.0204194 -0.0172792
-0.0521533 0.000809212 -0.0590102
-0.0521533 0.000809212 -0.0590102
-0.0521533 0.000809212 -0.0590102
-0.0476141 0.00892001 -0.0400611
-0.0666317 0.0185446 -0.0156755
-0.0346222 -0.0314504 -0.0586736
-0.0346222 -0.0314504 -0.0586736
-0.01598 -0.00857815 -0.0758014
-0.01598 -0.00857815 -0.0758014
-0.0578119 -0.0253744 -0.102238
-0.0578119 -0.0253744 -0.102238
-0.0578119 -0.0253744 -0.102238
-0.0109466 -0.0275031 -0.106044
-0.0109466 -0.0275031 -0.106044
-0.0109466 -0.0275031 -0.106044
0.0336159 0.00378392 -0.11645
-0.0045508 -0.0310388 -0.100258
-0.00697617 -0.0100927 -0.0872246
-0.00654028 0.0340601 -0.0936625
0.0158326 -0.00739489 -0.130254
-0.0318165 0.039849 -0.0871093
-0.0318165 0.039849 -0.0871093
0.0108754 0.0204253 -0.102287
-0.0312242 -0.0280704 -0.0503795
-0.00837016 0.018284 -0.065248
-0.0186182 0.0603396 -0.049102
-0.0186182 0.0603396 -0.049102
-0.000252564 0.087225 -0.02797
-0.0141627 0.119543 -0.0176924
-0.0141627 0.119543 -0.0176924
-0.0141627 0.119543 -0.0176924
0.0304702 0.0811513 -0.0169639
0.0177901 0.0559569 -0.0682499
0.0655408 0.00540315 -0.0559538
0.0792718 0.0582822 -0.0283538
0.0792718 0.0582822 -0.0283538
0.125732 0.0636991 -0.0658672
0.125732 0.0636991 -0.0658672
0.102772 0.0201713 -0.0590259
0.0871468 0.0673609 -0.0458682
0.0837388 0.0620233 -0.014556
0.0578458 0.0417667 -0.0116169
0.084026 0.0707662 -0.03556
0.084026 0.0707662 -0.03556
0.0402111 0.0838033 -0.05877
0.0756353 0.0568188 -0.0430329
0.0756353 0.0568188 -0.0430329
0.0518111 0.0279603 -0.00937164
0.0518111 0.0279603 -0.00937164
0.00368989 0.0473647 0.0294621
0.00368989 0.0473647 0.0294621
0.0380556 0.0134355 0.0467799
0.0177165 -0.0272541 0.0844501
0.0218744 -0.0124352 0.0570635
0.0218744 -0.0124352 0.0570635
0.0218744 -0.0124352 0.0570635
-0.0173607 -0.0306176 0.0603103
-0.0173607 -0.0306176 0.0603103
-0.0173607 -0.0306176 0.0603103
-0.0173607 -0.0306176 0.0603103
-0.0293308 -0.0126121 0.0197112
-0.0293308 -0.0126121 0.0197112
-0.0293308 -0.0126121 0.0197112
-0.00511706 -0.00810891 0.039163
-0.00511706 -0.00810891 0.039163
0.0402616 -0.0278355 0.00949053
0.0402616 -0.0278355 0.00949053
0.00419251 -0.0672895 0.0393185
0.0112939 -0.0484531 0.0889912
0.0317961 -0.00738264 0.100342
0.0262864 -0.0216877 0.0501566
0.0150293 -0.0223325 0.059134
0.0150293 -0.0223325 0.059134
0.0150293 -0.0223325 0.059134
-0.00992187 -0.0424702 0.038578
-0.00992187 -0.0424702 0.038578
-0.034622 0.00742486 -0.0088824
-0.034622 0.00742486 -0.0088824
-0.034622 0.00742486 -0.0088824
-0.00938306 0.0402891 0.0113977
-0.00938306 0.0402891 0.0113977
0.0238094 -0.0125902 0.00591467
0.0238094 -0.0125902 0.00591467
0.0238094 -0.0125902 0.00591467
0.0238094 -0.0125902 0.00591467
-0.024644 -0.0627239 0.0303499
-0.024644 -0.0627239 0.0303499
-0.024644 -0.0627239 0.0303499
-0.0605847 -0.0268471 0.0503707
-0.0605847 -0.0268471 0.0503707
-0.0605847 -0.0268471 0.0503707
-0.0605847 -0.0268471 0.0503707
-0.0497764 -0.0176811 0.0191338
-0.102156 -0.0240515 -0.000979412
-0.103794 -0.0283732 0.0108465
-0.0586509 -0.0742906 -0.00169746
-0.0533322 -0.0818897 0.0468541
-0.0582077 -0.0585062 0.00784377
-0.0839894 -0.0672663 -0.035728
-0.0939238 -0.0168087 0.00530793
-0.0649968 -0.00142614 -0.0353445
-0.0649968 -0.00142614 -0.0353445
-0.0551684 -0.0405631 -0.0121062
-0.0551684 -0.0405631 -0.0121062
-0.0820099 -0.0114659 -0.0154324
-0.0820099 -0.0114659 -0.0154324
-0.0429433 -0.0433 -0.0604469
-0.0429433 -0.0433 -0.0604469
-0.036198 -0.0151039 -0.0839161
-0.0507125 0.00769645 -0.0450527
-0.0141852 0.0262724 -0.0502798
-0.0141852 0.0262724 -0.0502798
-0.0141852 0.0262724 -0.0502798
0.0180624 -0.0043194 -0.0179134
0.0180624 -0.0043194 -0.0179134
-0.00388411 -0.031157 -0.000790758
-0.00388411 -0.031157 -0.000790758
-0.00388411 -0.031157 -0.000790758
-0.00388411 -0.031157 -0.000790758
-0.00388411 -0.031157 -0.000790758
-0.00388411 -0.031157 -0.000790758
-0.00388411 -0.031157 -0.000790758
-0.00388411 -0.031157 -0.000790758
-0.00388411 -0.031157 -0.000790758
-0.00388411 -0.031157 -0.000790758
-0.00388411 -0.031157 -0.000790758
-0.00388411 -0.031157 -0.000790758
-0.00388411 -0.031157 -0.000790758
-0.00388411 -0.031157 -0.000790758
-0.00388411 -0.031157 -0.000790758
-0.00388411 -0.031157 -0.000790758
-0.00388411 -0.031157 -0.000790758
-0.00388411 -0.031157 -0.000790758
0.00517169 0.0152383 0.0432092
-0.0297873 0.054257 0.0870826
-0.0500662 0.00834266 0.0896128
-0.0521424 0.0121897 0.134932
-0.0856401 -0.0363482 0.11913
-0.0856401 -0.0363482 0.11913
-0.0422971 -0.0779203 0.108703
-0.0786934 -0.0451846 0.113439
-0.0416006 -0.0118486 0.0633204
-0.0416006 -0.0118486 0.0633204
-0.0416006 -0.0118486 0.0633204
-0.00368882 0.00816354 0.0657255
-0.0365489 -0.0429324 0.0297186
-0.0152158 -0.0763394 0.00633595
-0.0152158 -0.0763394 0.00633595
-0.0152158 -0.0763394 0.00633595
-0.0152158 -0.0763394 0.00633595
-0.0152158 -0.0763394 0.00633595
-0.0152158 -0.0763394 0.00633595
-0.0248123 -0.0433427 -0.0358551
-0.0372348 -0.0322748 -0.0684427
-0.00755075 -0.0428953 -0.0486531
-0.0587987 -0.0777409 -0.0296271
-0.0393189 -0.0722732 0.0100933
-0.0625626 -0.0853211 -0.0136049
-0.0127467 -0.0443479 -0.0371808
-0.0127467 -0.0443479 -0.0371808
0.0234453 -0.0208218 -0.0384745
0.0234453 -0.0208218 -0.0384745
0.0234453 -0.0208218 -0.0384745
0.0577299 -0.0622251 -0.0232733
0.0577299 -0.0622251 -0.0232733
0.0900918 -0.0905923 -0.0225365
0.0900918 -0.0905923 -0.0225365
0.0489778 -0.041878 -0.0752843
0.0859129 -0.0915329 -0.0862463
0.0360643 -0.142126 -0.0789741
0.0242685 -0.119386 -0.0360231
0.0242685 -0.119386 -0.0360231
-0.00743337 -0.151567 -0.0410738
0.0357683 -0.143298 -0.0693581
0.0659188 -0.097825 -0.0873119
0.0147042 -0.126364 -0.0578585
0.0291833 -0.0832722 -0.0294061
0.0488858 -0.0935088 0.00838336
-0.00360405 -0.0929129 0.0537227
-0.00360405 -0.0929129 0.0537227
-0.0218861 -0.0626931 0.104636
-0.0338177 -0.0983646 0.104696
-0.0338177 -0.0983646 0.104696
-0.0121707 -0.0833305 0.124574
0.0183135 -0.108105 0.084259
-0.00158532 -0.0642228 0.112339
-0.0306403 -0.0708363 0.0991678
-0.0170643 -0.0186483 0.0761806
-0.027727 0.0107154 0.0766946
-0.0725509 0.0128965 0.0336499
-0.0587306 0.0212799 0.0414223
-0.0355983 0.0694625 0.0641613
-0.0560492 0.0613602 0.0359882
-0.0251698 0.0745217 0.0594723
-0.0251698 0.0745217 0.0594723
-0.0758435 0.0730744 0.0296646
-0.103908 0.0613211 -0.0042825
-0.103908 0.0613211 -0.0042825
-0.091553 0.0627298 0.0413685
-0.0391082 0.0854874 0.0108993
-0.0364502 0.0618316 -0.0326567
-0.05916 0.102781 -0.0296316
-0.05916 0.102781 -0.0296316
-0.05916 0.102781 -0.0296316
-0.108683 0.150159 -0.0230863
-0.0700539 0.135538 -0.0631242
-0.0344139 0.16059 -0.0577864
-0.0344139 0.16059 -0.0577864
-0.0398114 0.180865 -0.0164624
-0.0398114 0.180865 -0.0164624
-0.0565091 0.129233 -0.0583353
-0.0565091 0.129233 -0.0583353
-0.0915564 0.0881488 -0.0394174
-0.0853917 0.0832427 -0.0761258
-0.0486249 0.110115 -0.047738
0.00170041 0.135766 -0.0325942
-0.0442165 0.100039 -0.000629913
-0.0442165 0.100039 -0.000629913
-0.0442165 0.100039 -0.000629913
-0.0419134 0.0836356 -0.0460833
-0.0253338 0.0756664 -0.000165283
-0.0253338 0.0756664 -0.000165283
-0.0253338 0.0756664 -0.000165283
-0.0253338 0.0756664 -0.000165283
-0.0253338 0.0756664 -0.000165283
-0.0144197 0.0504166 0.049277
0.0228111 0.00549368 0.0173133
0.0318164 0.0342146 -0.0268106
0.000204571 0.0158698 -0.0633282
0.036317 0.00861924 -0.034962
0.036317 0.00861924 -0.034962
0.0250678 -0.0272692 -0.0607443
0.0250678 -0.0272692 -0.0607443
-0.0192159 -0.0624003 -0.0288341
-0.0447846 -0.113624 -0.0736115
-0.0447846 -0.113624 -0.0736115
-0.0253985 -0.108873 -0.0899403
-0.0241048 -0.0624774 -0.098214
0.0100915 -0.0824101 -0.0742113
-0.037635 -0.0666691 -0.0677505
-0.0239944 -0.0398443 -0.01723
-0.0239944 -0.0398443 -0.01723
-0.0239944 -0.0398443 -0.01723
-0.0303424 -0.0699949 0.0219936
-0.0303424 -0.0699949 0.0219936
-0.0182441 -0.0945379 0.00417919
-0.0182441 -0.0945379 0.00417919
0.0190963 -0.0860883 -0.0246477
0.0394924 -0.113025 0.0268845
0.0137055 -0.15779 0.0605391
0.0461043 -0.108855 0.0558834
0.0925783 -0.0665953 0.088447
0.0925783 -0.0665953 0.088447
0.0648173 -0.0150057 0.0624958
0.0738449 -0.0440062 0.0339096
0.0738449 -0.0440062 0.0339096
0.0467535 -0.0246577 0.0661322
0.087061 0.00371443 0.0207162
0.118195 0.0288699 0.0437238
0.120154 -0.0123342 0.0303402
0.133799 0.0201132 0.023989
0.133799 0.0201132 0.023989
0.135351 0.0661468 -0.0189055
0.135351 0.0661468 -0.0189055
0.135351 0.0661468 -0.0189055
0.105155 0.098616 0.0160448
0.106628 0.0716422 -0.0348993
0.0760995 0.0279811 -0.0290191
0.0998309 0.0124824 -0.0665589
0.0998309 0.0124824 -0.0665589
0.0523861 -0.00438851 -0.0936933
0.0145397 -0.00335879 -0.0667272
0.0145397 -0.00335879 -0.0667272
0.0174783 0.00856652 -0.0787459
-0.00882464 -0.0274354 -0.0368722
-0.00882464 -0.0274354 -0.0368722
-0.032399 0.00136405 0.00207529
0.00309762 0.0139592 -0.0165166
0.00309762 0.0139592 -0.0165166
0.00309762 0.0139592 -0.0165166
0.00309762 0.0139592 -0.0165166
0.0261992 0.0132786 -0.0410509
-0.0178241 0.024299 -0.0597618
-0.0178241 0.024299 -0.0597618
-0.0191251 0.0129388 -0.0364476
-0.0554794 0.0224003 -0.0112659
-0.0127227 0.0639588 -0.0320937
-0.0397814 0.0889298 0.0191675
-0.0415116 0.0393608 0.0339685
-0.00185206 0.0558434 0.0352676
-0.0165581 0.0455867 0.0397292
-0.0461617 0.0428602 0.047341
-0.0914074 -0.00881475 0.0633823
-0.101505 -0.0118185 0.0504375
-0.0765203 -0.0517973 0.0509382
-0.0765203 -0.0517973 0.0509382
-0.126219 -0.0383855 0.0436049
-0.10007 0.00815681 0.0921152
-0.142373 0.0306653 0.0976755
-0.142373 0.0306653 0.0976755
-0.150544 0.0787782 0.0593501
-0.150544 0.0787782 0.0593501
-0.112627 0.116684 0.0888118
-0.119568 0.0811757 0.0472219
-0.104285 0.0893994 0.0287779
-0.11737 0.119349 -0.0233011
-0.128812 0.121587 -0.0584822
-0.128812 0.121587 -0.0584822
-0.119415 0.0863839 -0.0798482
-0.0986961 0.11505 -0.0750457
-0.0986961 0.11505 -0.0750457
-0.128146 0.0910216 -0.0326154
-0.0828255 0.103971 0.0100074
-0.0529532 0.0565518 0.0303969
-0.00611491 0.0537346 -0.00988079
-0.00611491 0.0537346 -0.00988079
0.041601 0.0283792 0.0202884
0.041601 0.0283792 0.0202884
0.041601 0.0283792 0.0202884
0.041601 0.0283792 0.0202884
0.041601 0.0283792 0.0202884
0.0354983 0.0382897 -0.0317783
0.0334642 0.0514942 -0.0483101
0.0334642 0.0514942 -0.0483101
0.0334642 0.0514942 -0.0483101
0.0334642 0.0514942 -0.0483101
0.0191844 0.0330638 -0.0494435
0.0191844 0.0330638 -0.0494435
0.0543206 -0.00758788 0.00254148
0.0345499 0.00556084 -0.0255619
0.0345499 0.00556084 -0.0255619
0.071658 0.0462114 -0.0382386
0.0425048 0.0325304 -0.0582655
0.0425048 0.0325304 -0.0582655
0.0361313 -0.00662614 -0.00876471
-0.0148822 0.00443581 -0.030469
-0.0148822 0.00443581 -0.030469
-0.0148822 0.00443581 -0.030469
0.0152424 0.037933 -0.0034266
-0.0361782 -0.00790911 -0.00230122
-0.0361782 -0.00790911 -0.00230122
-0.0361782 -0.00790911 -0.00230122
-0.0361782 -0.00790911 -0.00230122
-0.0361782 -0.00790911 -0.00230122
-0.0361782 -0.00790911 -0.00230122
0.0128228 0.0435324 0.022113
-0.0308482 0.026004 0.073179
-0.0308482 0.026004 0.073179
0.0164791 0.0625762 0.0481263
0.00945812 0.0355444 0.063565
0.00945812 0.0355444 0.063565
-0.0298337 0.0174765 0.0424591
-0.0597743 0.0101526 0.0475877
-0.101281 0.0104335 0.085843
-0.0611775 6.26347e-05 0.120636
-0.0611775 6.26347e-05 0.120636
-0.0448295 -0.0065664 0.145295
-0.0430955 0.0250186 0.185117
-0.0272491 0.0105298 0.227049
-0.0272491 0.0105298 0.227049
0.0127636 0.00670205 0.279524
0.0127636 0.00670205 0.279524
0.0127636 0.00670205 0.279524
-0.00758722 0.0136793 0.268951
-0.00185601 -0.019222 0.262958
0.0255702 -0.0129766 0.298817
0.00597459 0.0260471 0.340137
0.0196613 0.0375238 0.320514
0.0196613 0.0375238 0.320514
0.037878 -0.00632665 0.32222
0.037878 -0.00632665 0.32222
0.037878 -0.00632665 0.32222
0.00948613 -0.0238178 0.273383
-0.00450599 -0.0343657 0.240323
-0.00891416 0.0109276 0.213414
-0.00891416 0.0109276 0.213414
-0.00891416 0.0109276 0.213414
-0.000654978 0.0113522 0.220653
-0.0159257 0.0564546 0.173693
-0.0159257 0.0564546 0.173693
-0.00244965 0.0212197 0.12465
-0.00244965 0.0212197 0.12465
-0.0521316 -0.015732 0.106996
-0.051127 -0.0104036 0.0584528
-0.051127 -0.0104036 0.0584528
-0.0953739 -0.0270032 0.0416542
-0.0953739 -0.0270032 0.0416542
-0.0927663 -0.0536308 0.0391507
-0.142018 -0.0917362 0.0300451
-0.134759 -0.0817907 -0.000451306
-0.0989113 -0.0718387 0.0347034
-0.0989113 -0.0718387 0.0347034
-0.0989113 -0.0718387 0.0347034
-0.0716891 -0.0755129 0.000795071
-0.0716891 -0.0755129 0.000795071
-0.0716891 -0.0755129 0.000795071
-0.0254615 -0.0663894 -0.041865
-0.0254615 -0.0663894 -0.041865
-0.0337295 -0.0356218 -0.0553357
0.00783414 -0.0150511 -0.0424747
-0.00900284 -0.0085997 -0.0340166
-0.00900284 -0.0085997 -0.0340166
-0.0385074 0.00630783 -0.0298532
0.00267497 -0.0200841 -0.00711708
0.00267497 -0.0200841 -0.00711708
0.00267497 -0.0200841 -0.00711708
0.00267497 -0.0200841 -0.00711708
0.0137277 0.00170291 -0.0121752
0.0137277 0.00170291 -0.0121752
0.00907216 -0.0246496 -0.0332046
0.00907216 -0.0246496 -0.0332046
0.00907216 -0.0246496 -0.0332046
0.00907216 -0.0246496 -0.0332046
-0.0239834 0.017886 0.00488213
-0.0239834 0.017886 0.00488213
-0.0579078 -0.0201428 0.0195707
-0.0579078 -0.0201428 0.0195707
-0.0579078 -0.0201428 0.0195707
-0.0579078 -0.0201428 0.0195707
-0.0579078 -0.0201428 0.0195707
-0.0179774 -0.0504694 -0.0132838
-0.0359183 -0.0483222 0.00908701
-0.0359183 -0.0483222 0.00908701
-0.0214354 0.000488452 -0.0406426
-0.0214354 0.000488452 -0.0406426
-0.0239287 -0.0391332 -0.0378022
-0.0239287 -0.0391332 -0.0378022
-0.0239287 -0.0391332 -0.0378022
-0.0303423 -0.0656731 -0.0260031
-0.0254675 -0.0833545 -0.0721865
0.011318 -0.0829755 -0.11315
0.020364 -0.0874973 -0.0751506
-0.0267087 -0.050947 -0.0838873
-0.0451243 -0.0272073 -0.0312069
-0.0224428 0.00593906 -0.0400309
0.0120113 0.00582794 -0.0478594
0.0120113 0.00582794 -0.0478594
0.0261089 0.00254405 -0.0341713
0.00838234 -0.0450977 0.0147297
0.00838234 -0.0450977 0.0147297
0.00838234 -0.0450977 0.0147297
0.00838234 -0.0450977 0.0147297
0.00838234 -0.0450977 0.0147297
0.0470324 -0.0160491 -0.0139442
0.0295568 0.0326695 0.00810346
0.0171207 0.0542664 0.0584895
0.0171207 0.0542664 0.0584895
0.0171207 0.0542664 0.0584895
0.0171207 0.0542664 0.0584895
-0.0276582 0.0493521 0.0570794
-0.0519926 0.0961141 0.0250273
-0.0394935 0.0909939 0.0500383
-0.0114532 0.0387344 0.0914781
0.031809 0.0550915 0.0727842
0.0496662 0.00511753 0.076585
0.0640011 0.0467322 0.0569765
0.0640011 0.0467322 0.0569765
0.0641172 0.037919 0.04628
0.0771682 -0.00142869 0.0144417
0.0632795 -0.0267531 -0.0272066
0.0632795 -0.0267531 -0.0272066
0.0855983 0.00479511 -0.0515241
0.0527209 0.029426 -0.0380488
0.0527209 0.029426 -0.0380488
0.0412053 0.0204853 -0.0442062
-0.00412767 0.0465789 -0.0225408
-0.00412767 0.0465789 -0.0225408
-0.0457448 0.0808172 -0.028255
-0.087746 0.0282947 -0.012486
-0.0416449 0.0138031 0.0143123
-0.00482698 0.0214462 0.018521
0.0370384 -0.00698349 0.0336525
-0.00309474 -0.0119021 0.00615317
-0.00309474 -0.0119021 0.00615317
-0.00309474 -0.0119021 0.00615317
-0.00309474 -0.0119021 0.00615317
-0.00309474 -0.0119021 0.00615317
-0.00309474 -0.0119021 0.00615317
-0.00309474 -0.0119021 0.00615317
-0.00309474 -0.0119021 0.00615317
-0.00309474 -0.0119021 0.00615317
-0.00309474 -0.0119021 0.00615317
-0.00309474 -0.0119021 0.00615317
-0.00309474 -0.0119021 0.00615317
-0.00309474 -0.0119021 0.00615317
-0.00309474 -0.0119021 0.00615317
-0.00309474 -0.0119021 0.00615317
-0.00309474 -0.0119021 0.00615317
-0.00205903 -0.0270838 0.0391098
-0.00205903 -0.0270838 0.0391098
0.0082686 -0.0630575 0.0473111
0.0403106 -0.0103295 -0.00346166
0.0403106 -0.0103295 -0.00346166
0.0403106 -0.0103295 -0.00346166
0.0403106 -0.0103295 -0.00346166
0.0403106 -0.0103295 -0.00346166
-0.0116999 0.0392341 -0.0145206
-0.0116999 0.0392341 -0.0145206
-0.0116999 0.0392341 -0.0145206
-0.0116999 0.0392341 -0.0145206
0.0237201 0.0180715 0.00506837
0.0237201 0.0180715 0.00506837
0.0237201 0.0180715 0.00506837
0.0237201 0.0180715 0.00506837
-0.0229949 0.0222257 0.0386979
-0.0229949 0.0222257 0.0386979
0.0239425 0.0550255 0.0569807
-0.0066618 0.0331179 0.0455612
-0.0066618 0.0331179 0.0455612
-0.0066618 0.0331179 0.0455612
-0.0066618 0.0331179 0.0455612
-0.0481496 0.0199437 0.0165606
-0.00655125 0.0139557 0.0370709
-0.00655125 0.0139557 0.0370709
-0.00655125 0.0139557 0.0370709
-0.00897246 0.0646535 0.00555077
-0.00897246 0.0646535 0.00555077
-0.00897246 0.0646535 0.00555077
-0.0574281 0.0599518 -0.0184847
-0.0574281 0.0599518 -0.0184847
-0.0752002 0.0176372 -0.00894912
-0.0519703 0.0371419 -0.0349728
-0.0366636 0.00322403 0.015035
-0.0316249 0.0170051 -0.0358658
-0.0316249 0.0170051 -0.0358658
-0.0316249 0.0170051 -0.0358658
-0.0316249 0.0170051 -0.0358658
-0.0316249 0.0170051 -0.0358658
-0.0196269 -0.00645587 -0.0327254
-0.0201752 0.0346135 0.00800205
-0.0201752 0.0346135 0.00800205
-0.0201752 0.0346135 0.00800205
-0.00710942 0.0129392 0.0347373
0.0346359 0.0113893 -0.012463
0.0243324 0.0180943 0.0136914
-0.00783348 0.0589573 0.026708
-0.00783348 0.0589573 0.026708
-0.00640327 0.0364201 -0.00892729
-0.0552016 -0.00919003 0.0127764
-0.0552016 -0.00919003 0.0127764
-0.0552016 -0.00919003 0.0127764
-0.0534086 0.0286665 0.023663
-0.060363 0.0681093 0.0738441
-0.101314 0.0873189 0.0962005
-0.0910759 0.0501272 0.0624676
-0.112504 0.0203933 0.0332749
-0.112504 0.0203933 0.0332749
-0.0857652 0.0610884 0.0401945
-0.0857652 0.0610884 0.0401945
-0.0857652 0.0610884 0.0401945
-0.0526781 0.019302 0.0153207
-0.0526781 0.019302 0.0153207
-0.0526781 0.019302 0.0153207
-0.0526781 0.019302 0.0153207
-0.026998 -0.0244528 -0.0201377
0.0167825 0.00632243 -0.03306
0.0236081 -0.0219022 0.00885251
0.0453574 -0.0602492 -7.37763e-05
0.0453574 -0.0602492 -7.37763e-05
0.0391034 -0.0228933 0.00159717
0.0568827 0.0137412 0.0166397
0.0267996 -0.0270851 0.00603259
-0.00597245 0.00228287 0.0368597
-0.00597245 0.00228287 0.0368597
0.0111908 -0.0208129 -0.00931907
0.02605 -0.00935926 -0.0391987
0.02605 -0.00935926 -0.0391987
-0.00687262 0.00405648 -0.0615098
-0.023332 0.0040858 -0.108152
-0.023332 0.0040858 -0.108152
-0.023332 0.0040858 -0.108152
-0.0581803 0.0434574 -0.0742638
-0.0339345 0.0684054 -0.103963
-0.0339345 0.0684054 -0.103963
-0.0609863 0.050234 -0.0980009
-0.0609863 0.050234 -0.0980009
-0.0219494 0.0266192 -0.146166
-0.0219494 0.0266192 -0.146166
-0.0219494 0.0266192 -0.146166
-0.0309631 -0.00919578 -0.105093
-0.0145558 0.00687601 -0.121239
0.0352639 0.036223 -0.119432
0.0352639 0.036223 -0.119432
0.0102146 0.0325597 -0.132234
0.0102146 0.0325597 -0.132234
0.0368893 0.00623654 -0.124968
0.078505 0.0529963 -0.12904
0.078505 0.0529963 -0.12904
0.119171 0.0109134 -0.0843634
0.119171 0.0109134 -0.0843634
0.119171 0.0109134 -0.0843634
0.161384 -0.000644412 -0.0961921
0.165928 0.0338393 -0.122886
0.166193 0.00895985 -0.111701
0.166193 0.00895985 -0.111701
0.166193 0.00895985 -0.111701
0.172879 -0.0249009 -0.078848
0.172001 0.0151128 -0.080287
0.136813 0.0625979 -0.0734171
0.0882611 0.0578235 -0.112392
0.0572061 0.056893 -0.0979658
0.0348286 0.0136078 -0.0474068
0.0469746 -0.0349602 -0.0524021
0.0288138 -0.054869 -0.00449058
0.0469227 -0.0151855 -0.0131603
0.0469227 -0.0151855 -0.0131603
0.0469227 -0.0151855 -0.0131603
0.0228566 0.00378881 -0.0155568
0.0432076 0.010167 0.0147777
0.036037 0.0493901 -0.00276323
0.036037 0.0493901 -0.00276323
0.036037 0.0493901 -0.00276323
0.036037 0.0493901 -0.00276323
0.036037 0.0493901 -0.00276323
-0.00352012 0.0530585 0.00628254
0.0429527 0.01664 -0.0257695
-0.00887496 0.0195585 0.00434143
-0.0268186 -0.00566575 0.0251708
-0.0268186 -0.00566575 0.0251708
-0.0145616 0.0201113 -0.0155399
-0.0145616 0.0201113 -0.0155399
-0.0145616 0.0201113 -0.0155399
0.00968759 -0.00455154 -0.0137236
0.0134734 0.0334973 -0.00631059
-0.0271391 0.00394459 0.0340241
-0.00378522 0.0291658 0.0178526
-0.0125044 0.0176427 -0.00960104
-0.0191163 0.0204987 -0.0015638
0.00283378 -0.0278123 0.0111596
0.00283378 -0.0278123 0.0111596
0.00708635 -0.0102403 0.0326622
0.00708635 -0.0102403 0.0326622
-0.0248088 -0.0143069 0.0239613
-0.0175857 0.0306365 0.0119007
0.00542308 0.020286 0.0182101
0.00542308 0.020286 0.0182101
-0.0200439 -0.00745048 0.00726098
-0.0124061 0.00574472 0.00157547
-0.0124061 0.00574472 0.00157547
-0.0124061 0.00574472 0.00157547
-0.0124061 0.00574472 0.00157547
-0.0124061 0.00574472 0.00157547
-0.0169407 -0.0136701 -0.0127908
-0.0169407 -0.0136701 -0.0127908
-0.0169407 -0.0136701 -0.0127908
-0.0416312 0.0148116 0.0135526
-0.0416312 0.0148116 0.0135526
-0.0416312 0.0148116 0.0135526
-0.0416312 0.0148116 0.0135526
-0.0416312 0.0148116 0.0135526
-0.0416312 0.0148116 0.0135526
-0.02932 0.0518022 -0.0143497
-0.0212911 0.0113032 0.00996691
-0.0212911 0.0113032 0.00996691
0.00399563 0.0151566 -0.0266339
0.00399563 0.0151566 -0.0266339
0.0375381 -0.000159206 -0.0230211
-0.00740919 0.0323514 -0.0088332
-0.00740919 0.0323514 -0.0088332
-0.00740919 0.0323514 -0.0088332
-0.00740919 0.0323514 -0.0088332
-0.00740919 0.0323514 -0.0088332
-0.00740919 0.0323514 -0.0088332
0.0195035 -0.00606638 0.00800185
-0.0297622 0.0270754 -0.013876
-0.0297622 0.0270754 -0.013876
-0.0297622 0.0270754 -0.013876
-0.0297622 0.0270754 -0.013876
-0.051004 0.0305034 -0.0189658
-0.051004 0.0305034 -0.0189658
-0.0184629 0.0131475 -0.0194399
-0.0184629 0.0131475 -0.0194399
-0.0184629 0.0131475 -0.0194399
-0.0279589 -0.0168444 0.0295484
-0.0279589 -0.0168444 0.0295484
-0.080236 -0.0520457 0.000978851
-0.080236 -0.0520457 0.000978851
-0.0373015 -0.0214217 0.00406585
-0.0477437 -0.0117233 0.00474198
-0.0548036 -0.0642323 0.030546
-0.0584019 -0.0727001 0.0547326
-0.0161113 -0.110238 0.0434166
-0.0161113 -0.110238 0.0434166
-0.0161113 -0.110238 0.0434166
0.0159517 -0.104552 0.0248896
0.0189493 -0.0635689 0.0351688
0.0189493 -0.0635689 0.0351688
0.0270008 -0.0133082 0.000265571
-0.0136471 -0.000555744 -0.0290345
-0.0136471 -0.000555744 -0.0290345
-0.0136471 -0.000555744 -0.0290345
-0.0665052 0.0117802 0.0098336
-0.0665052 0.0117802 0.0098336
-0.0539453 0.0593387 0.0282295
-0.0508933 0.0970473 0.0471373
-0.0508933 0.0970473 0.0471373
-0.0508933 0.0970473 0.0471373
-0.0508933 0.0970473 0.0471373
-0.0469398 0.0821931 -0.00351852
-0.0184255 0.0514361 -0.0154353
-0.0437254 0.0141606 -0.0663729
-0.037261 -0.0181502 -0.0223133
-0.037261 -0.0181502 -0.0223133
-0.037261 -0.0181502 -0.0223133
-0.0494875 0.0260119 0.0268573
0.00221979 0.018373 0.0789562
0.00221979 0.018373 0.0789562
-0.000615876 -0.00582238 0.0796995
-0.0486208 0.0304781 0.0345397
-0.0486208 0.0304781 0.0345397
-0.0643174 0.0323412 -0.000858717
-0.0643174 0.0323412 -0.000858717
-0.0216235 0.065803 -0.0147575
-0.0111139 0.0710257 0.00503455
-0.0111139 0.0710257 0.00503455
-0.0111139 0.0710257 0.00503455
-0.00898233 0.0380825 -0.00619936
-0.00898233 0.0380825 -0.00619936
-0.0185601 0.0281767 0.0308306
-0.0301078 0.0249711 -0.0219494
-0.0345554 0.0241112 -0.00167878
-0.0544833 -0.0286929 0.00647812
-0.0544833 -0.0286929 0.00647812
-0.100021 -0.0649473 -0.0103434
-0.12596 -0.0405857 0.0344341
-0.12596 -0.0405857 0.0344341
-0.118101 -0.0441826 -0.00780741
-0.118101 -0.0441826 -0.00780741
-0.0870394 -0.0778498 -0.0285498
-0.104092 -0.0897744 -0.0443718
-0.104092 -0.0897744 -0.0443718
-0.104092 -0.0897744 -0.0443718
-0.142414 -0.0649189 -0.0322289
-0.142414 -0.0649189 -0.0322289
-0.133733 -0.0301906 -0.0204049
-0.123104 -0.0150977 0.01036
-0.095583 -0.0619513 -0.00183364
-0.095583 -0.0619513 -0.00183364
-0.0852822 -0.0743684 0.00153457
-0.0852822 -0.0743684 0.00153457
-0.0852822 -0.0743684 0.00153457
-0.0852822 -0.0743684 0.00153457
-0.074604 -0.028647 0.017371
-0.0593493 0.0115181 -0.0330801
-0.0532197 -0.013634 -0.0327792
-0.0532197 -0.013634 -0.0327792
-0.0532197 -0.013634 -0.0327792
-0.016271 -0.0419573 -0.0479106
-0.016271 -0.0419573 -0.0479106
-0.0385471 -0.0537201 -0.00230137
-0.0278099 -0.0546597 -0.0331344
-0.0611701 -0.0506244 -0.0272501
-0.0458991 -0.0166983 -0.0542413
-0.0458991 -0.0166983 -0.0542413
-0.0458991 -0.0166983 -0.0542413
-0.028772 -0.0269539 -0.00996932
-0.00387472 -0.0100299 -0.0410382
-0.00387472 -0.0100299 -0.0410382
-0.00387472 -0.0100299 -0.0410382
0.0259805 -0.0351618 -0.0458091
0.0259805 -0.0351618 -0.0458091
0.0210063 -0.0560715 -0.0134124
0.00720074 -0.066775 0.0149697
-0.0113305 -0.0791587 0.023516
-0.0113305 -0.0791587 0.023516
0.0290171 -0.0884744 0.0492487
0.0290171 -0.0884744 0.0492487
-0.0171263 -0.0757407 0.0561719
0.0258828 -0.0905894 0.108963
0.0258828 -0.0905894 0.108963
0.0298551 -0.0593965 0.0800121
-0.0219842 -0.0101409 0.0416881
-0.0522094 -0.000373238 -0.00824906
-0.0522094 -0.000373238 -0.00824906
-0.0420363 0.0219364 0.0151405
-0.0665127 0.0247058 0.0400544
-0.0582935 -0.00445436 0.0175541
-0.0582935 -0.00445436 0.0175541
-0.0582935 -0.00445436 0.0175541
-0.0441938 -0.051678 0.0295126
-0.00267762 -0.0485586 -0.0115345
-0.00267762 -0.0485586 -0.0115345
0.0306557 -0.0278904 0.0402459
0.0306557 -0.0278904 0.0402459
0.0306557 -0.0278904 0.0402459
0.036991 -0.0166136 0.0300025
0.019573 0.0145017 0.0193653
0.019573 0.0145017 0.0193653
0.019573 0.0145017 0.0193653
0.019573 0.0145017 0.0193653
0.019573 0.0145017 0.0193653
-0.0312055 0.0618766 -0.0245899
-0.0312055 0.0618766 -0.0245899
-0.0312055 0.0618766 -0.0245899
-0.0312055 0.0618766 -0.0245899
-0.0159485 0.103781 0.0244828
-0.0552215 0.0531461 0.0376605
-0.0552215 0.0531461 0.0376605
-0.0221562 0.0172442 0.0173177
-0.0221562 0.0172442 0.0173177
-0.0163525 0.0654717 -0.000291074
-0.0163525 0.0654717 -0.000291074
-0.0505247 0.0318798 -0.0105648
-0.0865506 -0.00771239 0.0210553
-0.0725659 0.0142167 0.0185172
-0.0838254 0.0220042 0.02388
-0.0736599 0.0268134 0.0371285
-0.0736599 0.0268134 0.0371285
-0.0736599 0.0268134 0.0371285
-0.0254607 0.0678074 0.0146741
-0.0254607 0.0678074 0.0146741
-0.0254607 0.0678074 0.0146741
0.0182269 0.0188772 -0.0272059
0.0182269 0.0188772 -0.0272059
-0.0211415 -0.0319055 -0.00513143
0.0167411 0.0091368 0.0176746
0.0167411 0.0091368 0.0176746
0.0167411 0.0091368 0.0176746
-0.0168228 0.0292695 0.00511735
-0.0579712 -0.00718703 -0.0411545
-0.0585221 -0.0338774 -0.0174203
-0.0990254 -0.0100504 0.0300223
-0.0525262 -0.0281222 0.0525518
-0.0310066 -0.00589374 0.0560433
-0.0310066 -0.00589374 0.0560433
-0.0310066 -0.00589374 0.0560433
0.00715699 -0.00608485 0.0920803
-0.0264052 0.0385097 0.0429074
-0.0721487 0.00131644 0.00326979
-0.0721487 0.00131644 0.00326979
-0.0519008 0.0358229 0.0472456
-0.00771657 0.0728046 0.0568205
-0.00771657 0.0728046 0.0568205
-0.0471919 0.10962 0.0285293
-0.0471919 0.10962 0.0285293
-0.0272718 0.103865 0.0440633
-0.0118816 0.127335 0.0167657
-0.0118816 0.127335 0.0167657
-0.0118816 0.127335 0.0167657
-0.0118816 0.127335 0.0167657
0.00168886 0.16461 0.0666769
-0.00956807 0.136041 0.0964895
-0.0407322 0.0999826 0.100598
0.00587405 0.132893 0.0665364
-0.0422802 0.148987 0.0608677
0.00139293 0.126873 0.0159566
0.0362892 0.126477 -0.0338746
0.0362892 0.126477 -0.0338746
-0.010878 0.125298 -0.072859
-0.0587228 0.165645 -0.0766905
-0.0587228 0.165645 -0.0766905
-0.0587228 0.165645 -0.0766905
-0.0578534 0.144242 -0.116181
-0.0342922 0.11312 -0.0812927
-0.0342922 0.11312 -0.0812927
0.0093422 0.0760225 -0.0427487
0.0093422 0.0760225 -0.0427487
0.0015556 0.115937 -0.00639845
0.0015556 0.115937 -0.00639845
-0.0366992 0.096775 0.00792462
-0.0861821 0.0497589 -0.0155025
-0.0672211 0.0412875 -0.0430596
-0.0672211 0.0412875 -0.0430596
-0.0544665 0.058684 -0.0865803
-0.0359081 0.0187037 -0.123625
0.0123105 0.0297443 -0.102403
0.00264227 0.0546661 -0.0972036
0.0346464 0.100565 -0.0486557
0.062315 0.0688233 -0.0426683
0.0617668 0.10447 -0.00727009
0.0415467 0.0691589 -0.0236636
0.0415467 0.0691589 -0.0236636
0.0685115 0.0745766 -0.0315994
0.0685115 0.0745766 -0.0315994
0.0685115 0.0745766 -0.0315994
0.0305415 0.100044 -0.0770192
0.0481915 0.0571716 -0.0753098
0.0381196 0.06943 -0.0463125
-0.0135887 0.0988864 -0.0601358
-0.0545435 0.0466499 -0.0812738
-0.00509957 0.0154289 -0.0334614
-0.00509957 0.0154289 -0.0334614
-0.00509957 0.0154289 -0.0334614
-0.00509957 0.0154289 -0.0334614
0.011266 -0.0177287 -0.0207021
0.011266 -0.0177287 -0.0207021
0.011266 -0.0177287 -0.0207021
0.011266 -0.0177287 -0.0207021
0.011266 -0.0177287 -0.0207021
0.00386807 -0.0267168 -0.0650066
0.0249916 -0.0170699 -0.0956055
-0.0173555 -0.0552829 -0.0432204
-0.0451677 -0.0682976 0.00949433
-0.026793 -0.0312824 0.0617342
-0.0523538 -0.00416829 0.0133222
-0.0262502 0.0354757 -0.034698
-0.037984 0.0796837 -0.0112909
-0.0368392 0.047156 -0.00640822
-0.0368392 0.047156 -0.00640822
-0.0577597 0.093785 -0.00613577
-0.0109346 0.0677841 0.0365871
-0.0420631 0.0605365 0.00738905
-0.0420631 0.0605365 0.00738905
-0.0346512 0.0214901 0.0507368
-0.0346512 0.0214901 0.0507368
-0.0476817 0.00163096 0.0306597
-0.0476817 0.00163096 0.0306597
-0.0335037 0.0319746 0.0020585
-0.00614243 0.00377068 -0.0114932
-0.00614243 0.00377068 -0.0114932
-0.00614243 0.00377068 -0.0114932
-0.0388143 -0.0117518 -0.0280802
-0.0358181 0.00163089 -0.0480583
-0.0358181 0.00163089 -0.0480583
-0.0241558 -0.0314597 -0.0184528
-0.0241558 -0.0314597 -0.0184528
-0.0241558 -0.0314597 -0.0184528
-0.033611 -0.0352567 -0.00136966
-0.033611 -0.0352567 -0.00136966
-0.033611 -0.0352567 -0.00136966
-0.0501286 -0.0215717 0.0344222
-0.0174 -0.0385707 0.050357
-0.0174 -0.0385707 0.050357
-0.0174 -0.0385707 0.050357
0.0146915 0.000211428 0.0638429
-0.000868915 0.0312585 0.0337254
-0.000868915 0.0312585 0.0337254
-0.0147501 0.0172606 -0.00313973
-0.00938763 0.0200404 -0.00953898
0.0263843 0.0294735 0.00211402
0.0379663 -0.00125734 -0.00791555
-0.00962469 -0.00958051 0.0388836
-0.00962469 -0.00958051 0.0388836
-0.00962469 -0.00958051 0.0388836
-0.0249589 -0.042738 0.0746289
0.0191254 -0.0590234 0.0338993
-0.00507264 -0.0237923 -0.00183619
-0.00507264 -0.0237923 -0.00183619
-0.00507264 -0.0237923 -0.00183619
-0.0431146 -0.0286055 0.0280672
-0.0431146 -0.0286055 0.0280672
-0.0125504 -0.0407131 0.00934283
-0.0125504 -0.0407131 0.00934283
-0.0514255 -0.0237368 -0.0400338
-0.0423141 -0.0449496 -0.00339588
-0.061348 0.00139735 0.0100974
-0.058158 -0.0115238 -0.0410578
-0.0218703 -0.0353924 -0.075123
-0.0188718 -0.0553417 -0.0449388
-0.0167278 -0.0339571 -0.0697824
-0.0228082 -0.0535181 -0.0343503
-0.00438607 -0.0707578 -0.0491097
-0.0491291 -0.0266904 -0.00186994
0.00283348 -0.0226777 -0.00682627
-0.0325328 0.0246477 -0.0327815
-0.0567167 0.0211145 -0.017989
-0.0567167 0.0211145 -0.017989
-0.0567167 0.0211145 -0.017989
-0.0793029 -0.0282531 -0.0074653
-0.0793029 -0.0282531 -0.0074653
-0.0793029 -0.0282531 -0.0074653
-0.0793029 -0.0282531 -0.0074653
-0.0686014 0.0242756 0.00597691
-0.0857205 -0.00678331 0.027845
-0.0805037 -0.0409824 0.00859083
-0.0805037 -0.0409824 0.00859083
-0.0805037 -0.0409824 0.00859083
-0.0282089 -0.0367348 -0.0034253
-0.0282089 -0.0367348 -0.0034253
-0.0291561 -0.00801118 0.012696
-0.0291561 -0.00801118 0.012696
-0.013851 -0.0114796 -0.0356393
0.038587 -0.0135823 -0.00123031
0.0444035 0.0121598 0.00283663
0.0360497 -0.0185863 0.0352986
0.0360497 -0.0185863 0.0352986
0.0332328 0.0178064 0.0158612
0.0332328 0.0178064 0.0158612
0.04177 0.0706895 -0.0306485
0.0130787 0.0914551 -0.0764912
0.0130787 0.0914551 -0.0764912
0.0130787 0.0914551 -0.0764912
0.0529321 0.085583 -0.0716155
0.0387506 0.102806 -0.0865901
0.0387506 0.102806 -0.0865901
0.0387506 0.102806 -0.0865901
0.0277732 0.121842 -0.0529775
-0.0232124 0.130028 -0.054777
-0.0232124 0.130028 -0.054777
-0.0232124 0.130028 -0.054777
-0.0155676 0.135077 -0.0884253
0.0278567 0.157291 -0.0827517
0.0438752 0.127156 -0.106174
-0.000634929 0.109807 -0.133035
-0.000634929 0.109807 -0.133035
-0.000634929 0.109807 -0.133035
-0.000634929 0.109807 -0.133035
-0.0513895 0.0936521 -0.0888729
-0.084553 0.0479641 -0.0821624
-0.084553 0.0479641 -0.0821624
-0.0646545 0.0773763 -0.0881366
-0.0646545 0.0773763 -0.0881366
-0.0646545 0.0773763 -0.0881366
-0.0646545 0.0773763 -0.0881366
-0.0322869 0.0474658 -0.131668
-0.0322869 0.0474658 -0.131668
-0.0355968 0.0250064 -0.099405
0.00815072 -0.023054 -0.086272
0.0556373 -0.0301114 -0.0863586
0.0556373 -0.0301114 -0.0863586
0.0556373 -0.0301114 -0.0863586
0.0556373 -0.0301114 -0.0863586
0.0149137 -0.0523907 -0.0951089
0.0428804 -0.0355344 -0.0530026
0.0276006 -0.0484942 -0.0257366
0.0578344 0.000401513 -0.0600545
0.0578344 0.000401513 -0.0600545
0.0578344 0.000401513 -0.0600545
0.0237505 -0.0468933 -0.0365369
0.0248553 -0.000268816 -0.00724607
0.0630516 -0.0258701 0.0377699
0.0329974 -0.029379 0.0738354
0.0329974 -0.029379 0.0738354
0.0247741 0.0137569 0.0342748
0.018356 -0.0223556 0.0419311
0.018356 -0.0223556 0.0419311
0.018356 -0.0223556 0.0419311
0.018356 -0.0223556 0.0419311
0.018356 -0.0223556 0.0419311
0.018356 -0.0223556 0.0419311
0.018356 -0.0223556 0.0419311
0.018356 -0.0223556 0.0419311
0.00883956 -0.0412007 0.0106095
0.0236995 -0.0453927 -0.0190496
0.0323671 -0.0140009 0.032325
0.0111174 0.0275258 0.0381176
0.0111174 0.0275258 0.0381176
0.00471742 0.0248258 0.0173241
-0.0112923 -0.0217088 -0.0344477
-0.0112923 -0.0217088 -0.0344477
-0.0112923 -0.0217088 -0.0344477
0.00734168 -0.035703 -0.00666819
0.00734168 -0.035703 -0.00666819
0.00734168 -0.035703 -0.00666819
-0.00240208 -0.0028452 0.010377
-0.00240208 -0.0028452 0.010377
-0.00240208 -0.0028452 0.010377
-0.00240208 -0.0028452 0.010377
-0.00240208 -0.0028452 0.010377
-0.00240208 -0.0028452 0.010377
0.00864628 0.0464414 0.0503207
0.0296221 0.0973622 0.0579957
0.0301412 0.118784 0.0497348
0.0301412 0.118784 0.0497348
0.00597819 0.0871844 0.0742126
0.00597819 0.0871844 0.0742126
0.00597819 0.0871844 0.0742126
-0.0466147 0.0343314 0.121883
-0.0611575 0.0668298 0.081629
-0.0611575 0.0668298 0.081629
-0.0611575 0.0668298 0.081629
-0.0362582 0.0753142 0.0660949
-0.0114992 0.0493107 0.0372216
0.0298337 0.0704072 0.00781937
0.0298337 0.0704072 0.00781937
0.0298337 0.0704072 0.00781937
0.0607836 0.0236999 -0.0347088
0.0607836 0.0236999 -0.0347088
0.0607836 0.0236999 -0.0347088
0.0607836 0.0236999 -0.0347088
0.0607836 0.0236999 -0.0347088
0.0607836 0.0236999 -0.0347088
0.0607836 0.0236999 -0.0347088
0.0607836 0.0236999 -0.0347088
0.0943593 0.0333192 -0.00906816
0.0943593 0.0333192 -0.00906816
0.0588832 0.0251437 -0.0211801
0.0308744 -0.00195795 0.0115594
0.0264283 -0.000459669 0.00885407
0.0222161 -0.00322403 -0.0215867
0.0154009 0.032767 -0.0520772
0.0154009 0.032767 -0.0520772
0.0154009 0.032767 -0.0520772
0.0154009 0.032767 -0.0520772
0.0154009 0.032767 -0.0520772
0.0154009 0.032767 -0.0520772
0.0340471 -0.010013 -0.00948692
-0.0139676 -0.00764368 0.0205014
0.0173819 0.00644438 0.00990989
0.0173819 0.00644438 0.00990989
-0.00488571 -0.0174606 -0.0138106
0.0238658 -0.0178927 -0.00129362
0.00341552 -0.0146684 0.0112974
0.00341552 -0.0146684 0.0112974
-0.0102039 0.0247554 -0.0279871
-0.020007 -0.000856133 -0.00244446
-0.020007 -0.000856133 -0.00244446
-0.020007 -0.000856133 -0.00244446
-0.020007 -0.000856133 -0.00244446
-0.020007 -0.000856133 -0.00244446
0.0120813 -0.0392589 0.0149257
-0.0313017 0.00949979 0.00367498
-0.0313017 0.00949979 0.00367498
-0.0151504 -0.0193279 -0.0100922
-0.0151504 -0.0193279 -0.0100922
-0.0151504 -0.0193279 -0.0100922
-0.0151504 -0.0193279 -0.0100922
0.0160366 -0.00923236 0.027985
-0.0292635 0.0205315 0.0130904
-0.0445941 -0.0172074 -0.0227445
-0.0246589 0.0273661 -0.074886
-0.0363657 0.0130865 -0.0975481
-0.0811326 0.0638305 -0.0507033
-0.0811326 0.0638305 -0.0507033
-0.0811326 0.0638305 -0.0507033
-0.0518534 0.0188452 -0.0802559
-0.0292966 0.047823 -0.0485447
-0.0292966 0.047823 -0.0485447
-0.0195368 0.0555611 -0.0235633
-0.0489561 0.0314409 -0.0511922
-0.0415131 -0.0192075 -0.0521319
-0.00416614 -0.00595899 -0.0495688
-0.0245006 0.0403112 -0.0145485
-0.0245006 0.0403112 -0.0145485
-0.0245006 0.0403112 -0.0145485
-0.0145989 0.0281049 -0.0606462
-0.0145989 0.0281049 -0.0606462
0.0303486 -0.00719278 -0.0163579
0.0824755 -0.0170657 -0.0219477
0.0824755 -0.0170657 -0.0219477
0.0597067 -0.0482969 -0.0289101
0.0338358 -0.0454945 -0.0174248
0.0646194 -0.0526828 -0.00668066
0.063074 -0.00134443 0.0396574
0.0853672 -0.0222558 0.0830172
0.0525309 -0.044891 0.0424528
9.92316e-05 -0.00504344 0.0929644
-0.00473742 -0.0247321 0.070678
0.0198356 0.0220813 0.0699362
0.0597194 0.0315471 0.0266214
0.0597194 0.0315471 0.0266214
0.0277661 0.0128603 0.0328825
0.0277661 0.0128603 0.0328825
-0.0108305 0.0102418 -0.0181285
-0.0108305 0.0102418 -0.0181285
-0.0108305 0.0102418 -0.0181285
-0.0108305 0.0102418 -0.0181285
-0.0108305 0.0102418 -0.0181285
-0.0175016 0.0518884 0.00625605
-0.0145152 0.0503774 0.022191
-0.0145152 0.0503774 0.022191
0.0112262 0.0167216 -0.0294779
0.0112262 0.0167216 -0.0294779
0.0112262 0.0167216 -0.0294779
-0.00105499 -0.00343816 0.000606812
-0.0128499 -0.0456065 0.0453937
-0.0128499 -0.0456065 0.0453937
-0.0128499 -0.0456065 0.0453937
-0.0532264 -0.0123059 -0.00554255
-0.0532264 -0.0123059 -0.00554255
-0.0483836 0.0405109 0.00906026
-0.0313045 0.0204852 0.0281516
-0.0693066 0.043861 -0.0121587
-0.0543184 -0.00103763 0.00184967
-0.00462406 0.0409438 0.020017
-0.01084 0.0216656 -0.00424134
-0.01084 0.0216656 -0.00424134
-0.01084 0.0216656 -0.00424134
0.0205026 0.0379481 0.00515334
0.0205026 0.0379481 0.00515334
-0.00674662 -0.00697024 -0.0107136
-0.00674662 -0.00697024 -0.0107136
0.0205527 0.0391878 0.00639061
0.060015 0.0295985 0.0242737
0.0602445 -0.0163749 0.0759537
0.0602445 -0.0163749 0.0759537
0.00907986 0.0120237 0.0344848
0.00907986 0.0120237 0.0344848
0.0332496 0.0313088 0.00711556
-0.00854853 -0.00169917 -0.0396685
0.00186226 0.0189752 -0.0307217
0.00186226 0.0189752 -0.0307217
0.00186226 0.0189752 -0.0307217
0.00186226 0.0189752 -0.0307217
-0.0285096 0.00531294 0.0183192
-0.0285096 0.00531294 0.0183192
-0.0285096 0.00531294 0.0183192
0.00544199 -0.00759907 -0.00813167
0.0235947 0.0072274 -0.0554618
0.0235947 0.0072274 -0.0554618
0.0181975 -0.0251639 -0.0232387
0.0158528 0.00118321 0.00113961
0.0158528 0.00118321 0.00113961
-0.00564414 0.0190025 0.00104142
-0.00564414 0.0190025 0.00104142
-0.00564414 0.0190025 0.00104142
-0.00564414 0.0190025 0.00104142
-0.0120709 0.0145329 -0.00702297
0.0170605 0.0575026 -0.0205312
-0.0292998 0.052714 -0.0127461
-0.0226136 0.0446717 0.0348131
-0.0226136 0.0446717 0.0348131
-0.0721994 0.0762076 0.00713979
-0.0721994 0.0762076 0.00713979
-0.0721994 0.0762076 0.00713979
-0.032019 0.062797 -0.00182279
0.00886989 0.0872544 -0.0020294
0.0419269 0.117992 -0.00997527
0.0419269 0.117992 -0.00997527
0.0681679 0.116652 0.0104439
0.0468113 0.114796 -0.025158
0.0468113 0.114796 -0.025158
0.0987485 0.115859 -0.0703786
0.0987485 0.115859 -0.0703786
0.0987485 0.115859 -0.0703786
0.0987485 0.115859 -0.0703786
0.0987485 0.115859 -0.0703786
0.136892 0.0732219 -0.0385816
0.136892 0.0732219 -0.0385816
0.0941449 0.0455758 -0.087944
0.145071 0.0166991 -0.0478581
0.145071 0.0166991 -0.0478581
0.116655 0.0118239 -0.0534672
0.101584 0.00490518 -0.00988383
0.058644 0.0338176 -0.021608
0.0238577 0.0364211 0.0211025
0.0350945 0.00558189 0.0197279
0.0350945 0.00558189 0.0197279
0.0350945 0.00558189 0.0197279
0.0336816 -0.00191754 -0.0228814
0.0362652 0.0334213 -0.0482586
0.0362652 0.0334213 -0.0482586
0.0362652 0.0334213 -0.0482586
0.0362652 0.0334213 -0.0482586
-0.00640794 0.0144441 -0.00716989
-0.00640794 0.0144441 -0.00716989
-0.00640794 0.0144441 -0.00716989
0.0186359 -0.0154599 -0.0398035
0.0186359 -0.0154599 -0.0398035
0.0186359 -0.0154599 -0.0398035
0.0186359 -0.0154599 -0.0398035
0.0357648 -0.0469358 -0.0268232
0.0534841 -0.00171777 -0.060584
0.00965769 -0.0128486 -0.051922
0.00965769 -0.0128486 -0.051922
0.00965769 -0.0128486 -0.051922
-0.0144403 -0.00875112 -0.0304235
-0.0144403 -0.00875112 -0.0304235
-0.0144403 -0.00875112 -0.0304235
-0.0144403 -0.00875112 -0.0304235
-0.0144403 -0.00875112 -0.0304235
-0.0144403 -0.00875112 -0.0304235
-0.0144403 -0.00875112 -0.0304235
-0.0144403 -0.00875112 -0.0304235
0.0019485 0.0389884 -0.0106514
0.0019485 0.0389884 -0.0106514
0.0019485 0.0389884 -0.0106514
0.0156602 0.0219165 -0.0151291
0.0156602 0.0219165 -0.0151291
0.0156602 0.0219165 -0.0151291
0.0156602 0.0219165 -0.0151291
0.0251784 0.00717904 0.0126641
0.00013562 -0.00154648 0.0369908
-0.0271442 0.026701 0.0182887
-0.0271442 0.026701 0.0182887
-0.0510999 0.0438204 0.0177797
-0.0183361 0.0185413 -0.0192379
-0.0183361 0.0185413 -0.0192379
-0.0183361 0.0185413 -0.0192379
-0.0183361 0.0185413 -0.0192379
-0.0183361 0.0185413 -0.0192379
-0.0183361 0.0185413 -0.0192379
-0.0183361 0.0185413 -0.0192379
-0.00363291 0.0134845 -0.0652712
-0.00363291 0.0134845 -0.0652712
-0.00363291 0.0134845 -0.0652712
0.0104184 0.0286889 -0.0280516
0.0104184 0.0286889 -0.0280516
0.0104184 0.0286889 -0.0280516
-0.000566777 0.0170894 -0.0530236
0.0102382 0.0612195 -0.0113961
0.0102382 0.0612195 -0.0113961
0.0102382 0.0612195 -0.0113961
-0.00897506 0.0640655 -0.0294177
-0.0111668 0.0229636 -0.00602959
-0.0111668 0.0229636 -0.00602959
-0.0111668 0.0229636 -0.00602959
0.0328412 0.00123946 0.0249998
0.0545084 0.000272175 0.0485717
0.0417404 0.0414772 0.0146702
0.0240235 0.0137327 -0.0381764
0.0240235 0.0137327 -0.0381764
-0.017854 -0.0353916 -0.062221
-0.0374464 -0.0738338 -0.0183527
0.0120149 -0.103164 0.00603553
0.0465473 -0.0651519 0.0238373
-0.00515471 -0.106251 0.0077958
0.00206039 -0.128577 -0.0110712
0.00206039 -0.128577 -0.0110712
0.0508133 -0.0910059 -0.0328102
0.0508133 -0.0910059 -0.0328102
0.0508133 -0.0910059 -0.0328102
0.0508133 -0.0910059 -0.0328102
0.0468365 -0.0602032 -0.0659624
0.0401665 -0.0612888 -0.0735783
0.00428091 -0.0849201 -0.0518653
0.0133131 -0.0540604 -0.0393262
0.0240443 -0.0806022 -0.0285686
0.0240443 -0.0806022 -0.0285686
-0.00601074 -0.0943938 -0.0501499
-0.0540223 -0.0885771 -0.053114
-0.0581531 -0.0565621 -0.0162865
-0.0716317 -0.0553159 -0.00205052
-0.0716317 -0.0553159 -0.00205052
-0.0716317 -0.0553159 -0.00205052
-0.0326718 -0.0279641 0.0437854
-0.0326718 -0.0279641 0.0437854
0.0127921 -0.0346793 0.027188
0.0127921 -0.0346793 0.027188
0.0281256 -0.061491 -0.0177627
0.0176209 -0.0170979 -0.0525549
0.0176209 -0.0170979 -0.0525549
0.0176209 -0.0170979 -0.0525549
-0.0174615 0.0172434 -0.0358087
-0.0174615 0.0172434 -0.0358087
-0.0247017 -0.0232604 -0.0388983
-0.0247017 -0.0232604 -0.0388983
-0.0257519 -0.00245277 -0.0723038
-0.0568421 -0.00666997 -0.0287034
-0.015567 -0.0110355 -0.0548851
-0.0472887 0.00431534 -0.0141921
-0.0472887 0.00431534 -0.0141921
-0.00905332 0.0289078 0.00541891
-0.0123095 0.0643534 -0.0207045
0.00586125 0.0181525 -0.0448903
0.00624311 0.0177476 -0.00291022
0.0375967 -0.0220251 -0.0173854
0.0422796 -0.0351458 -0.00872128
0.0422796 -0.0351458 -0.00872128
0.0422796 -0.0351458 -0.00872128
0.0422796 -0.0351458 -0.00872128
0.0181134 -0.0028585 0.0125455
0.0181134 -0.0028585 0.0125455
-0.0011395 -0.0237964 0.0438029
-0.0011395 -0.0237964 0.0438029
-0.0011395 -0.0237964 0.0438029
0.00839912 0.0183389 0.0796134
0.00839912 0.0183389 0.0796134
0.00839912 0.0183389 0.0796134
0.0521763 -0.00155683 0.0317715
0.0685729 0.0349179 0.0113454
0.0649266 0.00470372 0.00441785
0.0485697 -0.0174585 0.0196038
0.0485697 -0.0174585 0.0196038
0.042259 -0.0324852 -0.0301716
-0.00938599 -0.0436025 -0.0581921
-0.00347305 -0.0642803 -0.0500165
0.0120757 -0.0188284 -0.0690009
0.0120757 -0.0188284 -0.0690009
0.0120757 -0.0188284 -0.0690009
0.0390675 -0.0675483 -0.0688908
0.0875002 -0.0631908 -0.0207821
0.102699 -0.0673916 -0.0707673
0.102699 -0.0673916 -0.0707673
0.102699 -0.0673916 -0.0707673
0.0583621 -0.0466884 -0.107489
0.0583621 -0.0466884 -0.107489
0.0583621 -0.0466884 -0.107489
0.0650674 -0.0162627 -0.126703
0.0650674 -0.0162627 -0.126703
0.0132289 -0.0314982 -0.120701
