-0.369995
-0.367258
-0.365057
-0.36278
-0.360001
-0.356617
-0.352757
-0.348734
-0.344957
-0.341955
-0.34047
-0.341148
-0.344436
-0.350205
-0.3578
-0.366277
-0.37474
-0.382531
-0.389278
-0.39486
-0.39927
-0.402606
-0.405012
-0.406592
-0.407499
-0.407826
-0.407696
-0.407203
-0.406463
-0.40554
-0.404507
-0.403426
-0.402344
-0.401286
-0.400292
-0.399351
-0.398458
-0.397595
-0.396701
-0.395709
-0.394495
-0.392844
-0.390481
-0.38701
-0.381919
-0.374589
-0.364477
-0.351486
-0.336532
-0.322016
-0.311393
-0.307484
-0.31054
-0.318146
-0.326967
-0.334633
-0.340278
-0.344077
-0.346658
-0.348662
-0.350585
-0.352718
-0.355204
-0.358052
-0.361213
-0.364588
-0.368041
-0.371402
-0.374521
-0.377267
-0.379505
-0.38119
-0.38225
-0.38269
-0.382516
-0.381775
-0.380479
-0.378699
-0.376533
-0.374059
-0.371393
-0.368652
-0.365987
-0.363532
-0.361382
-0.359632
-0.358298
-0.357336
-0.356677
-0.356169
-0.355683
-0.355068
-0.354218
-0.3531
-0.351718
-0.350166
-0.348622
-0.347301
-0.346447
-0.346267
-0.3469
-0.348339
-0.350473
-0.353122
-0.356028
-0.358938
-0.361631
-0.363917
-0.365639
-0.36663
-0.366753
-0.365859
-0.363828
-0.360544
-0.355993
-0.350277
-0.343726
-0.336867
-0.330398
-0.325082
-0.321535
-0.320068
-0.320591
-0.322717
-0.325844
-0.329358
-0.332768
-0.335766
-0.338294
-0.340401
-0.342258
-0.344013
-0.345747
-0.347466
-0.349084
-0.350488
-0.351524
-0.352083
-0.352081
-0.351444
-0.350098
-0.347971
-0.344924
-0.340818
-0.335462
-0.3287
-0.320532
-0.311274
-0.30173
-0.293265
-0.287568
-0.286013
-0.289011
-0.295782
-0.304811
-0.314476
-0.32359
-0.331495
-0.337965
-0.343046
-0.346905
-0.349774
-0.351868
-0.353354
-0.354353
-0.354941
-0.355175
-0.355059
-0.354557
-0.35363
-0.352196
-0.350154
-0.347398
-0.343861
-0.339488
-0.334348
-0.32863
-0.322703
-0.317073
-0.312287
-0.308767
-0.306639
-0.305745
-0.305713
-0.306101
-0.306602
-0.307127
-0.307684
-0.308414
-0.309455
-0.310902
-0.312754
-0.314942
-0.317344
-0.31981
-0.322171
-0.324309
-0.326105
-0.327448
-0.328278
-0.328561
-0.32832
-0.327571
-0.326426
-0.325018
-0.323545
-0.322204
-0.321198
-0.320711
-0.320822
-0.321536
-0.322725
-0.324208
-0.325743
-0.327093
-0.32805
-0.328431
-0.328103
-0.327029
-0.325218
-0.32278
-0.319894
-0.316842
-0.313933
-0.311456
-0.309603
-0.30837
-0.30762
-0.307095
-0.306517
-0.305675
-0.304499
-0.303056
-0.301582
-0.300339
-0.29965
-0.299742
-0.300738
-0.302643
-0.305336
-0.308606
-0.312177
-0.315786
-0.319217
-0.322278
-0.324896
-0.327013
-0.328636
-0.329836
-0.33066
-0.331201
-0.33155
-0.331782
-0.331989
-0.332226
-0.332541
-0.33296
-0.333515
-0.3342
-0.335025
-0.33598
-0.337032
-0.338169
-0.33937
-0.340592
-0.341822
-0.343015
-0.344146
-0.345187
-0.346118
-0.346928
-0.347584
-0.348067
-0.348361
-0.348448
-0.348266
-0.347777
-0.346914
-0.345604
-0.343785
-0.341426
-0.338525
-0.335187
-0.331624
-0.328176
-0.325232
-0.323146
-0.322155
-0.322278
-0.323316
-0.324867
-0.32653
-0.327901
-0.328728
-0.32888
-0.328382
-0.327341
-0.325992
-0.324611
-0.3235
-0.322917
-0.323045
-0.323943
-0.32555
-0.327646
-0.32996
-0.33214
-0.333854
-0.33479
-0.334743
-0.333563
-0.331303
-0.328152
-0.324462
-0.320735
-0.317481
-0.315156
-0.314085
-0.314389
-0.316008
-0.318709
-0.322155
-0.325889
-0.329476
-0.332451
-0.334456
-0.335207
-0.33458
-0.332582
-0.329396
-0.325372
-0.321031
-0.316988
-0.313828
-0.311944
-0.311397
-0.311928
-0.313034
-0.314165
-0.314887
-0.315002
-0.314563
-0.313885
-0.313382
-0.313412
-0.314206
-0.315744
-0.317824
-0.320113
-0.322293
-0.324123
-0.325489
-0.326397
-0.326908
-0.327091
-0.327077
-0.32695
-0.326762
-0.326557
-0.32635
-0.32613
-0.325878
-0.325573
-0.325188
-0.324694
-0.324081
-0.323344
-0.322467
-0.321465
-0.320335
-0.31909
-0.31776
-0.316379
-0.314973
-0.313576
-0.312258
-0.311076
-0.31008
-0.309335
-0.308888
-0.308774
-0.309034
-0.309647
-0.310601
-0.311852
-0.313338
-0.314986
-0.316699
-0.318417
-0.320034
-0.321495
-0.322726
-0.323675
-0.324259
-0.32444
-0.324202
-0.323509
-0.322406
-0.320978
-0.319377
-0.317828
-0.316581
-0.315887
-0.315953
-0.316879
-0.318578
-0.320882
-0.32352
-0.326218
-0.328717
-0.330831
-0.332472
-0.333563
-0.334096
-0.334114
-0.333648
-0.33278
-0.331594
-0.3302
-0.328712
-0.327254
-0.32598
-0.325005
-0.324413
-0.324257
-0.32455
-0.325259
-0.326305
-0.327585
-0.328984
-0.330387
-0.331685
-0.332765
-0.333529
-0.333894
-0.333794
-0.333166
-0.331987
-0.33029
-0.328171
-0.325831
-0.323573
-0.321754
-0.320702
-0.320636
-0.321553
-0.323268
-0.325418
-0.327625
-0.329531
-0.330904
-0.331589
-0.33153
-0.330621
-0.328727
-0.325628
-0.321059
-0.314826
-0.307046
-0.298479
-0.290682
-0.285784
-0.285569
-0.290451
-0.299161
-0.309525
-0.319535
-0.327925
-0.334224
-0.338493
-0.34102
-0.342162
-0.342264
-0.341621
-0.340457
-0.338937
-0.337193
-0.335293
-0.33328
-0.331158
-0.328934
-0.326641
-0.324371
-0.322279
-0.320573
-0.31949
-0.319223
-0.319857
-0.321332
-0.323481
-0.326075
-0.328862
-0.331579
-0.334038
-0.336083
-0.337609
-0.33855
-0.338911
-0.338779
-0.338296
-0.337641
-0.336981
-0.336429
-0.336041
-0.335745
-0.335456
-0.335047
-0.334485
-0.333831
-0.33321
-0.332831
-0.332862
-0.333426
-0.334491
-0.335929
-0.337502
-0.338938
-0.339973
-0.340399
-0.34004
-0.338861
-0.336918
-0.334384
-0.33159
-0.328965
-0.326956
-0.325878
-0.325894
-0.326898
-0.32863
-0.330771
-0.332973
-0.335023
-0.336802
-0.338239
-0.339322
-0.340063
-0.340428
-0.340381
-0.339866
-0.33882
-0.337217
-0.335054
-0.332412
-0.329435
-0.326345
-0.323391
-0.320832
-0.318895
-0.317692
-0.317206
-0.317373
-0.318036
-0.319019
-0.320175
-0.321402
-0.322634
-0.323851
-0.325074
-0.326334
-0.327713
-0.329244
-0.330992
-0.332953
-0.335104
-0.337387
-0.339733
-0.342068
-0.344303
-0.346399
-0.348312
-0.350037
-0.351559
-0.35289
-0.354034
-0.354996
-0.355795
-0.356419
-0.356886
-0.35722
-0.357433
-0.35753
-0.357524
-0.357424
-0.357238
-0.356977
-0.356654
-0.356263
-0.355777
-0.355194
-0.354497
-0.353656
-0.352645
-0.351424
-0.349964
-0.348244
-0.34625
-0.343989
-0.341454
-0.338683
-0.335701
-0.332594
-0.329446
-0.326384
-0.323554
-0.321141
-0.319346
-0.318336
-0.318222
-0.319033
-0.320702
-0.32306
-0.325898
-0.328987
-0.332161
-0.335275
-0.338256
-0.341058
-0.343676
-0.346143
-0.348477
-0.350715
-0.35288
-0.35499
-0.357047
-0.359044
-0.360987
-0.362866
-0.364677
-0.366444
-0.368166
-0.369884
-0.371586
-0.373313
-0.37504
-0.3768
-0.378558
-0.380324
-0.382071
-0.383764
-0.385399
-0.386924
-0.388325
-0.389591
-0.390695
-0.391648
-0.392445
-0.393077
-0.393582
-0.393978
-0.394273
-0.394511
-0.394703
-0.394869
-0.39503
-0.395176
-0.395317
-0.39541
-0.395456
-0.395394
-0.395226
-0.394953
-0.394594
-0.394189
-0.393769
-0.393345
-0.392909
-0.392398
-0.391703
-0.390638
-0.388982
-0.386509
-0.383097
-0.378764
-0.373752
-0.368569
-0.36386
-0.360262
-0.358224
-0.357897
-0.359169
-0.361742
-0.365164
-0.36892
-0.372458
-0.375311
-0.377236
-0.378264
-0.378722
-0.379063
-0.379758
-0.381191
-0.38357
-0.386965
-0.391306
-0.396394
-0.401985
-0.407755
-0.413373
-0.41851
-0.422914
-0.426353
-0.428648
-0.429664
-0.429298
-0.42749
-0.424288
-0.41984
-0.414536
-0.408985
-0.403934
-0.400072
-0.397811
-0.397103
-0.397501
-0.398358
-0.399151
-0.399577
-0.399586
-0.399355
-0.399162
-0.399273
-0.399896
-0.401092
-0.402827
-0.404952
-0.407225
-0.409365
-0.41108
-0.412167
-0.41247
-0.411927
-0.410642
-0.408837
-0.406856
-0.405134
-0.404064
-0.403992
-0.405106
-0.407416
-0.410746
-0.414763
-0.419082
-0.423307
-0.427058
-0.430049
-0.432103
-0.433129
-0.433124
-0.432211
-0.430608
-0.428618
-0.4266
-0.424929
-0.423897
-0.423683
-0.424291
-0.425602
-0.427416
-0.429509
-0.43169
-0.433793
-0.435746
-0.437493
-0.439006
-0.440277
-0.441303
-0.44203
-0.442433
-0.442431
-0.441945
-0.440909
-0.439268
-0.437061
-0.434431
-0.431684
-0.429268
-0.427651
-0.427196
-0.428057
-0.430066
-0.432788
-0.435665
-0.438162
-0.439843
-0.440409
-0.439637
-0.437435
-0.433783
-0.428812
-0.422833
-0.416473
-0.4106
-0.406206
-0.404056
-0.404405
-0.406828
-0.410384
-0.414006
-0.4168
-0.418138
-0.41768
-0.415322
-0.411157
-0.405422
-0.398535
-0.391128
-0.383993
-0.37795
-0.373701
-0.371698
-0.372057
-0.374551
-0.378688
-0.383858
-0.389414
-0.394821
-0.399677
-0.403765
-0.407009
-0.409459
-0.411208
-0.412364
-0.413054
-0.413364
-0.413396
-0.413233
-0.412923
-0.412498
-0.411957
-0.411165
-0.409888
-0.407816
-0.404564
-0.399884
-0.393745
-0.386675
-0.379824
-0.374761
-0.372848
-0.374512
-0.379038
-0.384928
-0.390731
-0.395481
-0.398824
-0.400838
-0.401823
-0.402102
-0.401987
-0.401689
-0.40134
-0.400984
-0.400578
-0.400064
-0.399372
-0.398433
-0.39726
-0.395975
-0.394734
-0.39377
-0.393288
-0.393399
-0.39405
-0.395021
-0.395911
-0.396256
-0.395668
-0.393807
-0.390581
-0.386123
-0.380852
-0.375474
-0.370887
-0.367957
-0.367299
-0.368986
-0.372528
-0.377042
-0.381516
-0.385041
-0.386969
-0.38695
-0.384948
-0.381344
-0.376855
-0.372504
-0.369362
-0.368148
-0.368976
-0.371357
-0.374498
-0.377679
-0.38046
-0.382775
-0.384799
-0.386846
-0.389239
-0.392227
-0.395955
-0.40046
-0.405658
-0.411393
-0.417481
-0.423712
-0.429872
-0.435799
-0.441395
-0.446544
-0.451204
-0.45533
-0.458891
-0.461807
-0.463983
-0.465263
-0.4654
-0.464123
-0.461094
-0.456
-0.448694
-0.439331
-0.428449
-0.416889
-0.405449
-0.394593
-0.384647
-0.376533
-0.372314
-0.374238
-0.382796
-0.395915
-0.41021
-0.422896
-0.432623
-0.43924
-0.44325
-0.445288
-0.445998
-0.445885
-0.445336
-0.444661
-0.444027
-0.443509
-0.443063
-0.442551
-0.441766
-0.44044
-0.438297
-0.435129
-0.430863
-0.425656
-0.419888
-0.414234
-0.409514
-0.406561
-0.405969
-0.407913
-0.412088
-0.4179
-0.424638
-0.43162
-0.438346
-0.444477
-0.4498
-0.454202
-0.457661
-0.460183
-0.461769
-0.462438
-0.462199
-0.461024
-0.458914
-0.455846
-0.451835
-0.447008
-0.441586
-0.43597
-0.43073
-0.426489
-0.423779
-0.422814
-0.423463
-0.425253
-0.427578
-0.429851
-0.431675
-0.432766
-0.433054
-0.432551
-0.431357
-0.429571
-0.427313
-0.424722
-0.421946
-0.419132
-0.416434
-0.413951
-0.411808
-0.410062
-0.408731
-0.407824
-0.407291
-0.40707
-0.407076
-0.407253
-0.407516
-0.40781
-0.408069
-0.408264
-0.408333
-0.40827
-0.408069
-0.407754
-0.407337
-0.406888
-0.406481
-0.406189
-0.406072
-0.406183
-0.406537
-0.407101
-0.407806
-0.408551
-0.409238
-0.409751
-0.41
-0.409924
-0.409462
-0.408599
-0.40735
-0.40577
-0.403911
-0.401892
-0.399837
-0.397925
-0.396349
-0.395295
-0.394919
-0.395291
-0.396453
-0.398303
-0.400648
-0.403261
-0.405908
-0.408356
-0.410384
-0.411842
-0.412604
-0.412572
-0.411692
-0.409991
-0.407573
-0.404637
-0.401528
-0.398666
-0.39653
-0.395563
-0.39605
-0.398053
-0.401357
-0.405568
-0.410207
-0.414782
-0.4189
-0.422295
-0.424839
-0.426471
-0.427254
-0.427235
-0.426556
-0.425302
-0.42354
-0.421342
-0.41875
-0.415802
-0.412607
-0.409326
-0.406165
-0.40338
-0.401201
-0.399791
-0.399198
-0.399302
-0.399848
-0.400547
-0.401145
-0.401451
-0.401391
-0.401039
-0.400507
-0.400041
-0.399854
-0.400128
-0.401019
-0.402573
-0.404786
-0.407514
-0.410563
-0.413642
-0.416476
-0.418774
-0.420282
-0.420858
-0.420455
-0.419132
-0.417078
-0.414573
-0.411946
-0.40949
-0.407499
-0.406207
-0.405906
-0.406856
-0.409221
-0.412968
-0.41777
-0.423044
-0.428094
-0.432291
-0.435174
-0.436483
-0.436188
-0.434371
-0.431251
-0.427099
-0.422211
-0.416914
-0.411485
-0.406206
-0.401294
-0.396978
-0.393444
-0.39086
-0.389363
-0.389035
-0.389846
-0.391652
-0.394213
-0.397202
-0.400301
-0.403225
-0.405724
-0.407671
-0.408953
-0.409525
-0.409348
-0.408394
-0.406666
-0.404144
-0.400851
-0.396791
-0.391985
-0.386406
-0.380058
-0.372946
-0.365189
-0.357115
-0.349275
-0.342412
-0.337262
-0.334358
-0.333853
-0.335533
-0.33885
-0.343152
-0.347786
-0.352171
-0.355921
-0.358851
-0.36097
-0.362501
-0.363738
-0.365072
-0.366858
-0.369374
-0.372763
-0.376983
-0.381822
-0.386959
-0.392048
-0.3967
-0.40063
-0.403687
-0.405746
-0.406826
-0.407003
-0.4064
-0.405149
-0.403408
-0.401329
-0.39902
-0.396595
-0.394125
-0.391637
-0.389158
-0.386643
-0.384063
-0.381306
-0.378268
-0.374843
-0.370956
-0.366607
-0.361878
-0.356971
-0.352198
-0.34795
-0.344644
-0.342662
-0.34222
-0.343376
-0.34598
-0.349736
-0.354252
-0.359137
-0.364051
-0.36871
-0.37287
-0.376363
-0.379109
-0.381033
-0.382147
-0.382466
-0.382048
-0.380955
-0.379274
-0.377109
-0.374564
-0.371716
-0.368707
-0.365637
-0.362644
-0.359857
-0.357401
-0.355379
-0.353889
-0.353004
-0.35277
-0.353188
-0.35423
-0.355867
-0.357998
-0.360535
-0.363366
-0.366392
-0.369524
-0.372663
-0.37575
-0.378719
-0.381545
-0.38419
-0.386641
-0.388895
-0.39095
-0.392812
-0.394493
-0.395992
-0.397311
-0.398444
-0.399391
-0.400121
-0.400641
-0.40089
-0.400849
-0.400462
-0.399679
-0.398444
-0.39674
-0.394533
-0.391854
-0.388749
-0.385335
-0.3818
-0.378371
-0.375308
-0.372877
-0.371333
-0.370839
-0.371473
-0.37319
-0.375808
-0.379098
-0.382733
-0.386434
-0.389917
-0.392939
-0.395316
-0.396887
-0.39757
-0.397315
-0.396171
-0.39425
-0.391755
-0.388929
-0.385945
-0.38288
-0.379762
-0.376558
-0.373383
-0.370507
-0.368378
-0.367413
-0.367891
-0.369842
-0.373156
-0.377539
-0.382735
-0.388474
-0.394515
-0.400609
-0.406507
-0.412025
-0.416962
-0.421202
-0.424673
-0.427331
-0.429178
-0.430267
-0.430671
-0.430483
-0.429812
-0.428773
-0.427494
-0.426076
-0.424593
-0.423083
-0.421553
-0.419978
-0.418331
-0.416538
-0.414545
-0.412325
-0.409866
-0.407204
-0.404405
-0.401585
-0.398852
-0.396335
-0.394095
-0.392195
-0.390618
-0.389286
-0.388043
-0.386661
-0.384849
-0.382296
-0.378795
-0.37437
-0.369483
-0.365103
-0.362521
-0.362922
-0.366741
-0.373412
-0.381684
-0.390192
-0.397858
-0.404122
-0.40882
-0.412012
-0.413838
-0.414473
-0.414058
-0.412679
-0.410382
-0.407177
-0.403054
-0.398004
-0.392062
-0.385346
-0.378132
-0.370891
-0.364292
-0.359074
-0.355848
-0.354861
-0.355979
-0.35872
-0.362468
-0.366708
-0.371036
-0.375288
-0.379371
-0.383331
-0.387215
-0.391035
-0.394733
-0.398173
-0.401156
-0.403456
-0.404887
-0.405318
-0.404683
-0.403038
-0.400505
-0.397305
-0.393731
-0.390138
-0.386879
-0.384276
-0.382604
-0.381971
-0.382382
-0.383709
-0.385703
-0.38805
-0.390423
-0.39247
-0.393904
-0.394472
-0.394024
-0.392476
-0.389904
-0.386497
-0.382636
-0.378799
-0.375479
-0.373055
-0.371688
-0.371236
-0.371375
-0.371701
-0.371851
-0.371696
-0.371334
-0.371045
-0.371256
-0.372334
-0.374551
-0.377926
-0.38229
-0.387304
-0.392553
-0.397593
-0.40212
-0.40588
-0.408737
-0.410662
-0.411672
-0.411845
-0.411277
-0.410061
-0.408342
-0.406261
-0.403937
-0.401505
-0.399099
-0.396847
-0.394856
-0.393243
-0.392134
-0.391594
-0.391717
-0.392546
-0.394086
-0.396275
-0.398967
-0.401992
-0.40513
-0.40816
-0.41088
-0.41311
-0.41469
-0.415474
-0.415322
-0.414138
-0.411794
-0.408238
-0.403448
-0.397533
-0.390658
-0.38311
-0.375286
-0.367547
-0.360301
-0.353891
-0.348662
-0.344946
-0.343014
-0.343074
-0.345179
-0.349301
-0.355244
-0.3627
-0.371243
-0.380372
-0.389552
-0.398308
-0.406266
-0.413132
-0.418755
-0.423029
-0.425928
-0.427422
-0.427526
-0.426234
-0.423579
-0.419601
-0.414426
-0.408236
-0.401417
-0.394473
-0.388075
-0.38299
-0.379936
-0.379403
-0.381528
-0.386023
-0.392279
-0.399519
-0.406989
-0.41406
-0.42031
-0.425507
-0.429568
-0.432511
-0.434404
-0.435346
-0.43539
-0.434595
-0.432964
-0.430463
-0.42709
-0.422838
-0.417753
-0.411993
-0.4059
-0.399966
-0.394785
-0.390941
-0.388845
-0.388564
-0.389863
-0.392269
-0.395325
-0.398589
-0.401767
-0.404654
-0.407135
-0.409159
-0.410669
-0.411612
-0.411943
-0.411638
-0.410706
-0.4092
-0.407256
-0.405092
-0.403006
-0.401315
-0.400337
-0.400253
-0.401135
-0.402855
-0.405194
-0.407879
-0.410627
-0.413215
-0.41548
-0.417364
-0.418835
-0.419931
-0.420681
-0.421162
-0.421437
-0.421552
-0.421539
-0.421374
-0.420976
-0.42024
-0.418995
-0.417059
-0.414255
-0.410451
-0.405678
-0.400192
-0.394549
-0.389618
-0.386317
-0.385386
-0.387014
-0.390785
-0.395878
-0.401379
-0.406593
-0.411101
-0.414745
-0.41753
-0.419565
-0.420967
-0.421847
-0.422271
-0.422306
-0.42197
-0.421233
-0.420067
-0.418424
-0.416217
-0.413363
-0.409801
-0.405485
-0.40041
-0.394712
-0.38859
-0.38243
-0.376697
-0.371889
-0.36841
-0.366411
-0.365681
-0.365708
-0.365688
-0.364821
-0.362438
-0.358346
-0.353014
-0.34748
-0.342955
-0.340253
-0.339512
-0.340509
-0.343225
-0.347982
-0.35505
-0.364051
-0.373918
-0.383305
-0.391136
-0.39687
-0.400373
-0.401794
-0.401376
-0.399376
-0.395984
-0.39138
-0.385763
-0.379366
-0.372577
-0.365947
-0.360153
-0.355896
-0.35371
-0.353771
-0.355693
-0.358625
-0.361417
-0.362795
-0.361633
-0.357173
-0.349479
-0.339934
-0.331362
-0.327244
-0.329759
-0.33833
-0.350131
-0.362033
-0.371996
-0.379341
-0.384228
-0.387158
-0.388696
-0.389295
-0.389285
-0.388919
-0.388338
-0.387646
-0.386888
-0.3861
-0.385285
-0.384463
-0.383652
-0.382886
-0.38218
-0.381545
-0.380928
-0.380176
-0.378942
-0.376729
-0.372834
-0.366627
-0.357977
-0.347908
-0.339034
-0.334951
-0.338195
-0.348361
-0.362306
-0.376347
-0.388046
-0.39653
-0.401933
-0.404843
-0.40588
-0.405587
-0.404397
-0.402664
-0.40071
-0.398833
-0.397319
-0.396402
-0.39623
-0.396816
-0.397966
-0.39934
-0.400491
-0.401026
-0.400808
-0.400021
-0.399198
-0.399012
-0.399972
-0.402141
-0.405189
-0.408584
-0.411903
-0.414949
-0.41768
-0.420162
-0.422487
-0.424779
-0.427257
-0.430189
-0.433808
-0.438182
-0.44317
-0.448348
-0.453152
-0.456916
-0.45892
-0.458571
-0.455403
-0.449198
-0.44015
-0.428979
-0.417015
-0.406152
-0.398644
-0.396381
-0.400017
-0.408438
-0.419241
-0.429951
-0.438811
-0.444989
-0.448356
-0.449137
-0.447835
-0.445127
-0.441893
-0.439087
-0.437442
-0.437334
-0.43863
-0.440883
-0.443585
-0.446312
-0.448855
-0.451126
-0.453167
-0.455064
-0.456864
-0.458628
-0.460359
-0.462038
-0.463589
-0.464925
-0.465943
-0.466548
-0.46665
-0.466219
-0.465266
-0.463845
-0.462076
-0.460159
-0.458313
-0.45681
-0.455879
-0.455668
-0.456225
-0.45747
-0.459268
-0.461382
-0.463596
-0.465713
-0.467581
-0.469063
-0.470073
-0.470564
-0.470471
-0.469767
-0.468449
-0.466535
-0.464086
-0.461178
-0.457924
-0.454447
-0.450848
-0.447228
-0.443635
-0.440132
-0.436754
-0.433595
-0.43081
-0.428684
-0.427513
-0.427551
-0.428875
-0.431322
-0.434471
-0.437825
-0.440927
-0.443411
-0.44513
-0.446051
-0.446266
-0.445907
-0.445127
-0.444092
-0.442968
-0.441884
-0.440994
-0.440405
-0.440198
-0.440382
-0.440952
-0.441858
-0.443024
-0.444371
-0.445844
-0.44738
-0.448917
-0.450429
-0.451862
-0.453177
-0.454291
-0.455148
-0.455648
-0.455713
-0.455252
-0.454133
-0.452261
-0.449529
-0.445837
-0.441136
-0.435497
-0.429141
-0.42245
-0.416041
-0.410656
-0.406998
-0.405496
-0.406153
-0.408589
-0.412198
-0.416312
-0.420423
-0.42422
-0.427495
-0.430179
-0.432207
-0.433542
-0.43412
-0.433887
-0.432785
-0.430778
-0.427871
-0.424166
-0.419835
-0.415161
-0.410546
-0.40647
-0.403429
-0.401884
-0.402137
-0.404283
-0.408151
-0.41336
-0.419374
-0.425618
-0.431533
-0.436688
-0.440781
-0.443672
-0.445328
-0.445813
-0.44525
-0.44383
-0.441748
-0.439215
-0.436404
-0.433426
-0.430334
-0.427081
-0.423583
-0.419705
-0.415294
-0.410228
-0.404421
-0.397828
-0.390515
-0.382706
-0.374911
-0.367978
-0.363026
-0.361115
-0.362743
-0.367617
-0.374746
-0.382873
-0.390966
-0.398422
-0.404993
-0.41066
-0.415553
-0.419804
-0.423537
-0.426809
-0.42968
-0.432138
-0.434195
-0.435843
-0.437044
-0.437781
-0.438029
-0.437736
-0.436896
-0.435481
-0.433513
-0.431037
-0.428153
-0.425025
-0.421863
-0.418925
-0.416477
-0.414754
-0.413857
-0.413789
-0.414431
-0.415595
-0.417042
-0.41853
-0.419808
-0.42067
-0.420926
-0.420451
-0.419232
-0.417396
-0.415226
-0.413158
-0.411568
-0.410697
-0.410495
-0.410644
-0.410751
-0.410634
-0.410521
-0.411061
-0.412966
-0.416698
-0.422129
-0.428588
-0.435194
-0.441123
-0.445883
-0.449242
-0.451222
-0.451933
-0.45157
-0.45029
-0.448233
-0.445455
-0.441981
-0.437738
-0.432613
-0.426489
-0.4193
-0.411096
-0.40213
-0.392973
-0.384427
-0.377478
-0.373035
-0.371649
-0.37331
-0.377464
-0.383208
-0.389528
-0.395577
-0.400792
-0.404928
-0.407972
-0.410071
-0.411435
-0.412257
-0.412678
-0.412723
-0.412401
-0.411695
-0.41061
-0.409238
-0.407662
-0.40604
-0.404488
-0.403105
-0.401921
-0.400954
-0.400177
-0.399595
-0.399179
-0.398979
-0.399004
-0.399294
-0.39984
-0.400642
-0.401663
-0.402816
-0.404031
-0.405219
-0.406305
-0.407217
-0.407901
-0.408333
-0.408523
-0.408448
-0.408149
-0.407655
-0.407028
-0.406287
-0.405466
-0.404548
-0.403514
-0.402275
-0.400726
-0.398746
-0.39621
-0.393024
-0.389162
-0.384653
-0.379679
-0.374461
-0.369334
-0.364648
-0.360715
-0.35778
-0.355985
-0.355333
-0.355698
-0.356751
-0.358041
-0.359105
-0.359707
-0.359942
-0.360374
-0.361786
-0.364797
-0.369543
-0.375576
-0.38208
-0.388192
-0.393329
-0.39719
-0.399777
-0.401211
-0.401678
-0.401403
-0.400559
-0.399311
-0.397759
-0.396034
-0.394193
-0.392305
-0.390425
-0.388601
-0.38683
-0.385114
-0.383422
-0.381708
-0.379895
-0.377905
-0.375643
-0.373061
-0.370131
-0.36689
-0.363443
-0.360023
-0.356918
-0.35446
-0.353014
-0.352792
-0.353871
-0.356144
-0.359335
-0.363065
-0.367011
-0.370901
-0.374562
-0.377937
-0.381014
-0.383845
-0.386448
-0.38882
-0.390951
-0.392787
-0.394265
-0.395343
-0.39593
-0.396014
-0.395604
-0.394746
-0.393541
-0.392121
-0.390697
-0.389449
-0.388592
-0.388255
-0.388513
-0.389334
-0.390554
-0.391982
-0.393343
-0.394386
-0.394895
-0.394802
-0.394137
-0.393123
-0.392125
-0.391629
-0.392075
-0.393741
-0.396676
-0.400654
-0.405283
-0.410119
-0.414781
-0.419006
-0.422652
-0.425679
-0.42811
-0.430019
-0.431499
-0.432643
-0.433561
-0.43433
-0.435022
-0.435687
-0.436371
-0.437062
-0.437765
-0.438441
-0.439072
-0.43958
-0.439922
-0.440018
-0.439867
-0.439411
-0.438705
-0.437806
-0.436885
-0.436139
-0.435759
-0.435883
-0.436478
-0.437353
-0.43805
-0.438088
-0.437095
-0.434992
-0.432158
-0.429363
-0.427588
-0.427596
-0.429576
-0.433088
-0.437314
-0.441432
-0.444878
-0.447449
-0.449177
-0.450289
-0.450985
-0.451417
-0.451634
-0.45155
-0.451043
-0.450058
-0.44869
-0.447226
-0.446166
-0.446043
-0.447233
-0.44979
-0.453341
-0.457245
-0.460723
-0.463049
-0.46364
-0.462033
-0.457963
-0.45138
-0.442594
-0.432405
-0.422161
-0.413454
-0.40767
-0.405501
-0.406908
-0.411232
-0.417515
-0.424567
-0.431184
-0.436234
-0.438857
-0.438486
-0.435016
-0.428805
-0.420933
-0.413235
-0.408059
-0.40743
-0.412009
-0.420792
-0.431741
-0.44281
-0.452612
-0.460459
-0.466252
-0.470138
-0.472341
-0.47311
-0.472663
-0.471152
-0.468677
-0.465322
-0.46112
-0.456048
-0.450102
-0.443292
-0.435721
-0.427668
-0.41963
-0.412311
-0.40651
-0.402923
-0.401909
-0.403358
-0.406806
-0.411589
-0.41704
-0.42259
-0.427814
-0.432426
-0.436204
-0.439005
-0.440704
-0.441222
-0.440534
-0.438679
-0.435715
-0.431738
-0.426904
-0.421391
-0.415427
-0.409362
-0.403694
-0.399137
-0.39653
-0.396523
-0.399266
-0.404287
-0.410646
-0.417292
-0.423389
-0.428453
-0.43229
-0.434932
-0.436541
-0.437259
-0.437211
-0.436502
-0.435128
-0.433107
-0.430343
-0.426832
-0.4226
-0.417806
-0.412742
-0.407835
-0.403458
-0.399858
-0.397044
-0.394797
-0.392821
-0.390868
-0.388895
-0.387038
-0.385515
-0.384492
-0.384022
-0.384002
-0.384249
-0.384494
-0.38447
-0.38391
-0.382549
-0.380224
-0.376952
-0.373031
-0.369155
-0.366282
-0.365382
-0.366972
-0.37088
-0.37637
-0.382449
-0.388239
-0.393145
-0.396864
-0.399286
-0.400382
-0.400143
-0.398573
-0.395707
-0.391645
-0.386593
-0.380939
-0.375186
-0.369897
-0.365592
-0.362571
-0.360898
-0.360393
-0.3607
-0.361396
-0.362
-0.362078
-0.361302
-0.359478
-0.356669
-0.353176
-0.349565
-0.346511
-0.34467
-0.344408
-0.345729
-0.348246
-0.35142
-0.354746
-0.357815
-0.360392
-0.36242
-0.363936
-0.365045
-0.365885
-0.366576
-0.367226
-0.367874
-0.368507
-0.369083
-0.369532
-0.369772
-0.369738
-0.369391
-0.36872
-0.367739
-0.366472
-0.364972
-0.363305
-0.361504
-0.35963
-0.357707
-0.355773
-0.35385
-0.351965
-0.350134
-0.348364
-0.34671
-0.345187
-0.34382
-0.342674
-0.341792
-0.341238
-0.341035
-0.341179
-0.341646
-0.34237
-0.34325
-0.344182
-0.345083
-0.34593
-0.346731
-0.347544
-0.348462
-0.349534
-0.350822
-0.352287
-0.353866
-0.355462
-0.356931
-0.358175
-0.359105
-0.359666
-0.359842
-0.359658
-0.359167
-0.358428
-0.357522
-0.356541
-0.355568
-0.354691
-0.354009
-0.353577
-0.353426
-0.353542
-0.353819
-0.354105
-0.354173
-0.35373
-0.352512
-0.35039
-0.347427
-0.344044
-0.341042
-0.339426
-0.340078
-0.343271
-0.348612
-0.355115
-0.36174
-0.367598
-0.372197
-0.375335
-0.376998
-0.377311
-0.376396
-0.374393
-0.371452
-0.367729
-0.363399
-0.358667
-0.353737
-0.34884
-0.344177
-0.339952
-0.336308
-0.333395
-0.331355
-0.33034
-0.330487
-0.331889
-0.334534
-0.338311
-0.342976
-0.348211
-0.353666
-0.359029
-0.364076
-0.368604
-0.372532
-0.375819
-0.378477
-0.380535
-0.382052
-0.383077
-0.383679
-0.383891
-0.383784
-0.383407
-0.382837
-0.382144
-0.381424
-0.380768
-0.380297
-0.3801
-0.380257
-0.380816
-0.381771
-0.38307
-0.384626
-0.386319
-0.388042
-0.389679
-0.391146
-0.392385
-0.393335
-0.393975
-0.394315
-0.394381
-0.394204
-0.393843
-0.393362
-0.392805
-0.392179
-0.391448
-0.390565
-0.38938
-0.387745
-0.385455
-0.382376
-0.37833
-0.373228
-0.367137
-0.360337
-0.353455
-0.347449
-0.343295
-0.34142
-0.341396
-0.342109
-0.342554
-0.342657
-0.343436
-0.3463
-0.352056
-0.360284
-0.369658
-0.378758
-0.386675
-0.393058
-0.39797
-0.401617
-0.404202
-0.405819
-0.406495
-0.406208
-0.404906
-0.402536
-0.399137
-0.394879
-0.390118
-0.38547
-0.38177
-0.379877
-0.380349
-0.383274
-0.388177
-0.394237
-0.400578
-0.4065
-0.411572
-0.415555
-0.418372
-0.420028
-0.420529
-0.419896
-0.41811
-0.415165
-0.411056
-0.405858
-0.399694
-0.39285
-0.385791
-0.37916
-0.373611
-0.369752
-0.367928
-0.368145
-0.370099
-0.373242
-0.377001
-0.380834
-0.384354
-0.387329
-0.389684
-0.39147
-0.392819
-0.393873
-0.394753
-0.395491
-0.395981
-0.396021
-0.395293
-0.393503
-0.390336
-0.385653
-0.379562
-0.372484
-0.365216
-0.358811
-0.354359
-0.352583
-0.353645
-0.357088
-0.362092
-0.367745
-0.373278
-0.378122
-0.381927
-0.384514
-0.38586
-0.386024
-0.385194
-0.3836
-0.38155
-0.37935
-0.377297
-0.375643
-0.374606
-0.374277
-0.374721
-0.375903
-0.377731
-0.380042
-0.382668
-0.385429
-0.388161
-0.390739
-0.393093
-0.395206
-0.397109
-0.398855
-0.400515
-0.402138
-0.403761
-0.405349
-0.406833
-0.408066
-0.408937
-0.409246
-0.408872
-0.407757
-0.405943
-0.403608
-0.401089
-0.398819
-0.397249
-0.39672
-0.397318
-0.398892
-0.401108
-0.403523
-0.405736
-0.407472
-0.408567
-0.408971
-0.408718
-0.407896
-0.406629
-0.405073
-0.403402
-0.401764
-0.400317
-0.39916
-0.398309
-0.39769
-0.397123
-0.396397
-0.395302
-0.393785
-0.391971
-0.390194
-0.388878
-0.38836
-0.388748
-0.389836
-0.391212
-0.392444
-0.393161
-0.393204
-0.392595
-0.391531
-0.390278
-0.389204
-0.388659
-0.388966
-0.390326
-0.392777
-0.396169
-0.400198
-0.404495
-0.408656
-0.41238
-0.415422
-0.417669
-0.419057
-0.419561
-0.419189
-0.417987
-0.415985
-0.41332
-0.410127
-0.40665
-0.403201
-0.400076
-0.397544
-0.39575
-0.394724
-0.394334
-0.39437
-0.394572
-0.394698
-0.394552
-0.394063
-0.393277
-0.392391
-0.391706
-0.391617
-0.392437
-0.394402
-0.397565
-0.401806
-0.406825
-0.412294
-0.41786
-0.423253
-0.428268
-0.4328
-0.436805
-0.440236
-0.443095
-0.445362
-0.447043
-0.448089
-0.448474
-0.448185
-0.447196
-0.445524
-0.443222
-0.440407
-0.437193
-0.433776
-0.430307
-0.42696
-0.423883
-0.421248
-0.419209
-0.417894
-0.41739
-0.417687
-0.418595
-0.419777
-0.420763
-0.420976
-0.419784
-0.416486
-0.410343
-0.400721
-0.387321
-0.370952
-0.354388
-0.34243
-0.339869
-0.348102
-0.363943
-0.382222
-0.398986
-0.412564
-0.422898
-0.430631
-0.436433
-0.44079
-0.44399
-0.446173
-0.447326
-0.447415
-0.446349
-0.44398
-0.440109
-0.434529
-0.427048
-0.417623
-0.406523
-0.394508
-0.382932
-0.373521
-0.367707
-0.365977
-0.367569
-0.370917
-0.37444
-0.377098
-0.378526
-0.3789
-0.378701
-0.378523
-0.378872
-0.380095
-0.382268
-0.385279
-0.38884
-0.392598
-0.396215
-0.399363
-0.401844
-0.4035
-0.404304
-0.404248
-0.403399
-0.401823
-0.399635
-0.396995
-0.394091
-0.391144
-0.388451
-0.38633
-0.38506
-0.384809
-0.385568
-0.387162
-0.389285
-0.39153
-0.393517
-0.394935
-0.395549
-0.395196
-0.39377
-0.3911
-0.387072
-0.381546
-0.374445
-0.365977
-0.356776
-0.348149
-0.34185
-0.339517
-0.341899
-0.348373
-0.357335
-0.366993
-0.375995
-0.383612
-0.389641
-0.394136
-0.397288
-0.399354
-0.400533
-0.401008
-0.40092
-0.400371
-0.399434
-0.398173
-0.396627
-0.39483
-0.392862
-0.39079
-0.388696
-0.386694
-0.384924
-0.383485
-0.382501
-0.382004
-0.381982
-0.382322
-0.382773
-0.38295
-0.3823
-0.380125
-0.375624
-0.368066
-0.356991
-0.342685
-0.326546
-0.311293
-0.300387
-0.296824
-0.301689
-0.313568
-0.329329
-0.345567
-0.359843
-0.371069
-0.379163
-0.384651
-0.388234
-0.390531
-0.392048
-0.393141
-0.394019
-0.394815
-0.395589
-0.396365
-0.39709
-0.397687
-0.398036
-0.397957
-0.397269
-0.395745
-0.393172
-0.38936
-0.384258
-0.378017
-0.371139
-0.364547
-0.359394
-0.356674
-0.35673
-0.35918
-0.36306
-0.367452
-0.371846
-0.376208
-0.380773
-0.385738
-0.391034
-0.396335
-0.401194
-0.405217
-0.408174
-0.410039
-0.41098
-0.411288
-0.411337
-0.411497
-0.41205
-0.413137
-0.414734
-0.416754
-0.419013
-0.421362
-0.423688
-0.425952
-0.428179
-0.430446
-0.432832
-0.435415
-0.438233
-0.441278
-0.444487
-0.447789
-0.451049
-0.454137
-0.456927
-0.459311
-0.461198
-0.462527
-0.463275
-0.46345
-0.463112
-0.462346
-0.461279
-0.460038
-0.458815
-0.457752
-0.456978
-0.456526
-0.456304
-0.456042
-0.455245
-0.453212
-0.449166
-0.442385
-0.432337
-0.418859
-0.402247
-0.383454
-0.364331
-0.347864
-0.33775
-0.33684
-0.344965
-0.358562
-0.37291
-0.38472
-0.393105
-0.399124
-0.404525
-0.410837
-0.418672
-0.427724
-0.437158
-0.44607
-0.453747
-0.459822
-0.464198
-0.467007
-0.468455
-0.468807
-0.468311
-0.467178
-0.465571
-0.463622
-0.4614
-0.458961
-0.456341
-0.453547
-0.450605
-0.447556
-0.444466
-0.4414
-0.438424
-0.435635
-0.433051
-0.430715
-0.428614
-0.426709
-0.424955
-0.423284
-0.421622
-0.419894
-0.418001
-0.415811
-0.413201
-0.410007
-0.406094
-0.401395
-0.396034
-0.390355
-0.385026
-0.380962
-0.379101
-0.380019
-0.383709
-0.389526
-0.396459
-0.403493
-0.409838
-0.415027
-0.418861
-0.421333
-0.422538
-0.422615
-0.421757
-0.420171
-0.418069
-0.41569
-0.413251
-0.410978
-0.409045
-0.407565
-0.406626
-0.406187
-0.406205
-0.406523
-0.406966
-0.407331
-0.4074
-0.40695
-0.405735
-0.403542
-0.400148
-0.39541
-0.389332
-0.382187
-0.374533
-0.367166
-0.360941
-0.356515
-0.354118
-0.353625
-0.354721
-0.35709
-0.360589
-0.365182
-0.370809
-0.377301
-0.384318
-0.391386
-0.398051
-0.403916
-0.408669
-0.412168
-0.414345
-0.415212
-0.414837
-0.413312
-0.410795
-0.407503
-0.403736
-0.399872
-0.396307
-0.393432
-0.391558
-0.390814
-0.391147
-0.392372
-0.39421
-0.396354
-0.398549
-0.400583
-0.402322
-0.403683
-0.404627
-0.405125
-0.405196
-0.404854
-0.404145
-0.403148
-0.40194
-0.400649
-0.399361
-0.398181
-0.397192
-0.396502
-0.396152
-0.396173
-0.396564
-0.397327
-0.398429
-0.399798
-0.40138
-0.403079
-0.40484
-0.406577
-0.408217
-0.409698
-0.410963
-0.411966
-0.412667
-0.413029
-0.413036
-0.412685
-0.411976
-0.410919
-0.409565
-0.407975
-0.406229
-0.404451
-0.40274
-0.401204
-0.399951
-0.399032
-0.398428
-0.398141
-0.398082
-0.398163
-0.39829
-0.398396
-0.398428
-0.39837
-0.398248
-0.398105
-0.397978
-0.397945
-0.398027
-0.398256
-0.398647
-0.399152
-0.399745
-0.400368
-0.400966
-0.401493
-0.401904
-0.402182
-0.402315
-0.402314
-0.402199
-0.401977
-0.401677
-0.401301
-0.400859
-0.400354
-0.399795
-0.39921
-0.398628
-0.398072
-0.397604
-0.397251
-0.397067
-0.397061
-0.397254
-0.397635
-0.398192
-0.398914
-0.399769
-0.400708
-0.401682
-0.402629
-0.403495
-0.40419
-0.404633
-0.40476
-0.404502
-0.403764
-0.402526
-0.400766
-0.398533
-0.395941
-0.393216
-0.390626
-0.388511
-0.387183
-0.386837
-0.387512
-0.38906
-0.391216
-0.393631
-0.396035
-0.398203
-0.400027
-0.401467
-0.402575
-0.403394
-0.403977
-0.404341
-0.404477
-0.404336
-0.403875
-0.403045
-0.401821
-0.400246
-0.398438
-0.396566
-0.394846
-0.39347
-0.392581
-0.392161
-0.392074
-0.392072
-0.391886
-0.391248
-0.389978
-0.388035
-0.385508
-0.382577
-0.379532
-0.376731
-0.374534
-0.373307
-0.373263
-0.374479
-0.376853
-0.380117
-0.383911
-0.387823
-0.39151
-0.394665
-0.39707
-0.398507
-0.398826
-0.397834
-0.395349
-0.39124
-0.385541
-0.378587
-0.371188
-0.364603
-0.360299
-0.359359
-0.36194
-0.367187
-0.373703
-0.38018
-0.385728
-0.389991
-0.39292
-0.394675
-0.395496
-0.395627
-0.395256
-0.394541
-0.393627
-0.392586
-0.391514
-0.390455
-0.389477
-0.3886
-0.387848
-0.38724
-0.38676
-0.386388
-0.38612
-0.38591
-0.385735
-0.38552
-0.385222
-0.384758
-0.384077
-0.383114
-0.381828
-0.380198
-0.37826
-0.376108
-0.373911
-0.371922
-0.370399
-0.369619
-0.369727
-0.370731
-0.372477
-0.374659
-0.37694
-0.378973
-0.38048
-0.381335
-0.381528
-0.381169
-0.380493
-0.379825
-0.379502
-0.379826
-0.380952
-0.3829
-0.385554
-0.388688
-0.392062
-0.395444
-0.398659
-0.401581
-0.404167
-0.406349
-0.408158
-0.409612
-0.410761
-0.411626
-0.412252
-0.412654
-0.412872
-0.412902
-0.412722
-0.412334
-0.411711
-0.410894
-0.409956
-0.409055
-0.408367
-0.408081
-0.408391
-0.409404
-0.411131
-0.413495
-0.416315
-0.419388
-0.422517
-0.425532
-0.428306
-0.430753
-0.43286
-0.434674
-0.436226
-0.437571
-0.438698
-0.439533
-0.439912
-0.439647
-0.438459
-0.436134
-0.432536
-0.427629
-0.421628
-0.414978
-0.408347
-0.402589
-0.398581
-0.396998
-0.398127
-0.40168
-0.406893
-0.412762
-0.418254
-0.42254
-0.425118
-0.425705
-0.424267
-0.420908
-0.415961
-0.409986
-0.403798
-0.398342
-0.394459
-0.392574
-0.392579
-0.393935
-0.395909
-0.397886
-0.399577
-0.401114
-0.402942
-0.405664
-0.409784
-0.415474
-0.422473
-0.430134
-0.437649
-0.444276
-0.449471
-0.452926
-0.454576
-0.454523
-0.45293
-0.45005
-0.446146
-0.441503
-0.436393
-0.431087
-0.425782
-0.420647
-0.415791
-0.41122
-0.406927
-0.402858
-0.399
-0.395352
-0.392028
-0.389229
-0.387254
-0.386408
-0.386974
-0.389048
-0.392486
-0.396902
-0.401639
-0.405905
-0.408848
-0.409632
-0.407629
-0.402496
-0.394449
-0.384433
-0.374218
-0.366081
-0.361998
-0.362824
-0.36801
-0.376089
-0.385421
-0.394796
-0.403411
-0.410881
-0.4171
-0.422082
-0.425952
-0.428858
-0.430948
-0.432372
-0.433258
-0.433701
-0.43375
-0.433417
-0.432702
-0.431527
-0.429804
-0.427426
-0.424319
-0.420464
-0.415983
-0.411124
-0.406243
-0.401634
-0.397254
-0.392515
-0.386317
-0.377439
-0.365517
-0.35227
-0.342047
-0.33999
-0.348298
-0.364327
-0.382806
-0.399439
-0.412281
-0.421194
-0.426801
-0.429879
-0.431062
-0.430828
-0.429515
-0.427371
-0.424563
-0.421247
-0.417592
-0.413824
-0.410287
-0.40739
-0.405576
-0.405268
-0.406704
-0.409901
-0.414564
-0.420239
-0.426353
-0.432396
-0.437923
-0.442593
-0.446215
-0.448649
-0.449785
-0.44958
-0.447922
-0.44477
-0.440039
-0.433754
-0.426033
-0.417156
-0.407567
-0.397918
-0.389027
-0.381753
-0.376887
-0.374936
-0.376007
-0.379816
-0.385742
-0.393035
-0.40094
-0.408793
-0.416075
-0.422385
-0.427476
-0.431233
-0.433653
-0.43482
-0.434871
-0.433998
-0.432383
-0.430195
-0.427591
-0.424657
-0.42148
-0.418114
-0.414564
-0.410878
-0.407079
-0.403245
-0.399524
-0.396104
-0.393293
-0.391449
-0.390929
-0.391978
-0.394615
-0.398548
-0.403268
-0.408187
-0.412778
-0.416645
-0.419592
-0.421521
-0.422449
-0.422441
-0.421545
-0.419803
-0.417252
-0.413903
-0.409771
-0.404886
-0.399312
-0.393221
-0.386869
-0.380646
-0.375028
-0.370509
-0.367497
-0.366183
-0.366522
-0.368207
-0.37081
-0.373894
-0.37707
-0.380098
-0.382834
-0.385261
-0.387406
-0.389328
-0.39108
-0.392701
-0.394187
-0.395526
-0.396664
-0.397555
-0.398114
-0.398269
-0.397909
-0.396947
-0.395269
-0.392769
-0.389375
-0.385074
-0.379954
-0.374234
-0.368357
-0.362909
-0.358531
-0.355806
-0.35506
-0.356242
-0.358961
-0.362621
-0.366597
-0.370328
-0.373451
-0.375783
-0.377274
-0.377986
-0.378039
-0.377547
-0.376613
-0.375221
-0.373354
-0.370876
-0.367777
-0.364168
-0.360485
-0.35744
-0.355826
-0.356215
-0.35865
-0.362582
-0.367164
-0.371585
-0.375265
-0.378
-0.379819
-0.380893
-0.38145
-0.381671
-0.381702
-0.381603
-0.381413
-0.381151
-0.380864
-0.380643
-0.380603
-0.38091
-0.381676
-0.382934
-0.384652
-0.386671
-0.388807
-0.390816
-0.392559
-0.393897
-0.394832
-0.395398
-0.395722
-0.395958
-0.396241
-0.396691
-0.397406
-0.39842
-0.399728
-0.401277
-0.402964
-0.404691
-0.406359
-0.407839
-0.409049
-0.409941
-0.410507
-0.410776
-0.41078
-0.410585
-0.410248
-0.409817
-0.409331
-0.408826
-0.408324
-0.407864
-0.407477
-0.407217
-0.40716
-0.407401
-0.408055
-0.409197
-0.410883
-0.413057
-0.415595
-0.418343
-0.421071
-0.423589
-0.425688
-0.427191
-0.427936
-0.427852
-0.426897
-0.425227
-0.42317
-0.421193
-0.419913
-0.419919
-0.421624
-0.425153
-0.430273
-0.4365
-0.443219
-0.449874
-0.456012
-0.461329
-0.465645
-0.468876
-0.470987
-0.472013
-0.471987
-0.470963
-0.469014
-0.466273
-0.46291
-0.459186
-0.455448
-0.452128
-0.449618
-0.448198
-0.447953
-0.448716
-0.450145
-0.4518
-0.453318
-0.454502
-0.45536
-0.456149
-0.457212
-0.458888
-0.461293
-0.464224
-0.467208
-0.469617
-0.47086
-0.470517
-0.468377
-0.46447
-0.459058
-0.452532
-0.445309
-0.437771
-0.430327
-0.423556
-0.418416
-0.416203
-0.418136
-0.424721
-0.435354
-0.44843
-0.462044
-0.474504
-0.484741
-0.492297
-0.497165
-0.499572
-0.499872
-0.498415
-0.495534
-0.491549
-0.486729
-0.481391
-0.475867
-0.470524
-0.46573
-0.461794
-0.458941
-0.45723
-0.456602
-0.4569
-0.457926
-0.459503
-0.461503
-0.463801
-0.466299
-0.468861
-0.471356
-0.473636
-0.475536
-0.476876
-0.477469
-0.477158
-0.475797
-0.473305
-0.469709
-0.465153
-0.459953
-0.454599
-0.449632
-0.445645
-0.44312
-0.442392
-0.443567
-0.44651
-0.450839
-0.456021
-0.461488
-0.466736
-0.471389
-0.475251
-0.478207
-0.480292
-0.481586
-0.482163
-0.482133
-0.481564
-0.480533
-0.479107
-0.477406
-0.475655
-0.474165
-0.473324
-0.4735
-0.47491
-0.477534
-0.481094
-0.485147
-0.489187
-0.492785
-0.495636
-0.497529
-0.498365
-0.498113
-0.49677
-0.494344
-0.490887
-0.486438
-0.481151
-0.475212
-0.468817
-0.462191
-0.455572
-0.449195
-0.44331
-0.438204
-0.434194
-0.431618
-0.430675
-0.431371
-0.433383
-0.436211
-0.439303
-0.442222
-0.444814
-0.447079
-0.449165
-0.451207
-0.453261
-0.455351
-0.457435
-0.459498
-0.461487
-0.463316
-0.464823
-0.465841
-0.466195
-0.465796
-0.464659
-0.462962
-0.460996
-0.459121
-0.457686
-0.456967
-0.457053
-0.457871
-0.459219
-0.460806
-0.46237
-0.463651
-0.464438
-0.464563
-0.463869
-0.462198
-0.459401
-0.4554
-0.450248
-0.444248
-0.438072
-0.43273
-0.42938
-0.428874
-0.431381
-0.436248
-0.442335
-0.44843
-0.453587
-0.45721
-0.458932
-0.458598
-0.456037
-0.451122
-0.443769
-0.434074
-0.422518
-0.410162
-0.398626
-0.389726
-0.384767
-0.38405
-0.386787
-0.391706
-0.397613
-0.403693
-0.409528
-0.414957
-0.419967
-0.42454
-0.428693
-0.432435
-0.435702
-0.438472
-0.440718
-0.44245
-0.443697
-0.444489
-0.444892
-0.444944
-0.444693
-0.444199
-0.443484
-0.442558
-0.441443
-0.440136
-0.438616
-0.436831
-0.434736
-0.43226
-0.429351
-0.425966
-0.422105
-0.417859
-0.413433
-0.40912
-0.405361
-0.402607
-0.401207
-0.40129
-0.402742
-0.405209
-0.408232
-0.411377
-0.414294
-0.416791
-0.418765
-0.420212
-0.421166
-0.421711
-0.421919
-0.421863
-0.421621
-0.421229
-0.420741
-0.420174
-0.419537
-0.418839
-0.41804
-0.417121
-0.416072
-0.41487
-0.413524
-0.412066
-0.410544
-0.409065
-0.407708
-0.406571
-0.405707
-0.405107
-0.404675
-0.404239
-0.40361
-0.402634
-0.40132
-0.399852
-0.398584
-0.397863
-0.39787
-0.398398
-0.398875
-0.398408
-0.396159
-0.391657
-0.385248
-0.378363
-0.373353
-0.372641
-0.37729
-0.386419
-0.397784
-0.409035
-0.418688
-0.426118
-0.431306
-0.434493
-0.435934
-0.435817
-0.434263
-0.431262
-0.426754
-0.420656
-0.41299
-0.403918
-0.393809
-0.383348
-0.373456
-0.365128
-0.35913
-0.355766
-0.354779
-0.355464
-0.356896
-0.358273
-0.359087
-0.359106
-0.358344
-0.356955
-0.35518
-0.353354
-0.351924
-0.351447
-0.352476
-0.355356
-0.36002
-0.365916
-0.372215
-0.378099
-0.383033
-0.386835
-0.38967
-0.391871
-0.393792
-0.39568
-0.397582
-0.399431
-0.401042
-0.402228
-0.402835
-0.402764
-0.402009
-0.40055
-0.398432
-0.395689
-0.392393
-0.388598
-0.384385
-0.379851
-0.375124
-0.370359
-0.365747
-0.361487
-0.357804
-0.354865
-0.352797
-0.351672
-0.35146
-0.352081
-0.353418
-0.355324
-0.35766
-0.360292
-0.363101
-0.365948
-0.368747
-0.371401
-0.373811
-0.375937
-0.377724
-0.379137
-0.380166
-0.380819
-0.381098
-0.381026
-0.380635
-0.379991
-0.379172
-0.378251
-0.377334
-0.376539
-0.375937
-0.375636
-0.375668
-0.376032
-0.376694
-0.377545
-0.378466
-0.379328
-0.380009
-0.380436
-0.380513
-0.380264
-0.379698
-0.378858
-0.377815
-0.376594
-0.375197
-0.373573
-0.371669
-0.369354
-0.3666
-0.363444
-0.360031
-0.356614
-0.353488
-0.35093
-0.34916
-0.348198
-0.347901
-0.348008
-0.348246
-0.348446
-0.34861
-0.348894
-0.34958
-0.350824
-0.352663
-0.354971
-0.357466
-0.359836
-0.361838
-0.3633
-0.364164
-0.364494
-0.364386
-0.364024
-0.363551
-0.363066
-0.362628
-0.362228
-0.361792
-0.361226
-0.360457
-0.359422
-0.358123
-0.356588
-0.354887
-0.353106
-0.351315
-0.349585
-0.347995
-0.346586
-0.345409
-0.344482
-0.343811
-0.343409
-0.343297
-0.343467
-0.343915
-0.344624
-0.345571
-0.346709
-0.347956
-0.349244
-0.350455
-0.351462
-0.352136
-0.352294
-0.351739
-0.350242
-0.347548
-0.343356
-0.337363
-0.329319
-0.319135
-0.307058
-0.293964
-0.2815
-0.271993
-0.267735
-0.269991
-0.278222
-0.290348
-0.303815
-0.316621
-0.327656
-0.336629
-0.34361
-0.348822
-0.352484
-0.3547
-0.355524
-0.354926
-0.352861
-0.349243
-0.344011
-0.337104
-0.328544
-0.31843
-0.306974
-0.29463
-0.282074
-0.270174
-0.259811
-0.251625
-0.245852
-0.242249
-0.24041
-0.24001
-0.241044
-0.243846
-0.248789
-0.255969
-0.264962
-0.27492
-0.284887
-0.294069
-0.302027
-0.308616
-0.313882
-0.317978
-0.321073
-0.323333
-0.324896
-0.325884
-0.326394
-0.326503
-0.326283
-0.325792
-0.325117
-0.324296
-0.323403
-0.322468
-0.321542
-0.320649
-0.319817
-0.319047
-0.318329
-0.317649
-0.316999
-0.316368
-0.315728
-0.315093
-0.314437
-0.313769
-0.313078
-0.312369
-0.31165
-0.310899
-0.3101
-0.309213
-0.308206
-0.307014
-0.305577
-0.303865
-0.301844
-0.29953
-0.296995
-0.294392
-0.291941
-0.289959
-0.288777
-0.288675
-0.289816
-0.292181
-0.295599
-0.299733
-0.304219
-0.308701
-0.312896
-0.31664
-0.319835
-0.322474
-0.324606
-0.326324
-0.327736
-0.328966
-0.330109
-0.331217
-0.332286
-0.333262
-0.334041
-0.334475
-0.334407
-0.333671
-0.332179
-0.329914
-0.326992
-0.323716
-0.320514
-0.317891
-0.316356
-0.316209
-0.317531
-0.320099
-0.323539
-0.327451
-0.331382
-0.335038
-0.338206
-0.340749
-0.342654
-0.343903
-0.344582
-0.3448
-0.344653
-0.344234
-0.3436
-0.342702
-0.341394
-0.33935
-0.336006
-0.330482
-0.321577
-0.308049
-0.289443
-0.267723
-0.248716
-0.240324
-0.24659
-0.263762
-0.28391
-0.301049
-0.313095
-0.320459
-0.324412
-0.326187
-0.326698
-0.326589
-0.326271
-0.326012
-0.325994
-0.326277
-0.32686
-0.327656
-0.328469
-0.329095
-0.329241
-0.328661
-0.327153
-0.324634
-0.321193
-0.317221
-0.313352
-0.31039
-0.309121
-0.310053
-0.313245
-0.318331
-0.324623
-0.331372
-0.337911
-0.343753
-0.348593
-0.352308
-0.354859
-0.356302
-0.356717
-0.356223
-0.354936
-0.352981
-0.350546
-0.347856
-0.345156
-0.342764
-0.340987
-0.340076
-0.340233
-0.341529
-0.343899
-0.34715
-0.351
-0.355139
-0.35927
-0.363129
-0.366541
-0.369367
-0.371509
-0.372916
-0.373569
-0.373458
-0.372588
-0.370977
-0.36868
-0.365791
-0.362462
-0.35889
-0.355372
-0.352228
-0.349838
-0.348577
-0.348693
-0.350297
-0.353359
-0.357657
-0.36286
-0.368541
-0.374309
-0.379835
-0.384856
-0.389232
-0.392887
-0.395847
-0.398136
-0.399855
-0.401043
-0.401754
-0.40201
-0.401806
-0.401125
-0.399911
-0.398054
-0.395332
-0.391381
-0.385718
-0.377943
-0.367986
-0.356535
-0.345119
-0.335649
-0.32943
-0.326385
-0.325258
-0.324615
-0.323746
-0.322942
-0.323122
-0.325291
-0.33005
-0.337291
-0.346215
-0.355678
-0.364533
-0.371974
-0.377612
-0.381489
-0.383986
-0.385655
-0.387092
-0.38882
-0.391204
-0.394297
-0.397863
-0.401407
-0.404285
-0.405833
-0.405543
-0.403333
-0.399763
-0.396101
-0.39411
-0.395304
-0.400145
-0.407812
-0.416703
-0.425224
-0.432327
-0.437554
-0.440833
-0.442301
-0.442123
-0.440416
-0.437227
-0.432539
-0.426319
-0.418543
-0.40936
-0.399077
-0.388273
-0.377803
-0.368649
-0.361821
-0.357988
-0.35741
-0.359774
-0.364321
-0.370083
-0.376143
-0.381772
-0.386521
-0.390275
-0.393097
-0.395206
-0.396865
-0.398277
-0.399615
-0.401019
-0.402518
-0.404094
-0.405714
-0.407313
-0.408805
-0.410106
-0.411109
-0.411754
-0.411961
-0.411688
-0.410905
-0.409608
-0.407836
-0.405677
-0.403192
-0.40052
-0.397812
-0.395212
-0.392876
-0.390932
-0.389468
-0.388561
-0.388218
-0.388437
-0.389172
-0.390366
-0.391926
-0.39375
-0.395737
-0.397761
-0.399741
-0.401574
-0.403182
-0.40451
-0.405537
-0.406242
-0.406649
-0.406775
-0.406665
-0.40639
-0.406009
-0.405611
-0.405233
-0.404913
-0.404682
-0.404508
-0.40436
-0.404134
-0.403794
-0.403231
-0.402371
-0.401151
-0.399537
-0.397499
-0.395041
-0.392166
-0.38891
-0.385337
-0.381608
-0.377976
-0.374783
-0.372422
-0.371224
-0.371348
-0.372737
-0.375146
-0.37821
-0.381588
-0.384971
-0.388187
-0.391183
-0.394024
-0.396825
-0.399737
-0.402826
-0.406019
-0.409122
-0.411832
-0.413809
-0.414681
-0.414165
-0.412044
-0.408228
-0.402785
-0.396071
-0.388793
-0.381993
-0.376824
-0.374235
-0.374536
-0.377349
-0.381838
-0.387112
-0.392505
-0.397575
-0.402118
-0.406023
-0.40924
-0.411754
-0.413588
-0.414782
-0.415448
-0.415711
-0.415701
-0.415553
-0.415332
-0.415104
-0.414847
-0.414467
-0.413863
-0.412909
-0.411481
-0.409495
-0.406945
-0.403925
-0.400611
-0.397257
-0.394179
-0.391669
-0.390015
-0.389388
-0.389807
-0.39113
-0.393119
-0.395479
-0.397898
-0.400102
-0.401889
-0.403146
-0.403817
-0.403907
-0.403509
-0.402713
-0.401654
-0.40047
-0.39927
-0.398171
-0.397258
-0.396594
-0.396261
-0.396329
-0.396871
-0.397972
-0.399632
-0.401822
-0.404433
-0.407327
-0.410364
-0.413383
-0.416303
-0.418977
-0.421294
-0.423109
-0.424229
-0.424487
-0.42374
-0.421815
-0.418629
-0.41412
-0.408264
-0.401125
-0.392851
-0.383751
-0.374277
-0.36507
-0.357002
-0.350992
-0.347818
-0.347863
-0.350911
-0.356196
-0.362636
-0.369112
-0.374772
-0.379074
-0.381863
-0.383294
-0.38379
-0.383974
-0.384545
-0.386062
-0.388786
-0.392665
-0.397347
-0.402319
-0.407088
-0.411239
-0.414499
-0.416735
-0.417948
-0.418214
-0.417677
-0.4165
-0.414848
-0.412888
-0.410709
-0.408344
-0.405714
-0.402665
-0.399022
-0.394664
-0.389669
-0.384418
-0.379546
-0.375789
-0.373616
-0.373018
-0.373453
-0.37418
-0.374574
-0.37437
-0.373702
-0.372975
-0.372676
-0.373207
-0.374746
-0.377242
-0.380485
-0.384203
-0.388123
-0.392024
-0.395806
-0.39937
-0.402596
-0.405362
-0.407471
-0.40874
-0.409023
-0.408216
-0.406396
-0.403794
-0.400846
-0.398088
-0.395971
-0.394677
-0.394049
-0.393685
-0.393082
-0.391891
-0.389958
-0.387343
-0.384275
-0.381071
-0.378072
-0.375654
-0.374202
-0.374091
-0.375597
-0.378777
-0.383428
-0.389042
-0.394936
-0.400374
-0.404733
-0.407584
-0.408709
-0.408055
-0.405755
-0.402032
-0.397232
-0.391756
-0.386038
-0.380494
-0.375431
-0.37101
-0.367239
-0.364019
-0.361209
-0.358732
-0.356582
-0.354815
-0.353555
-0.352934
-0.353042
-0.353851
-0.35523
-0.356867
-0.358396
-0.359447
-0.359788
-0.359397
-0.358577
-0.3578
-0.357709
-0.358759
-0.361117
-0.364489
-0.368367
-0.372166
-0.375429
-0.37788
-0.379454
-0.380174
-0.380185
-0.37963
-0.378658
-0.377399
-0.375987
-0.374484
-0.372965
-0.371486
-0.370081
-0.368764
-0.367574
-0.3665
-0.365552
-0.364735
-0.364037
-0.363445
-0.362965
-0.362587
-0.362308
-0.362105
-0.361978
-0.361918
-0.361903
-0.36194
-0.362038
-0.362169
-0.362343
-0.362555
-0.36282
-0.363128
-0.363463
-0.363822
-0.364191
-0.364555
-0.364903
-0.365191
-0.365413
-0.365518
-0.365487
-0.365308
-0.364966
-0.364458
-0.363805
-0.363046
-0.362224
-0.361415
-0.360726
-0.360251
-0.36008
-0.360273
-0.360886
-0.361911
-0.363309
-0.365033
-0.366981
-0.369055
-0.371167
-0.373241
-0.375247
-0.377134
-0.378928
-0.380651
-0.382363
-0.384079
-0.385805
-0.387539
-0.389238
-0.390862
-0.392337
-0.393607
-0.394614
-0.395324
-0.395714
-0.395813
-0.395672
-0.395355
-0.39498
-0.394663
-0.394522
-0.394691
-0.395276
-0.396317
-0.397817
-0.399699
-0.401854
-0.404112
-0.406314
-0.408291
-0.40989
-0.411003
-0.411531
-0.411401
-0.410571
-0.408997
-0.40664
-0.403515
-0.39969
-0.395332
-0.390745
-0.386356
-0.382668
-0.380157
-0.379067
-0.37936
-0.380696
-0.382588
-0.384582
-0.386376
-0.387906
-0.389249
-0.390574
-0.392052
-0.393771
-0.39571
-0.39771
-0.399532
-0.40089
-0.401505
-0.40119
-0.399926
-0.397884
-0.395498
-0.393345
-0.392065
-0.392117
-0.393609
-0.396271
-0.399564
-0.40289
-0.405743
-0.407803
-0.408939
-0.409137
-0.408484
-0.407097
-0.40508
-0.402565
-0.399678
-0.396557
-0.393306
-0.390058
-0.386932
-0.384064
-0.381544
-0.379462
-0.377888
-0.376799
-0.376181
-0.375925
-0.375953
-0.376117
-0.376293
-0.376372
-0.376238
-0.375847
-0.37517
-0.374169
-0.372856
-0.371263
-0.369422
-0.367396
-0.365303
-0.363249
-0.361408
-0.359934
-0.358974
-0.35861
-0.358866
-0.35966
-0.360863
-0.362315
-0.363846
-0.365334
-0.366685
-0.367818
-0.368694
-0.369272
-0.369526
-0.369398
-0.36887
-0.367918
-0.366527
-0.364717
-0.362482
-0.359841
-0.356801
-0.353354
-0.34959
-0.345625
-0.341599
-0.337498
-0.333088
-0.327946
-0.321947
-0.315711
-0.310997
-0.310131
-0.314656
-0.324201
-0.336621
-0.349339
-0.360434
-0.36894
-0.374655
-0.377737
-0.37844
-0.377035
-0.373818
-0.369176
-0.363686
-0.358195
-0.353657
-0.351001
-0.350779
-0.352992
-0.357152
-0.362456
-0.368084
-0.37335
-0.377786
-0.381112
-0.38324
-0.384194
-0.384084
-0.383116
-0.38159
-0.379792
-0.378042
-0.376544
-0.37537
-0.374316
-0.372937
-0.37056
-0.366423
-0.359838
-0.350646
-0.339683
-0.329243
-0.322596
-0.322402
-0.32884
-0.339408
-0.350607
-0.359787
-0.365706
-0.368288
-0.368149
-0.366241
-0.363659
-0.361474
-0.360546
-0.361316
-0.363696
-0.367171
-0.371077
-0.374768
-0.377782
-0.3799
-0.381081
-0.381395
-0.380996
-0.380037
-0.378687
-0.377141
-0.375594
-0.374201
-0.37314
-0.372525
-0.372438
-0.372905
-0.373875
-0.375253
-0.37689
-0.378593
-0.380185
-0.381488
-0.382339
-0.382613
-0.382238
-0.381207
-0.379581
-0.377505
-0.375176
-0.372834
-0.370734
-0.36905
-0.367889
-0.367221
-0.366962
-0.366985
-0.367189
-0.36754
-0.368068
-0.368869
-0.370041
-0.371664
-0.373751
-0.376236
-0.379014
-0.381941
-0.384885
-0.387715
-0.390363
-0.392782
-0.394951
-0.396864
-0.398533
-0.39997
-0.401129
-0.401956
-0.402391
-0.402308
-0.401535
-0.399848
-0.39701
-0.392752
-0.386922
-0.379527
-0.37096
-0.36206
-0.354013
-0.348016
-0.344736
-0.343991
-0.344919
-0.346462
-0.347842
-0.348808
-0.349492
-0.35029
-0.351588
-0.353666
-0.356568
-0.360164
-0.364181
-0.368272
-0.372093
-0.375366
-0.377852
-0.379435
-0.380069
-0.379773
-0.378615
-0.376781
-0.374499
-0.372135
-0.37013
-0.368934
-0.368903
-0.370159
-0.37256
-0.375718
-0.379169
-0.382414
-0.385119
-0.387046
-0.388155
-0.388497
-0.388222
-0.387586
-0.386853
-0.386308
-0.386169
-0.386617
-0.387685
-0.389304
-0.391297
-0.393435
-0.395472
-0.397204
-0.39846
-0.399123
-0.399151
-0.398523
-0.397214
-0.395245
-0.392623
-0.389387
-0.385623
-0.381431
-0.377004
-0.372525
-0.36823
-0.364324
-0.361
-0.358371
-0.356477
-0.355277
-0.354633
-0.354334
-0.354095
-0.353604
-0.352592
-0.350865
-0.348324
-0.345058
-0.34127
-0.337311
-0.333549
-0.330394
-0.328284
-0.327596
-0.328692
-0.331782
-0.336795
-0.343264
-0.35041
-0.357304
-0.363114
-0.367261
-0.369497
-0.369883
-0.368725
-0.366557
-0.364019
-0.361739
-0.360206
-0.359619
-0.359847
-0.360543
-0.361304
-0.3618
-0.361858
-0.361494
-0.360866
-0.360153
-0.359531
-0.359136
-0.358932
-0.358837
-0.358687
-0.358331
-0.357659
-0.356639
-0.355339
-0.353954
-0.35271
-0.351888
-0.351724
-0.352347
-0.353757
-0.355822
-0.358325
-0.361011
-0.363597
-0.365904
-0.367792
-0.369179
-0.370005
-0.370294
-0.370041
-0.369283
-0.368041
-0.366387
-0.364337
-0.361915
-0.359124
-0.355954
-0.352336
-0.348196
-0.343505
-0.338283
-0.332672
-0.326968
-0.321676
-0.317399
-0.314809
-0.314452
-0.316623
-0.321244
-0.327833
-0.335688
-0.344021
-0.352101
-0.359391
-0.365585
-0.370551
-0.374294
-0.376916
-0.37856
-0.379403
-0.379627
-0.379391
-0.378908
-0.378337
-0.377837
-0.377575
-0.37763
-0.378043
-0.378791
-0.379777
-0.38089
-0.381921
-0.382699
-0.383061
-0.382844
-0.381938
-0.3803
-0.377951
-0.375067
-0.371916
-0.368898
-0.366494
-0.365168
-0.365194
-0.366554
-0.368855
-0.371405
-0.373257
-0.373438
-0.371078
-0.365688
-0.357349
-0.34701
-0.336344
-0.327345
-0.321442
-0.318956
-0.319176
-0.320989
-0.323552
-0.326824
-0.331408
-0.337972
-0.346468
-0.355928
-0.364981
-0.372536
-0.378124
-0.38181
-0.383979
-0.385072
-0.385395
-0.38519
-0.38454
-0.383471
-0.382033
-0.380291
-0.378342
-0.376316
-0.374351
-0.372592
-0.371143
-0.370078
-0.369408
-0.369111
-0.369116
-0.36936
-0.36979
-0.370356
-0.371017
-0.371748
-0.372517
-0.373287
-0.37406
-0.374751
-0.375329
-0.375739
-0.375938
-0.375885
-0.37554
-0.374889
-0.373893
-0.372565
-0.370926
-0.368997
-0.366789
-0.364379
-0.361814
-0.359194
-0.356664
-0.354383
-0.352521
-0.351175
-0.350345
-0.349848
-0.349419
-0.348758
-0.347646
-0.346096
-0.344322
-0.342802
-0.342085
-0.342721
-0.345031
-0.349066
-0.354574
-0.361119
-0.368171
-0.375239
-0.381926
-0.387975
-0.393221
-0.397617
-0.401161
-0.403931
-0.40598
-0.407386
-0.40822
-0.40855
-0.408425
-0.407885
-0.406965
-0.405651
-0.403943
-0.401796
-0.399168
-0.396013
-0.392291
-0.388061
-0.383455
-0.378761
-0.374433
-0.371011
-0.368968
-0.368587
-0.369756
-0.372084
-0.374932
-0.37768
-0.379801
-0.380966
-0.38103
-0.380064
-0.378247
-0.375883
-0.373399
-0.371175
-0.369604
-0.368971
-0.369379
-0.37077
-0.372945
-0.375671
-0.378676
-0.381761
-0.384753
-0.387554
-0.390092
-0.392323
-0.394213
-0.395727
-0.396836
-0.397489
-0.397615
-0.397136
-0.395978
-0.39406
-0.391344
-0.387824
-0.383631
-0.379033
-0.374441
-0.370398
-0.367415
-0.365876
-0.36582
-0.366994
-0.368893
-0.370932
-0.372591
-0.373497
-0.373419
-0.372293
-0.370176
-0.367258
-0.363813
-0.360154
-0.356644
-0.35361
-0.351319
-0.349957
-0.349601
-0.35024
-0.351773
-0.354038
-0.35681
-0.359854
-0.362952
-0.365933
-0.368719
-0.371297
-0.373654
-0.375824
-0.37784
-0.379686
-0.381337
-0.382737
-0.383808
-0.38444
-0.38453
-0.383977
-0.382701
-0.380641
-0.377873
-0.374582
-0.371155
-0.368092
-0.36601
-0.365377
-0.366452
-0.369106
-0.372948
-0.377417
-0.381991
-0.386282
-0.390069
-0.393256
-0.395857
-0.397897
-0.399469
-0.400625
-0.401406
-0.401851
-0.401982
-0.401802
-0.401337
-0.400606
-0.39965
-0.398547
-0.397397
-0.396256
-0.395211
-0.394305
-0.393551
-0.392887
-0.392222
-0.391431
-0.390403
-0.38901
-0.387145
-0.384726
-0.381713
-0.378118
-0.374004
-0.369534
-0.364941
-0.360599
-0.356982
-0.354643
-0.354079
-0.355637
-0.359381
-0.365056
-0.37209
-0.379775
-0.387463
-0.394648
-0.401038
-0.406547
-0.411207
-0.415087
-0.418263
-0.420796
-0.422724
-0.424046
-0.424774
-0.424891
-0.424421
-0.423373
-0.421821
-0.419834
-0.417508
-0.414972
-0.41234
-0.409728
-0.407244
-0.404972
-0.402961
-0.401255
-0.399868
-0.398779
-0.397937
-0.397251
-0.396638
-0.396015
-0.395359
-0.394686
-0.394107
-0.393747
-0.393697
-0.393984
-0.394535
-0.395189
-0.39577
-0.39612
-0.396151
-0.395847
-0.39524
-0.394431
-0.393512
-0.392522
-0.391564
-0.390683
-0.389907
-0.389301
-0.388884
-0.388703
-0.388791
-0.389204
-0.389972
-0.39116
-0.392763
-0.394795
-0.397214
-0.399961
-0.402918
-0.40599
-0.409059
-0.412004
-0.414694
-0.417046
-0.418981
-0.420387
-0.421181
-0.421298
-0.420663
-0.41921
-0.416899
-0.413704
-0.409645
-0.404809
-0.399344
-0.393451
-0.38736
-0.381282
-0.375389
-0.3698
-0.364459
-0.359286
-0.354127
-0.348861
-0.343499
-0.338277
-0.333767
-0.330828
-0.330389
-0.332964
-0.338236
-0.345156
-0.352344
-0.358678
-0.363564
-0.366985
-0.369201
-0.37062
-0.371564
-0.372215
-0.372639
-0.372831
-0.372784
-0.372523
-0.372077
-0.371527
-0.370942
-0.370364
-0.369821
-0.369303
-0.368787
-0.368214
-0.367504
-0.366642
-0.365614
-0.364459
-0.363255
-0.362087
-0.360982
-0.359879
-0.358622
-0.356954
-0.354621
-0.351551
-0.34789
-0.344195
-0.341316
-0.34011
-0.341078
-0.344081
-0.348322
-0.352728
-0.356334
-0.35854
-0.359149
-0.358371
-0.356751
-0.355009
-0.353933
-0.354118
-0.355816
-0.358875
-0.362835
-0.367096
-0.371129
-0.374564
-0.377165
-0.378852
-0.37964
-0.379588
-0.378785
-0.377355
-0.375418
-0.373129
-0.370599
-0.36794
-0.365248
-0.362594
-0.360042
-0.357649
-0.355541
-0.353841
-0.352684
-0.352117
-0.352112
-0.352562
-0.353316
-0.354257
-0.355292
-0.356387
-0.357484
-0.358519
-0.359404
-0.36006
-0.360462
-0.360641
-0.360749
-0.360925
-0.361361
-0.362213
-0.363555
-0.365362
-0.367493
-0.369745
-0.371914
-0.37382
-0.375386
-0.376638
-0.377783
-0.379078
-0.380804
-0.38311
-0.38594
-0.388977
-0.391703
-0.393467
-0.39353
-0.391087
-0.38536
-0.37578
-0.362629
-0.347849
-0.335512
-0.330424
-0.334998
-0.347221
-0.362358
-0.376155
-0.386461
-0.392923
-0.396033
-0.396513
-0.394964
-0.391825
-0.387455
-0.382163
-0.376355
-0.370603
-0.365635
-0.362185
-0.360847
-0.361799
-0.364729
-0.369001
-0.373854
-0.378635
-0.382922
-0.386495
-0.389346
-0.391541
-0.39316
-0.394337
-0.395195
-0.395807
-0.396266
-0.396644
-0.396983
-0.39733
-0.397728
-0.398192
-0.398753
-0.39942
-0.400219
-0.40113
-0.402138
-0.403207
-0.404257
-0.405169
-0.405798
-0.405921
-0.405233
-0.403368
-0.399932
-0.394579
-0.387183
-0.378148
-0.368598
-0.360307
-0.355093
-0.353814
-0.355856
-0.359494
-0.362874
-0.364823
-0.365055
-0.363955
-0.362223
-0.360588
-0.359608
-0.359496
-0.36016
-0.361296
-0.362537
-0.363595
-0.364392
-0.365102
-0.366108
-0.367847
-0.370645
-0.374565
-0.379425
-0.384855
-0.39045
-0.395798
-0.400622
-0.404708
-0.40793
-0.410215
-0.411552
-0.411968
-0.411535
-0.4104
-0.40873
-0.406787
-0.404833
-0.40313
-0.401885
-0.401221
-0.401142
-0.401528
-0.402203
-0.402951
-0.403609
-0.404072
-0.404273
-0.40417
-0.403739
-0.402928
-0.401654
-0.39982
-0.397342
-0.394244
-0.39067
-0.386954
-0.383613
-0.381192
-0.380176
-0.38073
-0.382658
-0.385392
-0.388229
-0.390438
-0.391511
-0.391302
-0.390073
-0.388507
-0.387569
-0.388213
-0.391039
-0.395984
-0.402397
-0.409371
-0.416043
-0.421799
-0.426353
-0.429625
-0.431671
-0.432575
-0.432457
-0.431405
-0.429495
-0.426795
-0.423392
-0.419383
-0.414896
-0.410153
-0.40548
-0.401234
-0.397863
-0.395762
-0.395155
-0.396049
-0.398207
-0.401168
-0.404401
-0.407383
-0.409704
-0.411019
-0.411103
-0.409824
-0.407098
-0.402998
-0.397715
-0.391678
-0.385518
-0.380006
-0.375856
-0.373562
-0.373313
-0.374922
-0.37804
-0.382239
-0.387153
-0.392412
-0.397752
-0.402884
-0.407579
-0.411681
-0.415132
-0.417952
-0.420221
-0.422047
-0.423527
-0.42474
-0.425733
-0.426547
-0.427179
-0.427619
-0.427875
-0.42793
-0.427783
-0.427446
-0.426897
-0.426155
-0.425199
-0.424039
-0.422681
-0.421127
-0.419393
-0.417502
-0.415494
-0.413415
-0.411357
-0.409397
-0.407623
-0.406122
-0.404936
-0.404049
-0.403363
-0.402716
-0.401874
-0.400573
-0.398508
-0.395477
-0.391347
-0.386138
-0.380118
-0.37385
-0.368111
-0.363755
-0.361428
-0.361309
-0.363048
-0.365934
-0.369155
-0.372058
-0.374259
-0.375644
-0.376289
-0.376355
-0.37605
-0.37553
-0.374916
-0.374254
-0.373582
-0.372954
-0.372546
-0.372638
-0.373546
-0.375528
-0.378646
-0.382728
-0.387383
-0.392138
-0.396526
-0.400207
-0.403006
-0.404827
-0.405651
-0.405533
-0.404529
-0.402686
-0.400048
-0.39671
-0.392747
-0.388299
-0.383525
-0.378626
-0.373813
-0.369236
-0.364965
-0.360882
-0.356671
-0.351835
-0.345877
-0.338561
-0.330323
-0.322615
-0.317738
-0.317803
-0.323428
-0.333198
-0.344564
-0.355223
-0.363808
-0.369844
-0.373459
-0.37498
-0.374743
-0.373062
-0.370126
-0.366172
-0.361379
-0.356042
-0.350555
-0.345368
-0.341019
-0.337962
-0.33647
-0.336604
-0.338189
-0.340864
-0.344202
-0.347798
-0.351287
-0.354366
-0.356888
-0.358709
-0.35979
-0.360153
-0.359826
-0.358864
-0.357344
-0.355329
-0.352891
-0.350088
-0.346969
-0.343612
-0.34018
-0.336914
-0.334135
-0.332217
-0.331458
-0.331962
-0.333525
-0.335761
-0.338119
-0.340051
-0.341117
-0.341001
-0.339542
-0.336708
-0.332641
-0.327632
-0.322185
-0.316986
-0.312833
-0.310385
-0.309994
-0.311548
-0.314567
-0.318375
-0.322336
-0.326015
-0.329171
-0.331725
-0.333734
-0.335292
-0.336517
-0.337527
-0.33841
-0.339226
-0.340039
-0.340864
-0.341727
-0.342604
-0.343489
-0.34438
-0.345224
-0.346012
-0.346723
-0.347358
-0.347895
-0.348316
-0.348623
-0.348789
-0.348788
-0.348577
-0.348095
-0.347293
-0.346163
-0.344735
-0.343156
-0.341682
-0.340676
-0.340485
-0.341417
-0.343522
-0.346612
-0.350295
-0.354106
-0.357596
-0.360408
-0.362318
-0.363205
-0.363052
-0.361919
-0.35995
-0.357314
-0.354292
-0.351152
-0.348201
-0.345684
-0.343849
-0.342862
-0.342782
-0.343647
-0.345345
-0.347784
-0.350778
-0.354146
-0.357723
-0.361351
-0.364931
-0.368352
-0.371551
-0.374454
-0.376997
-0.37915
-0.380916
-0.382285
-0.383296
-0.383989
-0.384451
-0.38474
-0.384931
-0.385033
-0.385021
-0.38483
-0.384322
-0.383383
-0.381914
-0.37989
-0.377431
-0.374739
-0.372126
-0.369927
-0.368382
-0.367634
-0.367648
-0.368251
-0.369196
-0.37019
-0.371005
-0.371465
-0.371519
-0.37117
-0.370536
-0.36975
-0.368987
-0.368418
-0.368184
-0.368362
-0.368993
-0.370082
-0.371574
-0.373387
-0.375401
-0.377457
-0.379405
-0.381061
-0.382235
-0.382784
-0.382593
-0.381555
-0.379654
-0.376927
-0.373524
-0.369688
-0.365729
-0.362058
-0.359037
-0.356966
-0.355991
-0.356107
-0.357216
-0.359164
-0.361791
-0.36493
-0.368419
-0.372059
-0.375709
-0.379169
-0.382265
-0.384855
-0.386802
-0.387971
-0.388221
-0.387401
-0.385358
-0.381934
-0.37704
-0.370727
-0.363292
-0.355333
-0.347736
-0.341488
-0.337332
-0.335468
-0.335595
-0.337183
-0.339811
-0.343295
-0.347589
-0.352545
-0.357806
-0.362861
-0.367161
-0.370281
-0.371989
-0.372201
-0.370949
-0.368351
-0.364626
-0.360059
-0.355033
-0.350002
-0.34544
-0.341768
-0.339305
-0.338163
-0.338247
-0.339274
-0.340832
-0.342536
-0.344143
-0.345591
-0.346996
-0.348507
-0.350215
-0.352048
-0.353808
-0.355259
-0.356188
-0.356542
-0.356399
-0.355945
-0.355393
-0.3549
-0.354584
-0.354444
-0.354432
-0.354414
-0.354272
-0.353904
-0.353219
-0.352187
-0.350805
-0.349119
-0.347209
-0.34518
-0.343158
-0.341337
-0.339886
-0.338971
-0.338697
-0.339132
-0.340212
-0.341828
-0.343806
-0.345931
-0.348015
-0.349902
-0.351483
-0.352692
-0.353503
-0.353912
-0.353963
-0.353704
-0.35316
-0.352399
-0.351434
-0.35031
-0.349056
-0.347674
-0.346175
-0.344541
-0.342748
-0.340761
-0.338525
-0.335998
-0.333175
-0.330083
-0.326809
-0.323543
-0.320529
-0.318068
-0.31645
-0.315831
-0.316169
-0.317255
-0.318695
-0.320023
-0.320775
-0.320573
-0.319157
-0.316439
-0.312544
-0.307838
-0.302935
-0.29855
-0.295356
-0.293686
-0.293457
-0.29422
-0.29544
-0.296769
-0.298227
-0.30016
-0.303036
-0.307158
-0.312413
-0.318318
-0.324177
-0.329381
-0.333538
-0.336537
-0.338473
-0.339619
-0.3403
-0.340835
-0.341449
-0.342232
-0.343157
-0.344063
-0.344706
-0.344846
-0.34421
-0.342553
-0.339617
-0.335168
-0.32896
-0.320908
-0.311195
-0.300663
-0.290926
-0.28415
-0.282139
-0.285308
-0.292408
-0.301323
-0.310135
-0.317735
-0.32377
-0.328381
-0.33191
-0.334707
-0.337092
-0.339266
-0.341378
-0.343482
-0.345584
-0.347601
-0.349475
-0.35112
-0.352454
-0.353411
-0.353957
-0.35409
-0.353841
-0.353265
-0.352453
-0.3515
-0.350522
-0.349688
-0.349097
-0.348879
-0.349094
-0.349811
-0.350984
-0.352587
-0.354523
-0.356693
-0.358994
-0.361352
-0.363682
-0.365962
-0.368121
-0.370153
-0.372025
-0.373697
-0.375096
-0.376111
-0.376622
-0.376453
-0.375376
-0.37314
-0.369527
-0.364378
-0.357659
-0.349563
-0.340581
-0.331587
-0.323755
-0.318449
-0.316812
-0.319347
-0.325623
-0.334432
-0.344189
-0.353521
-0.361533
-0.367843
-0.372426
-0.375493
-0.377337
-0.378254
-0.378549
-0.378451
-0.378172
-0.377854
-0.377597
-0.377478
-0.377539
-0.377764
-0.378141
-0.378592
-0.378977
-0.379039
-0.37841
-0.376567
-0.372953
-0.367023
-0.358544
-0.347866
-0.336238
-0.325813
-0.319155
-0.318212
-0.323319
-0.332997
-0.344743
-0.356198
-0.365845
-0.37322
-0.378507
-0.382311
-0.385196
-0.387562
-0.38957
-0.391168
-0.392184
-0.39241
-0.391666
-0.389807
-0.386737
-0.38244
-0.377043
-0.37094
-0.364855
-0.359914
-0.357337
-0.358058
-0.362206
-0.369101
-0.377512
-0.386203
-0.39427
-0.401272
-0.407115
-0.411898
-0.4158
-0.419013
-0.421732
-0.424081
-0.426154
-0.428012
-0.429684
-0.431144
-0.432363
-0.433307
-0.433913
-0.4341
-0.433821
-0.433044
-0.431769
-0.430023
-0.427935
-0.425695
-0.423507
-0.421602
-0.420069
-0.418927
-0.418035
-0.417198
-0.416161
-0.414785
-0.413073
-0.411207
-0.409525
-0.408448
-0.408466
-0.409859
-0.412709
-0.416784
-0.421604
-0.426528
-0.430895
-0.434169
-0.435988
-0.436239
-0.435053
-0.432758
-0.429889
-0.427049
-0.424832
-0.423726
-0.424025
-0.425756
-0.428719
-0.432588
-0.436947
-0.441427
-0.445715
-0.449572
-0.45283
-0.455381
-0.457173
-0.458224
-0.458563
-0.458314
-0.45757
-0.456515
-0.455302
-0.454059
-0.452904
-0.451918
-0.45112
-0.450515
-0.450118
-0.449951
-0.45002
-0.450388
-0.451104
-0.452201
-0.453668
-0.455484
-0.457567
-0.459805
-0.462068
-0.464223
-0.466119
-0.467623
-0.46864
-0.469046
-0.468766
-0.467675
-0.465647
-0.462589
-0.458375
-0.452893
-0.446099
-0.438032
-0.428871
-0.419029
-0.409185
-0.400234
-0.393144
-0.388684
-0.387183
-0.388353
-0.391412
-0.39534
-0.399173
-0.40228
-0.404375
-0.405538
-0.406044
-0.406317
-0.40674
-0.407622
-0.409084
-0.411048
-0.413214
-0.415156
-0.416371
-0.416435
-0.415052
-0.412076
-0.407557
-0.401815
-0.395523
-0.389756
-0.385767
-0.384686
-0.386991
-0.392312
-0.399558
-0.407322
-0.414359
-0.419733
-0.422954
-0.423847
-0.422457
-0.419012
-0.413859
-0.407487
-0.400477
-0.39349
-0.387178
-0.38211
-0.378631
-0.376848
-0.376597
-0.3775
-0.379082
-0.380906
-0.382614
-0.38404
-0.385143
-0.386032
-0.386887
-0.387917
-0.389239
-0.390909
-0.392916
-0.395174
-0.397581
-0.400043
-0.402469
-0.404793
-0.40696
-0.408969
-0.410784
-0.412396
-0.413789
-0.414964
-0.41588
-0.416504
-0.416808
-0.416695
-0.416074
-0.414814
-0.412774
-0.409816
-0.405824
-0.400789
-0.394832
-0.38832
-0.381836
-0.376091
-0.371721
-0.369022
-0.367803
-0.367465
-0.367246
-0.366535
-0.365057
-0.362887
-0.360372
-0.357997
-0.356262
-0.355621
-0.356513
-0.359237
-0.363862
-0.370149
-0.377488
-0.385194
-0.392656
-0.399475
-0.405436
-0.41052
-0.414797
-0.418363
-0.421342
-0.423787
-0.425792
-0.427399
-0.428643
-0.429547
-0.430101
-0.4303
-0.430119
-0.429529
-0.428501
-0.427005
-0.42504
-0.422641
-0.419896
-0.416996
-0.414216
-0.411905
-0.410427
-0.410046
-0.41087
-0.412825
-0.415668
-0.419057
-0.422636
-0.426138
-0.429372
-0.432241
-0.434718
-0.436837
-0.438642
-0.440205
-0.441564
-0.442787
-0.443899
-0.444936
-0.445919
-0.44685
-0.447756
-0.448619
-0.449459
-0.450268
-0.451054
-0.451806
-0.452505
-0.453135
-0.453667
-0.454068
-0.454264
-0.454222
-0.453873
-0.453168
-0.452044
-0.450468
-0.448437
-0.445954
-0.443082
-0.439941
-0.436653
-0.433415
-0.430439
-0.427929
-0.426089
-0.425064
-0.424958
-0.425806
-0.427582
-0.430215
-0.433581
-0.437511
-0.441825
-0.44631
-0.450786
-0.455085
-0.459033
-0.46253
-0.465488
-0.467855
-0.469606
-0.470759
-0.471333
-0.471376
-0.470943
-0.470112
-0.468928
-0.467452
-0.465751
-0.463822
-0.461655
-0.459214
-0.45644
-0.453304
-0.449815
-0.446019
-0.442065
-0.438162
-0.434519
-0.431361
-0.428789
-0.426849
-0.425412
-0.424332
-0.42341
-0.42242
-0.421158
-0.419399
-0.416971
-0.413826
-0.410176
-0.406566
-0.403823
-0.402748
-0.40368
-0.406213
-0.409362
-0.412032
-0.413546
-0.413889
-0.413661
-0.413711
-0.41473
-0.416972
-0.420146
-0.423697
-0.427103
-0.429979
-0.432226
-0.433896
-0.435123
-0.436073
-0.436862
-0.437559
-0.438159
-0.438607
-0.438829
-0.438737
-0.438229
-0.437219
-0.435619
-0.433347
-0.430359
-0.426626
-0.422208
-0.417219
-0.411909
-0.406593
-0.401602
-0.397211
-0.393467
-0.390157
-0.386901
-0.38334
-0.379294
-0.374874
-0.370412
-0.366334
-0.363047
-0.36098
-0.360701
-0.362774
-0.367488
-0.374458
-0.382661
-0.390864
-0.39807
-0.403741
-0.407735
-0.410215
-0.411471
-0.411785
-0.411456
-0.41074
-0.409838
-0.408918
-0.408098
-0.407484
-0.40711
-0.407027
-0.407208
-0.407662
-0.408325
-0.409148
-0.410085
-0.411093
-0.412125
-0.41316
-0.414147
-0.415076
-0.41589
-0.41655
-0.416961
-0.416998
-0.416488
-0.415218
-0.412948
-0.409452
-0.404635
-0.398613
-0.391889
-0.38539
-0.380257
-0.377492
-0.377518
-0.379963
-0.38388
-0.388278
-0.392382
-0.395855
-0.398682
-0.400979
-0.402933
-0.404707
-0.406407
-0.408102
-0.409902
-0.4119
-0.414235
-0.417038
-0.420393
-0.424297
-0.428579
-0.433024
-0.437325
-0.441194
-0.444434
-0.446868
-0.448482
-0.449374
-0.449697
-0.449692
-0.449596
-0.449614
-0.449882
-0.45043
-0.451252
-0.452302
-0.453478
-0.454731
-0.455932
-0.456963
-0.457641
-0.457758
-0.457082
-0.455396
-0.452458
-0.448093
-0.442218
-0.43489
-0.426435
-0.417545
-0.409329
-0.403232
-0.400669
-0.402557
-0.408845
-0.41854
-0.430106
-0.442005
-0.453058
-0.462549
-0.470183
-0.475946
-0.479982
-0.482489
-0.483653
-0.483684
-0.48274
-0.480973
-0.478526
-0.47557
-0.472261
-0.468813
-0.465423
-0.46231
-0.459653
-0.457584
-0.456103
-0.455177
-0.454668
-0.454447
-0.454348
-0.454252
-0.45407
-0.453746
-0.453259
-0.452627
-0.451854
-0.451
-0.450096
-0.449185
-0.448323
-0.447568
-0.446982
-0.44659
-0.446409
-0.44645
-0.446706
-0.447143
-0.447692
-0.448291
-0.448828
-0.449189
-0.44923
-0.448761
-0.447601
-0.445497
-0.442185
-0.43737
-0.430808
-0.422382
-0.412316
-0.401352
-0.390834
-0.382455
-0.377683
-0.376976
-0.37966
-0.384383
-0.389821
-0.395116
-0.39995
-0.404372
-0.408575
-0.412735
-0.416995
-0.421396
-0.425896
-0.43043
-0.43488
-0.439161
-0.443176
-0.446868
-0.450191
-0.453135
-0.455676
-0.457773
-0.459425
-0.46058
-0.461191
-0.461173
-0.460448
-0.458956
-0.456637
-0.453522
-0.449689
-0.445321
-0.440709
-0.436215
-0.432253
-0.429202
-0.427321
-0.426755
-0.427416
-0.429
-0.431035
-0.432961
-0.43416
-0.434032
-0.43205
-0.427787
-0.420864
-0.41104
-0.398238
-0.382803
-0.365754
-0.349135
-0.336078
-0.329925
-0.332792
-0.344254
-0.361505
-0.380847
-0.399155
-0.414552
-0.4263
-0.434455
-0.439483
-0.44202
-0.442726
-0.442178
-0.440795
-0.438893
-0.436668
-0.434215
-0.431588
-0.428786
-0.425817
-0.422707
-0.419545
-0.416476
-0.41372
-0.411559
-0.41022
-0.409848
-0.410431
-0.411768
-0.413512
-0.415258
-0.416584
-0.417157
-0.41672
-0.415159
-0.412584
-0.409267
-0.405785
-0.40289
-0.401342
-0.40165
-0.403866
-0.407571
-0.41205
-0.416559
-0.420482
-0.423458
-0.425337
-0.426076
-0.425717
-0.424303
-0.421891
-0.418484
-0.4141
-0.408775
-0.402656
-0.396049
-0.389488
-0.383698
-0.379491
-0.377475
-0.377919
-0.380531
-0.384671
-0.389555
-0.394498
-0.399017
-0.402853
-0.405924
-0.408253
-0.409944
-0.411076
-0.411781
-0.412142
-0.412243
-0.412156
-0.411927
-0.411586
-0.411137
-0.410558
-0.409811
-0.408856
-0.407685
-0.406336
-0.404931
-0.403636
-0.402672
-0.402267
-0.402529
-0.403435
-0.404782
-0.406256
-0.407488
-0.408105
-0.407802
-0.406314
-0.403422
-0.398915
-0.392713
-0.384992
-0.376477
-0.368641
-0.363527
-0.362984
-0.367563
-0.376224
-0.38683
-0.397268
-0.406189
-0.413036
-0.417817
-0.420749
-0.422178
-0.42239
-0.421614
-0.420028
-0.417778
-0.41497
-0.411714
-0.408127
-0.404319
-0.400411
-0.396519
-0.392762
-0.389222
-0.385977
-0.383047
-0.380441
-0.378154
-0.376169
-0.374444
-0.372912
-0.371477
-0.37
-0.368438
-0.366926
-0.36587
-0.365913
-0.367693
-0.371575
-0.37738
-0.384456
-0.391873
-0.398842
-0.404811
-0.409545
-0.413054
-0.415476
-0.417044
-0.417977
-0.418468
-0.41869
-0.41878
-0.418849
-0.418993
-0.419311
-0.419917
-0.42092
-0.422439
-0.424535
-0.427224
-0.430435
-0.434026
-0.437801
-0.441547
-0.445012
-0.447981
-0.450271
-0.45177
-0.452394
-0.452162
-0.451156
-0.449554
-0.447562
-0.445499
-0.443605
-0.442067
-0.440898
-0.439979
-0.439098
-0.438104
-0.437056
-0.436303
-0.436403
-0.437862
-0.440867
-0.445141
-0.45006
-0.454907
-0.459161
-0.462558
-0.465151
-0.467141
-0.468815
-0.47042
-0.472126
-0.473976
-0.475923
-0.477851
-0.479557
-0.480774
-0.4812
-0.480486
-0.478318
-0.474446
-0.468838
-0.461724
-0.453743
-0.445889
-0.439304
-0.434925
-0.433198
-0.433917
-0.436443
-0.439933
-0.443668
-0.447139
-0.450096
-0.452441
-0.454179
-0.455329
-0.455891
-0.455883
-0.455304
-0.454181
-0.452668
-0.450974
-0.449407
-0.448265
-0.44768
-0.447599
-0.447774
-0.447903
-0.447749
-0.447257
-0.446587
-0.446012
-0.445779
-0.446058
-0.446807
-0.447851
-0.448866
-0.449497
-0.44944
-0.448576
-0.446988
-0.445012
-0.443093
-0.441676
-0.441007
-0.440956
-0.441161
-0.441165
-0.440603
-0.439362
-0.437575
-0.435502
-0.433419
-0.431466
-0.429579
-0.427499
-0.424957
-0.42171
-0.417747
-0.413331
-0.409018
-0.405482
-0.403279
-0.402688
-0.403611
-0.405755
-0.408804
-0.412471
-0.416523
-0.42068
-0.424634
-0.428019
-0.430544
-0.431978
-0.432196
-0.431189
-0.429043
-0.42592
-0.422079
-0.417832
-0.413545
-0.409577
-0.406235
-0.403725
-0.402136
-0.401444
-0.401586
-0.402456
-0.403956
-0.40595
-0.408281
-0.410745
-0.413116
-0.415229
-0.416944
-0.418186
-0.418924
-0.41915
-0.418864
-0.41807
-0.416772
-0.414985
-0.412762
-0.410193
-0.407425
-0.404665
-0.402138
-0.400078
-0.398676
-0.39804
-0.398145
-0.398898
-0.400145
-0.401679
-0.403309
-0.40489
-0.406337
-0.407592
-0.40868
-0.409628
-0.41046
-0.411245
-0.41198
-0.41267
-0.413306
-0.413867
-0.41431
-0.414615
-0.414747
-0.414701
-0.414461
-0.414027
-0.413405
-0.412592
-0.411575
-0.410359
-0.40893
-0.407249
-0.405292
-0.402993
-0.400282
-0.397107
-0.393367
-0.389009
-0.383982
-0.378292
-0.372025
-0.365408
-0.358796
-0.352715
-0.347762
-0.344498
-0.343261
-0.344068
-0.346572
-0.350214
-0.35436
-0.358501
-0.362278
-0.365532
-0.368218
-0.370387
-0.372133
-0.373555
-0.37475
-0.375804
-0.376765
-0.377666
-0.378507
-0.379279
-0.379956
-0.380501
-0.380826
-0.380911
-0.380655
-0.379994
-0.378852
-0.37716
-0.374887
-0.372093
-0.368861
-0.365433
-0.362141
-0.359377
-0.357514
-0.356784
-0.357217
-0.358637
-0.360724
-0.363111
-0.365471
-0.36758
-0.369302
-0.370622
-0.371536
-0.372052
-0.372217
-0.372069
-0.371634
-0.370959
-0.370098
-0.369107
-0.368103
-0.367197
-0.366512
-0.366177
-0.366343
-0.367096
-0.368494
-0.37051
-0.373064
-0.375981
-0.379018
-0.381886
-0.384252
-0.385818
-0.386328
-0.385665
-0.383875
-0.381258
-0.378389
-0.37602
-0.374844
-0.37519
-0.376887
-0.379352
-0.381943
-0.384265
-0.38632
-0.388447
-0.391012
-0.394179
-0.397764
-0.401274
-0.404134
-0.405839
-0.406116
-0.404975
-0.402692
-0.399813
-0.396973
-0.394805
-0.393655
-0.393559
-0.394219
-0.395171
-0.39597
-0.396264
-0.395802
-0.394447
-0.39217
-0.389286
-0.386613
-0.385589
-0.387703
-0.393705
-0.402957
-0.41363
-0.42362
-0.431321
-0.435879
-0.437104
-0.435215
-0.430694
-0.42422
-0.416646
-0.408935
-0.402025
-0.396602
-0.392959
-0.391036
-0.390578
-0.391357
-0.393272
-0.396289
-0.400331
-0.405196
-0.410509
-0.415808
-0.420637
-0.424622
-0.427542
-0.4293
-0.429952
-0.429662
-0.428697
-0.427361
-0.426035
-0.425023
-0.424552
-0.424706
-0.425444
-0.426624
-0.42801
-0.429393
-0.430633
-0.431614
-0.432305
-0.432735
-0.432948
-0.43307
-0.4332
-0.433433
-0.433798
-0.434307
-0.434915
-0.435519
-0.436025
-0.43634
-0.436381
-0.436126
-0.435593
-0.434798
-0.43378
-0.432595
-0.43127
-0.429873
-0.428448
-0.42703
-0.425704
-0.424608
-0.423898
-0.423828
-0.424632
-0.426485
-0.429408
-0.43317
-0.437355
-0.441416
-0.444793
-0.447061
-0.44796
-0.447511
-0.445884
-0.443363
-0.440266
-0.436853
-0.433297
-0.429775
-0.426521
-0.423837
-0.422104
-0.421545
-0.422205
-0.423898
-0.426273
-0.428951
-0.431537
-0.433744
-0.43535
-0.436239
-0.436362
-0.435721
-0.434288
-0.43208
-0.429174
-0.425921
-0.422924
-0.420965
-0.420796
-0.422717
-0.426423
-0.431144
-0.435977
-0.440207
-0.443493
-0.445899
-0.447723
-0.449484
-0.451672
-0.454629
-0.45845
-0.462969
-0.467828
-0.47261
-0.476979
-0.480722
-0.483761
-0.486094
-0.487773
-0.488905
-0.489557
-0.489812
-0.489722
-0.489301
-0.488559
-0.487477
-0.485998
-0.484102
-0.481749
-0.478915
-0.475631
-0.471952
-0.468015
-0.463992
-0.460134
-0.456682
-0.453874
-0.451827
-0.450612
-0.450194
-0.450491
-0.451377
-0.452745
-0.454505
-0.456542
-0.458742
-0.461007
-0.463147
-0.465002
-0.466388
-0.467153
-0.46728
-0.466936
-0.466462
-0.466315
-0.466922
-0.468486
-0.470926
-0.473856
-0.476802
-0.479309
-0.481087
-0.481992
-0.482067
-0.481433
-0.480276
-0.478768
-0.477055
-0.475272
-0.473533
-0.471939
-0.470588
-0.469587
-0.469027
-0.468934
-0.469287
-0.469994
-0.470827
-0.471535
-0.471861
-0.471562
-0.470538
-0.468796
-0.466474
-0.463775
-0.460896
-0.458022
-0.455308
-0.452934
-0.451163
-0.45034
-0.450822
-0.452882
-0.456536
-0.461609
-0.467681
-0.474218
-0.480628
-0.48641
-0.491168
-0.494665
-0.496778
-0.497512
-0.496935
-0.49519
-0.49248
-0.489041
-0.485145
-0.481057
-0.477045
-0.473312
-0.470013
-0.46724
-0.464998
-0.463264
-0.46196
-0.461003
-0.460312
-0.459829
-0.459518
-0.459344
-0.459322
-0.459436
-0.459697
-0.460091
-0.460617
-0.461265
-0.462003
-0.462796
-0.463568
-0.464272
-0.464841
-0.465251
-0.465464
-0.465488
-0.465378
-0.46515
-0.464818
-0.464389
-0.463839
-0.463146
-0.462255
-0.461065
-0.459473
-0.457435
-0.45492
-0.451977
-0.448762
-0.445488
-0.442423
-0.439814
-0.437874
-0.436692
-0.43625
-0.436426
-0.437052
-0.437914
-0.438808
-0.439562
-0.440059
-0.440248
-0.440119
-0.439728
-0.439125
-0.438401
-0.437572
-0.436683
-0.435715
-0.434653
-0.433473
-0.432208
-0.430876
-0.429565
-0.428357
-0.427319
-0.426513
-0.425913
-0.425442
-0.4249
-0.424063
-0.422748
-0.420766
-0.418148
-0.415159
-0.412335
-0.410351
-0.409795
-0.410951
-0.413606
-0.417123
-0.420751
-0.423759
-0.425679
-0.426261
-0.425444
-0.423278
-0.419936
-0.415651
-0.410783
-0.405772
-0.401179
-0.397574
-0.395443
-0.395016
-0.396193
-0.39859
-0.401658
-0.404847
-0.407731
-0.410079
-0.411754
-0.412792
-0.413273
-0.413308
-0.413028
-0.412567
-0.412036
-0.411544
-0.411206
-0.411089
-0.411291
-0.41182
-0.41268
-0.413866
-0.415263
-0.416797
-0.418348
-0.419809
-0.421074
-0.42207
-0.422762
-0.423119
-0.423154
-0.4229
-0.422404
-0.421723
-0.420901
-0.420005
-0.419075
-0.418117
-0.417134
-0.416094
-0.414972
-0.413722
-0.412279
-0.410614
-0.408663
-0.406418
-0.403886
-0.401111
-0.398182
-0.395225
-0.392401
-0.389863
-0.387735
-0.386032
-0.384657
-0.383413
-0.382055
-0.380329
-0.378107
-0.375367
-0.372268
-0.369112
-0.36634
-0.364396
-0.363613
-0.364093
-0.365638
-0.367815
-0.370104
-0.372024
-0.373296
-0.373846
-0.373847
-0.373664
-0.373726
-0.374402
-0.375817
-0.377864
-0.380199
-0.382405
-0.383981
-0.384609
-0.384029
-0.382138
-0.378949
-0.374596
-0.369371
-0.36374
-0.358287
-0.353649
-0.350331
-0.348616
-0.348436
-0.349443
-0.351149
-0.353079
-0.354871
-0.356314
-0.357332
-0.357928
-0.358146
-0.35806
-0.357753
-0.357297
-0.356737
-0.356114
-0.355474
-0.35489
-0.354384
-0.354028
-0.353853
-0.353904
-0.354207
-0.35474
-0.35548
-0.356373
-0.357341
-0.358316
-0.359213
-0.359976
-0.360543
-0.360897
-0.360987
-0.360825
-0.360376
-0.359666
-0.358689
-0.35746
-0.355994
-0.354334
-0.352535
-0.350644
-0.348751
-0.346933
-0.34525
-0.343749
-0.342457
-0.341371
-0.340526
-0.339968
-0.339783
-0.340049
-0.340829
-0.342064
-0.343598
-0.34517
-0.346392
-0.346903
-0.346355
-0.344512
-0.341281
-0.336703
-0.330987
-0.324491
-0.317681
-0.311102
-0.305285
-0.300693
-0.297662
-0.296361
-0.296781
-0.298802
-0.302176
-0.306669
-0.312016
-0.317962
-0.32427
-0.330676
-0.336937
-0.342813
-0.348122
-0.352718
-0.35649
-0.359442
-0.36159
-0.363034
-0.363858
-0.364171
-0.364064
-0.36363
-0.362963
-0.362141
-0.361231
-0.360276
-0.359333
-0.35842
-0.357567
-0.356797
-0.356109
-0.355496
-0.354949
-0.354466
-0.354032
-0.353626
-0.35324
-0.352857
-0.352472
-0.352092
-0.351734
-0.351401
-0.351125
-0.350913
-0.350803
-0.350833
-0.351019
-0.351377
-0.351913
-0.35258
-0.353307
-0.353938
-0.354266
-0.354033
-0.352956
-0.350814
-0.347503
-0.343155
-0.338053
-0.33271
-0.327636
-0.323241
-0.319846
-0.317717
-0.317132
-0.318307
-0.321226
-0.325608
-0.330974
-0.336796
-0.34262
-0.348028
-0.352788
-0.35672
-0.359731
-0.361807
-0.363012
-0.36343
-0.363194
-0.36243
-0.361259
-0.359801
-0.358192
-0.356573
-0.355073
-0.353822
-0.352909
-0.352403
-0.35235
-0.352788
-0.353764
-0.355264
-0.35734
-0.359963
-0.363093
-0.366565
-0.370165
-0.373642
-0.376653
-0.378805
-0.379659
-0.378743
-0.375591
-0.36983
-0.361323
-0.350404
-0.338021
-0.325801
-0.315721
-0.309551
-0.308276
-0.311817
-0.319179
-0.328881
-0.339491
-0.349955
-0.359623
-0.368114
-0.375184
-0.380621
-0.384253
-0.386025
-0.385966
-0.384254
-0.381159
-0.377137
-0.372664
-0.368299
-0.36457
-0.361949
-0.360754
-0.361071
-0.36272
-0.365296
-0.368249
-0.371045
-0.373253
-0.374628
-0.375126
-0.374911
-0.374405
-0.374198
-0.374959
-0.377169
-0.38098
-0.386079
-0.39182
-0.397446
-0.402319
-0.405992
-0.408252
-0.409052
-0.408448
-0.406567
-0.403571
-0.399689
-0.395238
-0.390594
-0.38626
-0.382763
-0.380575
-0.379949
-0.380887
-0.383087
-0.386087
-0.389363
-0.392522
-0.39531
-0.397639
-0.399568
-0.401191
-0.40267
-0.404121
-0.405642
-0.407272
-0.408981
-0.410668
-0.412188
-0.41332
-0.413836
-0.413446
-0.411851
-0.408796
-0.404147
-0.398069
-0.391135
-0.384503
-0.379651
-0.377957
-0.379999
-0.385298
-0.392626
-0.400573
-0.408112
-0.414691
-0.420186
-0.424683
-0.428361
-0.43142
-0.433985
-0.436175
-0.438051
-0.439672
-0.441063
-0.44224
-0.443245
-0.444109
-0.444848
-0.445507
-0.44609
-0.446604
-0.447061
-0.447436
-0.447697
-0.447816
-0.447751
-0.44748
-0.446979
-0.446265
-0.445389
-0.444409
-0.443371
-0.442319
-0.441277
-0.440191
-0.438949
-0.437381
-0.435284
-0.432432
-0.428655
-0.423817
-0.417856
-0.410939
-0.4034
-0.3958
-0.388872
-0.383429
-0.380136
-0.379428
-0.381372
-0.385674
-0.391749
-0.398863
-0.406372
-0.413728
-0.420563
-0.426608
-0.431702
-0.435783
-0.438833
-0.441005
-0.442494
-0.443571
-0.444496
-0.445468
-0.446567
-0.447772
-0.448963
-0.450001
-0.45072
-0.450968
-0.450659
-0.449709
-0.448062
-0.445746
-0.442788
-0.439347
-0.435605
-0.431872
-0.428472
-0.425692
-0.423743
-0.422609
-0.422114
-0.421935
-0.421713
-0.421127
-0.419957
-0.418111
-0.415607
-0.412512
-0.408983
-0.40515
-0.401163
-0.397117
-0.393064
-0.389002
-0.384922
-0.380816
-0.376787
-0.373064
-0.370056
-0.368261
-0.368148
-0.369918
-0.373432
-0.37818
-0.383533
-0.388837
-0.393608
-0.397568
-0.40061
-0.402759
-0.404134
-0.404882
-0.405131
-0.405044
-0.40476
-0.404392
-0.404045
-0.403799
-0.403722
-0.403845
-0.404169
-0.404648
-0.405178
-0.405652
-0.405951
-0.40593
-0.405474
-0.404492
-0.402928
-0.400761
-0.398021
-0.394767
-0.391101
-0.387183
-0.383221
-0.379426
-0.376067
-0.373414
-0.371747
-0.371264
-0.372071
-0.374176
-0.377443
-0.381678
-0.38658
-0.391866
-0.397251
-0.402532
-0.407504
-0.412048
-0.416101
-0.419588
-0.422502
-0.424835
-0.426616
-0.427915
-0.428785
-0.429295
-0.429547
-0.429605
-0.429584
-0.429608
-0.429795
-0.430221
-0.430993
-0.432104
-0.433512
-0.435149
-0.436886
-0.438627
-0.440253
-0.441687
-0.442875
-0.443789
-0.44439
-0.444644
-0.444495
-0.443866
-0.442663
-0.440783
-0.438171
-0.434755
-0.430584
-0.425824
-0.420717
-0.415676
-0.411184
-0.407825
-0.406169
-0.406644
-0.409457
-0.414494
-0.421367
-0.42951
-0.438291
-0.44711
-0.455498
-0.463131
-0.469795
-0.475404
-0.479926
-0.483392
-0.485868
-0.487453
-0.488227
-0.488292
-0.487763
-0.486735
-0.485274
-0.483459
-0.481338
-0.478891
-0.476095
-0.472873
-0.46912
-0.464699
-0.459479
-0.453373
-0.446432
-0.438863
-0.431127
-0.423842
-0.417657
-0.413007
-0.409872
-0.407786
-0.406152
-0.404658
-0.403575
-0.403794
-0.406292
-0.411506
-0.419009
-0.427625
-0.435997
-0.443135
-0.448537
-0.452166
-0.454267
-0.455211
-0.455362
-0.455002
-0.454302
-0.453312
-0.451994
-0.450258
-0.448016
-0.445233
-0.441929
-0.438192
-0.43417
-0.430019
-0.425879
-0.421805
-0.417779
-0.413692
-0.409376
-0.404617
-0.399248
-0.393217
-0.386695
-0.380177
-0.374428
-0.370403
-0.368825
-0.369937
-0.373397
-0.378484
-0.384414
-0.390606
-0.396628
-0.402249
-0.407329
-0.411767
-0.415478
-0.418415
-0.420518
-0.421748
-0.422099
-0.42154
-0.420096
-0.417783
-0.414659
-0.410814
-0.406389
-0.401604
-0.396745
-0.392164
-0.388222
-0.385255
-0.383422
-0.382723
-0.382922
-0.383648
-0.384441
-0.384863
-0.384563
-0.383327
-0.381067
-0.37788
-0.37396
-0.369619
-0.365124
-0.360677
-0.356396
-0.35236
-0.348624
-0.345342
-0.342769
-0.341207
-0.340941
-0.342134
-0.344794
-0.348735
-0.353616
-0.359036
-0.364517
-0.369656
-0.374112
-0.377687
-0.380291
-0.381949
-0.382798
-0.383016
-0.382796
-0.382346
-0.38179
-0.381189
-0.380543
-0.37979
-0.378878
-0.377738
-0.376362
-0.374732
-0.372972
-0.371148
-0.3694
-0.367863
-0.366655
-0.365872
-0.365615
-0.365937
-0.366837
-0.368279
-0.370155
-0.372283
-0.374485
-0.376588
-0.378451
-0.37997
-0.381076
-0.381751
-0.38201
-0.381859
-0.381335
-0.380487
-0.379318
-0.377882
-0.376186
-0.374252
-0.372087
-0.369714
-0.367191
-0.364564
-0.361935
-0.359437
-0.357256
-0.355593
-0.354605
-0.354438
-0.355135
-0.356643
-0.358828
-0.36146
-0.364299
-0.367084
-0.369578
-0.371579
-0.372921
-0.373485
-0.373226
-0.372167
-0.370484
-0.368472
-0.366576
-0.36532
-0.365168
-0.366355
-0.368806
-0.372142
-0.375816
-0.37929
-0.382172
-0.384243
-0.38551
-0.38606
-0.386116
-0.385912
-0.385675
-0.385553
-0.385616
-0.385831
-0.386043
-0.386085
-0.385758
-0.384959
-0.383697
-0.382147
-0.38063
-0.379516
-0.379089
-0.379393
-0.380152
-0.380828
-0.38086
-0.379893
-0.377969
-0.375558
-0.373466
-0.372491
-0.373026
-0.374936
-0.377686
-0.380648
-0.383342
-0.385572
-0.38738
-0.388903
-0.390248
-0.391406
-0.392319
-0.392864
-0.392951
-0.39254
-0.391693
-0.390582
-0.389453
-0.388567
-0.388128
-0.388239
-0.388834
-0.389665
-0.39039
-0.390614
-0.389975
-0.388237
-0.385301
-0.381203
-0.376093
-0.370083
-0.363291
-0.355908
-0.348425
-0.341874
-0.337729
-0.337395
-0.341322
-0.348793
-0.358352
-0.368524
-0.378207
-0.386749
-0.393817
-0.39926
-0.403083
-0.405395
-0.406336
-0.406127
-0.404988
-0.403121
-0.400726
-0.398001
-0.395113
-0.392216
-0.389432
-0.386869
-0.384579
-0.382603
-0.380934
-0.379532
-0.378358
-0.377333
-0.376389
-0.375461
-0.374516
-0.37351
-0.372443
-0.371331
-0.370174
-0.369016
-0.367877
-0.366791
-0.365759
-0.36475
-0.363714
-0.362523
-0.360992
-0.358862
-0.355813
-0.35154
-0.345967
-0.339474
-0.333136
-0.32869
-0.327924
-0.331707
-0.339437
-0.349346
-0.359432
-0.368262
-0.375164
-0.380038
-0.38311
-0.384697
-0.385061
-0.384506
-0.383242
-0.381461
-0.379354
-0.377036
-0.374562
-0.371891
-0.36883
-0.36508
-0.36019
-0.353702
-0.345293
-0.335088
-0.324173
-0.3148
-0.309969
-0.31198
-0.320911
-0.334545
-0.349763
-0.364045
-0.376075
-0.385499
-0.392446
-0.397289
-0.400401
-0.402125
-0.402743
-0.402487
-0.40159
-0.400251
-0.39865
-0.396987
-0.395415
-0.394096
-0.393102
-0.392505
-0.392283
-0.392381
-0.392699
-0.393122
-0.39352
-0.393786
-0.393822
-0.393586
-0.393034
-0.392139
-0.390893
-0.3893
-0.387386
-0.385185
-0.382754
-0.380168
-0.377502
-0.374847
-0.372338
-0.370084
-0.368199
-0.366748
-0.365786
-0.365295
-0.365217
-0.365426
-0.365787
-0.366163
-0.366436
-0.366539
-0.366474
-0.366276
-0.366066
-0.365953
-0.366093
-0.366585
-0.367495
-0.368808
-0.370484
-0.372409
-0.374437
-0.376456
-0.378355
-0.380063
-0.381565
-0.382865
-0.383983
-0.38496
-0.385814
-0.386552
-0.387207
-0.387768
-0.388267
-0.388673
-0.389014
-0.38929
-0.389509
-0.38968
-0.389788
-0.38979
-0.389657
-0.389335
-0.388733
-0.38775
-0.3863
-0.384255
-0.381519
-0.3781
-0.374035
-0.369509
-0.364784
-0.360185
-0.356058
-0.352604
-0.34993
-0.34809
-0.347141
-0.347165
-0.348225
-0.350279
-0.353183
-0.356719
-0.360626
-0.364702
-0.368726
-0.372516
-0.375892
-0.378693
-0.380818
-0.382223
-0.382931
-0.383019
-0.382603
-0.381785
-0.380699
-0.379451
-0.378127
-0.376802
-0.375515
-0.3743
-0.373182
-0.372159
-0.371231
-0.370384
-0.369628
-0.369002
-0.368537
-0.368295
-0.368357
-0.368815
-0.369712
-0.371068
-0.372839
-0.374952
-0.377235
-0.379561
-0.381747
-0.383648
-0.385157
-0.386207
-0.386788
-0.386925
-0.386659
-0.386102
-0.385348
-0.384498
-0.383618
-0.382723
-0.38177
-0.3807
-0.379458
-0.377991
-0.376299
-0.374413
-0.372414
-0.370305
-0.368077
-0.365626
-0.362805
-0.359488
-0.355663
-0.351592
-0.347763
-0.344878
-0.343592
-0.344267
-0.346827
-0.350838
-0.35571
-0.36088
-0.365919
-0.370524
-0.374504
-0.377749
-0.380199
-0.381893
-0.382881
-0.383267
-0.383168
-0.382667
-0.381807
-0.380638
-0.379185
-0.37745
-0.375419
-0.373063
-0.37039
-0.367369
-0.363993
-0.360251
-0.356122
-0.351622
-0.346793
-0.341809
-0.336977
-0.332813
-0.329998
-0.329207
-0.330822
-0.334708
-0.340259
-0.346573
-0.352812
-0.358339
-0.36282
-0.366176
-0.368408
-0.369673
-0.370096
-0.369782
-0.36884
-0.367339
-0.365373
-0.36299
-0.360277
-0.35734
-0.354312
-0.351349
-0.348639
-0.346325
-0.344546
-0.343363
-0.342736
-0.34256
-0.342684
-0.342942
-0.343146
-0.343139
-0.342833
-0.342168
-0.341183
-0.339927
-0.338529
-0.337166
-0.336025
-0.335314
-0.335115
-0.335439
-0.336169
-0.337134
-0.338139
-0.339059
-0.339874
-0.340702
-0.34172
-0.343137
-0.345082
-0.347547
-0.350382
-0.353335
-0.356078
-0.358293
-0.359714
-0.360142
-0.359451
-0.357689
-0.355036
-0.351882
-0.348845
-0.346656
-0.345918
-0.346962
-0.349698
-0.353628
-0.358091
-0.362446
-0.36624
-0.369246
-0.371418
-0.37285
-0.37371
-0.374209
-0.37455
-0.374911
-0.375421
-0.376157
-0.377124
-0.378252
-0.379445
-0.380554
-0.381471
-0.382063
-0.382246
-0.381967
-0.381245
-0.380109
-0.378639
-0.3769
-0.37495
-0.372798
-0.370422
-0.367762
-0.364775
-0.361474
-0.357948
-0.354425
-0.35121
-0.348682
-0.347189
-0.346922
-0.347922
-0.350032
-0.352991
-0.356476
-0.360155
-0.363747
-0.367092
-0.370052
-0.372558
-0.374582
-0.376079
-0.377038
-0.377469
-0.377415
-0.376995
-0.376385
-0.375829
-0.375592
-0.375911
-0.376952
-0.378731
-0.381142
-0.383956
-0.386915
-0.389751
-0.39224
-0.394243
-0.395685
-0.396549
-0.396841
-0.396631
-0.395987
-0.394998
-0.393768
-0.392387
-0.390959
-0.389553
-0.388203
-0.386947
-0.385707
-0.384404
-0.382934
-0.381168
-0.378977
-0.376272
-0.373001
-0.369197
-0.364946
-0.360442
-0.355973
-0.351879
-0.348546
-0.346273
-0.345272
-0.345559
-0.346995
-0.349216
-0.351839
-0.354402
-0.356571
-0.358135
-0.359018
-0.359276
-0.359068
-0.358581
-0.357923
-0.357167
-0.356294
-0.355233
-0.353911
-0.352269
-0.350295
-0.348031
-0.345539
-0.3429
-0.340164
-0.337433
-0.334846
-0.332667
-0.331231
-0.330892
-0.331895
-0.334255
-0.33767
-0.341622
-0.345545
-0.348898
-0.351324
-0.352557
-0.352495
-0.351065
-0.348213
-0.343923
-0.338239
-0.331342
-0.323684
-0.316019
-0.309329
-0.304621
-0.302514
-0.302961
-0.305354
-0.308714
-0.312143
-0.31504
-0.317109
-0.318323
-0.318806
-0.318716
-0.318242
-0.317535
-0.316708
-0.315847
-0.31498
-0.314143
-0.313353
-0.312606
-0.311912
-0.311281
-0.310745
-0.310334
-0.310087
-0.310062
-0.310283
-0.310778
-0.311544
-0.312565
-0.313785
-0.315158
-0.316627
-0.318123
-0.319586
-0.320968
-0.322212
-0.323282
-0.324141
-0.324746
-0.325085
-0.325126
-0.32484
-0.324212
-0.32326
-0.322034
-0.320593
-0.319081
-0.317706
-0.316697
-0.316294
-0.316661
-0.317858
-0.319846
-0.322428
-0.325361
-0.32838
-0.331201
-0.333631
-0.335508
-0.336742
-0.337255
-0.337056
-0.336154
-0.334651
-0.33264
-0.330376
-0.328147
-0.326278
-0.325113
-0.324903
-0.325768
-0.327659
-0.330391
-0.333714
-0.337327
-0.341001
-0.344551
-0.347886
-0.350952
-0.353754
-0.356285
-0.358582
-0.360638
-0.362436
-0.363963
-0.365168
-0.365996
-0.366399
-0.366345
-0.365843
-0.3649
-0.363562
-0.361888
-0.359953
-0.357822
-0.355582
-0.35331
-0.351111
-0.349069
-0.347263
-0.345701
-0.344403
-0.343333
-0.342444
-0.34175
-0.341358
-0.341441
-0.342166
-0.343581
-0.345587
-0.347978
-0.35048
-0.352852
-0.354971
-0.356793
-0.358346
-0.359706
-0.36093
-0.362059
-0.36318
-0.364298
-0.365457
-0.366672
-0.367936
-0.369172
-0.370303
-0.371209
-0.371754
-0.371872
-0.371454
-0.370479
-0.368964
-0.366936
-0.364449
-0.361549
-0.358307
-0.354798
-0.351118
-0.347393
-0.34384
-0.340721
-0.338371
-0.337073
-0.336999
-0.338177
-0.340453
-0.343536
-0.347078
-0.35075
-0.354278
-0.357497
-0.360315
-0.362717
-0.364702
-0.366324
-0.367623
-0.368682
-0.369535
-0.370251
-0.370867
-0.371407
-0.371892
-0.372346
-0.372756
-0.373124
-0.373411
-0.373605
-0.373655
-0.373527
-0.373161
-0.372522
-0.371554
-0.370223
-0.368517
-0.366421
-0.363996
-0.361279
-0.358411
-0.35555
-0.352906
-0.350675
-0.34907
-0.348255
-0.348324
-0.349325
-0.351199
-0.353774
-0.356871
-0.360239
-0.363601
-0.366686
-0.369204
-0.370927
-0.371697
-0.37147
-0.370424
-0.368998
-0.367829
-0.367638
-0.369008
-0.372117
-0.376677
-0.38209
-0.38764
-0.392754
-0.397047
-0.400359
-0.402667
-0.404034
-0.40456
-0.404337
-0.403461
-0.401985
-0.399957
-0.397436
-0.394483
-0.391172
-0.387598
-0.383888
-0.380218
-0.376765
-0.373716
-0.371246
-0.369454
-0.368323
-0.367763
-0.367552
-0.367424
-0.36714
-0.366569
-0.365704
-0.36468
-0.363759
-0.363242
-0.363464
-0.364698
-0.367118
-0.370733
-0.375327
-0.380521
-0.38583
-0.390776
-0.394962
-0.398153
-0.400226
-0.401213
-0.40123
-0.400457
-0.399086
-0.397321
-0.395323
-0.393236
-0.391191
-0.389296
-0.387675
-0.386466
-0.385762
-0.385651
-0.38616
-0.387201
-0.388664
-0.390347
-0.392025
-0.393527
-0.394705
-0.395515
-0.396009
-0.396308
-0.396538
-0.396814
-0.397199
-0.397664
-0.39808
-0.398241
-0.397858
-0.396652
-0.394363
-0.390806
-0.385949
-0.380038
-0.373602
-0.367547
-0.362965
-0.360778
-0.361359
-0.364375
-0.368896
-0.37382
-0.378191
-0.381462
-0.383409
-0.384116
-0.383868
-0.383048
-0.382063
-0.381378
-0.381434
-0.382542
-0.384868
-0.388388
-0.39287
-0.397955
-0.403216
-0.408293
-0.412896
-0.416884
-0.420164
-0.422739
-0.424614
-0.425803
-0.426305
-0.426111
-0.425182
-0.42353
-0.421202
-0.418356
-0.415282
-0.412383
-0.410158
-0.409083
-0.409459
-0.411301
-0.414375
-0.418269
-0.422493
-0.426657
-0.430474
-0.433755
-0.436441
-0.438494
-0.439891
-0.440649
-0.440761
-0.440238
-0.439033
-0.437145
-0.434529
-0.431182
-0.427101
-0.422354
-0.41703
-0.411296
-0.405377
-0.399629
-0.394424
-0.390159
-0.3872
-0.385788
-0.385953
-0.387466
-0.389886
-0.392667
-0.395298
-0.397406
-0.398855
-0.399764
-0.400445
-0.401317
-0.402774
-0.404989
-0.407886
-0.41115
-0.414364
-0.417164
-0.419389
-0.421002
-0.422182
-0.423152
-0.424144
-0.425299
-0.426695
-0.428293
-0.429991
-0.431677
-0.433211
-0.43447
-0.435338
-0.435721
-0.43557
-0.434835
-0.433533
-0.431688
-0.42941
-0.426867
-0.424272
-0.421878
-0.41995
-0.418644
-0.417997
-0.417941
-0.418262
-0.4187
-0.418966
-0.418838
-0.418155
-0.416866
-0.414993
-0.412667
-0.410093
-0.407506
-0.405164
-0.40332
-0.402074
-0.401474
-0.401421
-0.401746
-0.402232
-0.402683
-0.402913
-0.402837
-0.402374
-0.401535
-0.400361
-0.398919
-0.397311
-0.395641
-0.394016
-0.392549
-0.391334
-0.390462
-0.389991
-0.389899
-0.390184
-0.390801
-0.391641
-0.392594
-0.393565
-0.394457
-0.395191
-0.395719
-0.396012
-0.396056
-0.395868
-0.395476
-0.394926
-0.394288
-0.393644
-0.393091
-0.392727
-0.392659
-0.392968
-0.393718
-0.3949
-0.396474
-0.398352
-0.400369
-0.402371
-0.404183
-0.405614
-0.406567
-0.406959
-0.406775
-0.406015
-0.404707
-0.402889
-0.400551
-0.397672
-0.39419
-0.39003
-0.385147
-0.379536
-0.373245
-0.366388
-0.359161
-0.351905
-0.345187
-0.339739
-0.336384
-0.335632
-0.337464
-0.341254
-0.346025
-0.350833
-0.354998
-0.358183
-0.360373
-0.361765
-0.362735
-0.363692
-0.365026
-0.36699
-0.369658
-0.37287
-0.376321
-0.379632
-0.382464
-0.384577
-0.385868
-0.386322
-0.385974
-0.384949
-0.38337
-0.381375
-0.379124
-0.376743
-0.374361
-0.372088
-0.370038
-0.36827
-0.366811
-0.36568
-0.364837
-0.364229
-0.363777
-0.363374
-0.362927
-0.362358
-0.361575
-0.360514
-0.359158
-0.357465
-0.355435
-0.353091
-0.350478
-0.347647
-0.34469
-0.341636
-0.338569
-0.335554
-0.332615
-0.329798
-0.327131
-0.324665
-0.322493
-0.320752
-0.319635
-0.319315
-0.319954
-0.321605
-0.324204
-0.327568
-0.331458
-0.335603
-0.339723
-0.343625
-0.347158
-0.350246
-0.352837
-0.354943
-0.356598
-0.357848
-0.358738
-0.35932
-0.359658
-0.359788
-0.359769
-0.359633
-0.359412
-0.359145
-0.358862
-0.358592
-0.358373
-0.358224
-0.358146
-0.358165
-0.358298
-0.358504
-0.358764
-0.359051
-0.359283
-0.359425
-0.359407
-0.359171
-0.35869
-0.35795
-0.356991
-0.355851
-0.35465
-0.353506
-0.352537
-0.351884
-0.351618
-0.351793
-0.352428
-0.353459
-0.354814
-0.35639
-0.358054
-0.359734
-0.361299
-0.362669
-0.363824
-0.364715
-0.365337
-0.365722
-0.365883
-0.365872
-0.365717
-0.365504
-0.365292
-0.365164
-0.365199
-0.36549
-0.366123
-0.367154
-0.368618
-0.370496
-0.372749
-0.375282
-0.378012
-0.380809
-0.383604
-0.386354
-0.389049
-0.391701
-0.394313
-0.396926
-0.399541
-0.402159
-0.404756
-0.407291
-0.4097
-0.41195
-0.413988
-0.415752
-0.4172
-0.418322
-0.419066
-0.41942
-0.419367
-0.418903
-0.418037
-0.416798
-0.415185
-0.413213
-0.410884
-0.408185
-0.405119
-0.401702
-0.397954
-0.393932
-0.389795
-0.38575
-0.382127
-0.379256
-0.377441
-0.376893
-0.377651
-0.37963
-0.3826
-0.386278
-0.390326
-0.394501
-0.398565
-0.402338
-0.405714
-0.408585
-0.410965
-0.412838
-0.414288
-0.415387
-0.416268
-0.417048
-0.417824
-0.418653
-0.419569
-0.420535
-0.421451
-0.42218
-0.422512
-0.422234
-0.421136
-0.419077
-0.416094
-0.41241
-0.408581
-0.405451
-0.403979
-0.404968
-0.408778
-0.415137
-0.423213
-0.431929
-0.440284
-0.4475
-0.45312
-0.456938
-0.458929
-0.459123
-0.457649
-0.454622
-0.450212
-0.444625
-0.438108
-0.430986
-0.423692
-0.416721
-0.410572
-0.405726
-0.402558
-0.401264
-0.40176
-0.403699
-0.406532
-0.409603
-0.412309
-0.414123
-0.414752
-0.414076
-0.412226
-0.409543
-0.406608
-0.404054
-0.402469
-0.402203
-0.403298
-0.405508
-0.408412
-0.411552
-0.414577
-0.417243
-0.419471
-0.42127
-0.422697
-0.423815
-0.424684
-0.425331
-0.425761
-0.42597
-0.425965
-0.425755
-0.425393
-0.42492
-0.424386
-0.423821
-0.423257
-0.422679
-0.422082
-0.421428
-0.420678
-0.41978
-0.418679
-0.417339
-0.415697
-0.413707
-0.411326
-0.408534
-0.405314
-0.40168
-0.397647
-0.393268
-0.388604
-0.383722
-0.378708
-0.373681
-0.36887
-0.364594
-0.361201
-0.358982
-0.358052
-0.358291
-0.359358
-0.360819
-0.362264
-0.36338
-0.364003
-0.364122
-0.363822
-0.363273
-0.362757
-0.362617
-0.3632
-0.36479
-0.367503
-0.371209
-0.375553
-0.380038
-0.384146
-0.387408
-0.389512
-0.390254
-0.38952
-0.387331
-0.383804
-0.379208
-0.374014
-0.368883
-0.36456
-0.361746
-0.360826
-0.361742
-0.364078
-0.3672
-0.370503
-0.373539
-0.376043
-0.377937
-0.379223
-0.379961
-0.380237
-0.380086
-0.379583
-0.378734
-0.377548
-0.37599
-0.374057
-0.37171
-0.368916
-0.365639
-0.361917
-0.35781
-0.353495
-0.349222
-0.345329
-0.342203
-0.340176
-0.339493
-0.340192
-0.342165
-0.345161
-0.348877
-0.352979
-0.357186
-0.361234
-0.364965
-0.368236
-0.371009
-0.373284
-0.375084
-0.376502
-0.37761
-0.378503
-0.379231
-0.379856
-0.380418
-0.380936
-0.381415
-0.381862
-0.382254
-0.382575
-0.382825
-0.382954
-0.382951
-0.382797
-0.382462
-0.381928
-0.381163
-0.380145
-0.378842
-0.377267
-0.375419
-0.373337
-0.371069
-0.368701
-0.36638
-0.364243
-0.362482
-0.36129
-0.360837
-0.361284
-0.362701
-0.365078
-0.368305
-0.372213
-0.376559
-0.38111
-0.385619
-0.389851
-0.393626
-0.396774
-0.399144
-0.400644
-0.40117
-0.400663
-0.399098
-0.39654
-0.393123
-0.389114
-0.384872
-0.380819
-0.377398
-0.37497
-0.373797
-0.374025
-0.375612
-0.378403
-0.382059
-0.386151
-0.390187
-0.39371
-0.39635
-0.397886
-0.398228
-0.397416
-0.395552
-0.392798
-0.38931
-0.385218
-0.380599
-0.375544
-0.370138
-0.364634
-0.359418
-0.355052
-0.352158
-0.351179
-0.352278
-0.355277
-0.359675
-0.364876
-0.370303
-0.375519
-0.38028
-0.384469
-0.388066
-0.391122
-0.393714
-0.39593
-0.39786
-0.399609
-0.401268
-0.402889
-0.404484
-0.406
-0.407369
-0.408476
-0.409211
-0.409484
-0.409272
-0.408606
-0.407575
-0.40637
-0.405193
-0.40429
-0.403876
-0.404079
-0.404915
-0.406273
-0.40796
-0.409724
-0.411357
-0.412659
-0.413542
-0.413972
-0.413972
-0.413625
-0.412973
-0.41206
-0.410879
-0.409335
-0.407323
-0.404659
-0.401168
-0.396692
-0.391153
-0.384513
-0.376852
-0.36847
-0.360074
-0.353018
-0.349236
-0.350568
-0.357581
-0.368986
-0.382295
-0.39504
-0.405644
-0.41354
-0.418832
-0.421927
-0.423349
-0.423574
-0.42299
