           0           0           0
    0.064633           0           0
    0.129266           0           0
    0.193899           0           0
    0.258532           0           0
    0.323165           0           0
    0.387798           0           0
    0.452431           0           0
    0.517064           0           0
    0.581697           0           0
     0.64633           0           0
    0.710963           0           0
    0.775596           0           0
     0.84023  0.00137697 0.000480267
    0.904863    0.140904   0.0067528
    0.969496     1.01995   0.0253443
     1.03413     1.94956    0.036018
     1.09876     2.12024   0.0346045
     1.16339     1.93509   0.0289703
     1.22803     1.73934   0.0305482
     1.29266     1.50155   0.0279204
     1.35729     1.37721   0.0221266
     1.42193     1.26171   0.0231173
     1.48656     1.17005   0.0240137
     1.55119     1.14961    0.021656
     1.61583     1.07237   0.0207265
     1.68046     1.04304   0.0177223
     1.74509      1.0484    0.017884
     1.80973     1.02841   0.0179072
     1.87436    0.999633   0.0171162
     1.93899     1.02201   0.0144764
     2.00362      1.0081   0.0137918
     2.06826     1.01499   0.0157253
     2.13289     1.01884     0.01307
     2.19752     1.04428   0.0128706
     2.26216     1.02023   0.0109351
     2.32679      1.0188   0.0119767
     2.39142    0.995618   0.0117965
     2.45606      1.0046   0.0119953
     2.52069    0.984593   0.0112664
     2.58532    0.982544   0.0105826
     2.64995    0.972418   0.0107119
     2.71459    0.965239  0.00908649
     2.77922    0.972799   0.0102737
     2.84385    0.984466   0.0092456
     2.90849    0.990067  0.00933005
     2.97312    0.980752  0.00895796
     3.03775    0.976894  0.00993558
     3.10239    0.984085  0.00958886
     3.16702    0.982157   0.0108359
     3.23165     0.97877   0.0102194
     3.29629    0.967478  0.00964131
     3.36092     0.98624  0.00887753
     3.42555    0.974742  0.00802654
     3.49018    0.971453  0.00741202
     3.55482    0.976942  0.00932138
     3.61945    0.986302  0.00916049
     3.68408    0.986175  0.00840452
     3.74872    0.993838  0.00835516
     3.81335    0.972692  0.00798768
     3.87798    0.972576  0.00754864
     3.94262    0.980741  0.00787334
     4.00725    0.992685  0.00712324
     4.07188    0.986656   0.0072811
     4.13651    0.979853  0.00761326
     4.20115    0.979598  0.00737139
     4.26578    0.985583  0.00756737
     4.33041    0.988796  0.00721262
     4.39505    0.993311  0.00678529
     4.45968    0.982546  0.00710045
     4.52431    0.982199  0.00670263
     4.58895    0.993086  0.00642674
     4.65358    0.996348  0.00622609
     4.71821     1.00111  0.00611119
     4.78285    0.994486  0.00708047
     4.84748     1.00028  0.00684342
     4.91211    0.995745  0.00610641
     4.97674    0.997406   0.0055222
     5.04138    0.998336  0.00570874
     5.10601    0.996859  0.00585474
     5.17064    0.996097  0.00512821
     5.23528     1.00208  0.00592629
     5.29991     1.00159  0.00579805
     5.36454    0.997515   0.0059263
     5.42918    0.989223  0.00582554
     5.49381     0.99166  0.00569811
     5.55844    0.983913  0.00489211
     5.62307    0.996761  0.00560766
     5.68771    0.991462  0.00519512
     5.75234    0.990764  0.00500344
     5.81697    0.986664  0.00465986
     5.88161    0.981246  0.00495138
     5.94624    0.984557  0.00495875
     6.01087    0.993883  0.00451634
     6.07551    0.990252  0.00409507
     6.14014    0.991143  0.00519933
     6.20477    0.989669  0.00421148
      6.2694    0.988926  0.00443774
     6.33404    0.992397  0.00421182
     6.39867    0.985194    0.004181
