1.7964
1.79367
1.79146
1.78919
1.78642
1.78304
1.7792
1.77518
1.77139
1.7684
1.76689
1.76758
1.77087
1.77664
1.78423
1.79271
1.80118
1.80897
1.81571
1.82128
1.82569
1.82903
1.83143
1.83301
1.83391
1.83425
1.83412
1.83364
1.83289
1.83196
1.83092
1.82984
1.82876
1.82771
1.82672
1.82578
1.82489
1.82402
1.82313
1.82213
1.8209
1.81925
1.81689
1.81342
1.80833
1.80099
1.79087
1.77788
1.76294
1.74843
1.73781
1.7339
1.73695
1.74455
1.75337
1.76104
1.76669
1.77049
1.77307
1.77508
1.777
1.77914
1.78163
1.78448
1.78765
1.79103
1.79448
1.79784
1.80096
1.80371
1.80596
1.80764
1.80871
1.80915
1.80897
1.80821
1.80692
1.80514
1.80298
1.80051
1.79784
1.79511
1.79244
1.78998
1.78783
1.78607
1.78474
1.78378
1.78312
1.78262
1.78213
1.78152
1.78068
1.77956
1.77818
1.77663
1.77508
1.77376
1.77291
1.77274
1.77337
1.77481
1.77695
1.77959
1.7825
1.78541
1.78811
1.7904
1.79211
1.79311
1.79323
1.79235
1.79031
1.78703
1.78248
1.77677
1.77022
1.76336
1.75689
1.75158
1.74804
1.74657
1.7471
1.74921
1.75233
1.75585
1.75926
1.76227
1.7648
1.76691
1.76876
1.77051
1.77225
1.77397
1.77559
1.77699
1.77802
1.77858
1.77858
1.77794
1.7766
1.77447
1.77143
1.76732
1.76195
1.75519
1.74701
1.73775
1.72821
1.71975
1.71406
1.71251
1.7155
1.72228
1.7313
1.74097
1.75008
1.75799
1.76446
1.76953
1.7734
1.77626
1.77835
1.77982
1.78081
1.7814
1.78164
1.78152
1.78102
1.78008
1.77864
1.7766
1.77385
1.77031
1.76594
1.7608
1.75508
1.74914
1.74352
1.73873
1.73521
1.73309
1.73219
1.73215
1.73254
1.73306
1.73358
1.73414
1.73488
1.73592
1.73737
1.73922
1.74141
1.74382
1.74628
1.74865
1.75079
1.75257
1.75392
1.75475
1.75504
1.75479
1.75405
1.7529
1.7515
1.75002
1.74867
1.74768
1.74719
1.74731
1.74802
1.74921
1.75069
1.75223
1.75359
1.75455
1.75492
1.75461
1.75353
1.75173
1.74928
1.7464
1.74335
1.74044
1.73796
1.7361
1.73486
1.73412
1.73359
1.73301
1.73216
1.73098
1.72954
1.72806
1.72682
1.72613
1.72621
1.7272
1.72911
1.73181
1.73507
1.73864
1.74225
1.74567
1.74874
1.75135
1.75347
1.7551
1.7563
1.75712
1.75766
1.75801
1.75824
1.75844
1.75867
1.75897
1.75939
1.75994
1.76062
1.76144
1.76238
1.76344
1.76457
1.76577
1.767
1.76823
1.76943
1.77056
1.77161
1.77254
1.77334
1.774
1.77448
1.77478
1.77486
1.77469
1.77421
1.77335
1.77205
1.77023
1.76787
1.76497
1.76163
1.75808
1.75464
1.75169
1.7496
1.74862
1.74875
1.74979
1.75135
1.753
1.75438
1.7552
1.75535
1.75484
1.7538
1.75245
1.75107
1.74996
1.74938
1.74951
1.75041
1.75201
1.75411
1.75642
1.7586
1.76031
1.76126
1.7612
1.76002
1.75775
1.7546
1.75091
1.74718
1.74392
1.74159
1.74052
1.74082
1.74244
1.74515
1.74859
1.75233
1.75592
1.7589
1.7609
1.76166
1.76103
1.75903
1.75584
1.75182
1.74748
1.74344
1.74028
1.7384
1.73785
1.73838
1.73949
1.74062
1.74134
1.74145
1.74101
1.74034
1.73982
1.73986
1.74065
1.7422
1.74428
1.74657
1.74875
1.75059
1.75197
1.75288
1.75339
1.75358
1.75357
1.75344
1.75326
1.75306
1.75285
1.75263
1.75237
1.75206
1.75167
1.75118
1.75057
1.74983
1.74896
1.74795
1.74682
1.74558
1.74425
1.74286
1.74145
1.74006
1.73874
1.73756
1.73656
1.73582
1.73538
1.73528
1.73554
1.73617
1.73713
1.73838
1.73986
1.7415
1.74321
1.74492
1.74654
1.748
1.74923
1.75016
1.75075
1.75093
1.75068
1.75
1.7489
1.74747
1.74588
1.74432
1.74307
1.74237
1.74245
1.74336
1.74506
1.74736
1.75
1.75269
1.75519
1.75732
1.75895
1.76004
1.76059
1.7606
1.76013
1.75926
1.75808
1.75668
1.75519
1.75374
1.75247
1.75149
1.7509
1.75075
1.75104
1.75175
1.75279
1.75408
1.75548
1.75689
1.75819
1.75927
1.76004
1.76041
1.7603
1.75967
1.75849
1.75679
1.75466
1.75232
1.75007
1.74825
1.7472
1.74714
1.74807
1.74978
1.75193
1.75413
1.75604
1.75741
1.75811
1.75805
1.75715
1.75527
1.75218
1.74762
1.74138
1.73359
1.72502
1.71723
1.71234
1.71213
1.71701
1.72572
1.73609
1.7461
1.75449
1.76079
1.76506
1.76759
1.76874
1.76885
1.7682
1.76704
1.76553
1.76379
1.76189
1.75988
1.75775
1.75553
1.75324
1.75097
1.74887
1.74717
1.74609
1.74582
1.74645
1.74793
1.75008
1.75268
1.75546
1.75818
1.76064
1.76269
1.76421
1.76515
1.76551
1.76538
1.76489
1.76423
1.76357
1.76303
1.76264
1.76235
1.76205
1.76164
1.76108
1.76041
1.75979
1.75941
1.75945
1.76002
1.76108
1.76252
1.76408
1.76551
1.76655
1.76696
1.76661
1.76544
1.76349
1.76095
1.75816
1.75553
1.75352
1.75245
1.75246
1.75346
1.75519
1.75732
1.75952
1.76158
1.76335
1.76479
1.76588
1.76662
1.76699
1.76694
1.76643
1.76539
1.76378
1.76162
1.75898
1.75601
1.75291
1.74996
1.74741
1.74547
1.74426
1.74379
1.74396
1.74462
1.7456
1.74675
1.74798
1.74921
1.75044
1.75166
1.75292
1.75429
1.75582
1.75756
1.75952
1.76167
1.76396
1.7663
1.76863
1.77086
1.77296
1.77488
1.7766
1.77813
1.77946
1.78061
1.78157
1.78236
1.78299
1.78346
1.78379
1.784
1.78409
1.78408
1.78398
1.7838
1.78355
1.78322
1.78282
1.78234
1.78176
1.78106
1.78021
1.77919
1.77796
1.7765
1.77479
1.7728
1.77053
1.768
1.76522
1.76225
1.75914
1.75599
1.75293
1.7501
1.74769
1.74589
1.74488
1.74477
1.74558
1.74724
1.74959
1.75243
1.75552
1.75869
1.76181
1.76479
1.76759
1.77021
1.77268
1.77501
1.77725
1.77941
1.78151
1.78357
1.78557
1.78751
1.78939
1.79121
1.79298
1.79471
1.79642
1.79813
1.79984
1.80158
1.80333
1.8051
1.80687
1.80861
1.81031
1.81194
1.81346
1.81487
1.81613
1.81725
1.8182
1.81899
1.81963
1.82014
1.82053
1.82082
1.82106
1.82125
1.82142
1.82158
1.82174
1.82188
1.82197
1.822
1.82195
1.82178
1.82152
1.82116
1.82075
1.82032
1.8199
1.81946
1.81896
1.81827
1.8172
1.81554
1.81307
1.80965
1.80531
1.8003
1.79512
1.79041
1.78681
1.78477
1.78444
1.78571
1.78828
1.79171
1.79547
1.79901
1.80187
1.80379
1.80482
1.80527
1.80561
1.8063
1.80772
1.8101
1.81348
1.81781
1.82291
1.8285
1.83427
1.83989
1.84503
1.84943
1.85286
1.85516
1.85617
1.8558
1.854
1.85079
1.84634
1.84104
1.83548
1.83043
1.82657
1.82431
1.8236
1.82399
1.82485
1.82564
1.82607
1.82608
1.82586
1.82566
1.82577
1.82639
1.82758
1.82932
1.83144
1.83371
1.83585
1.83758
1.83867
1.83897
1.83842
1.83713
1.83533
1.83335
1.83163
1.83056
1.83049
1.83161
1.83392
1.83725
1.84127
1.84559
1.84981
1.85356
1.85655
1.85861
1.85963
1.85963
1.85872
1.85712
1.85513
1.85311
1.85144
1.85041
1.85019
1.8508
1.85212
1.85395
1.85604
1.85822
1.86033
1.86228
1.86403
1.86555
1.86683
1.86785
1.86858
1.86899
1.86899
1.86851
1.86746
1.86582
1.8636
1.86096
1.85822
1.85579
1.85417
1.85372
1.85458
1.85659
1.85931
1.86218
1.86468
1.86636
1.86691
1.86614
1.86394
1.86029
1.85532
1.84934
1.84298
1.83709
1.83269
1.83055
1.8309
1.83331
1.83686
1.84049
1.84328
1.84462
1.84416
1.84181
1.83763
1.83188
1.82499
1.81759
1.81046
1.80442
1.80017
1.79817
1.79853
1.80102
1.80517
1.81034
1.8159
1.82131
1.82617
1.83026
1.83351
1.83596
1.8377
1.83886
1.83955
1.83987
1.8399
1.83973
1.83942
1.839
1.83845
1.83764
1.83637
1.8343
1.83105
1.82636
1.82023
1.81316
1.80632
1.80126
1.79935
1.80102
1.80554
1.81142
1.81722
1.82198
1.82534
1.82736
1.82835
1.82863
1.82851
1.82821
1.82786
1.8275
1.8271
1.82659
1.82588
1.82494
1.82378
1.82249
1.82125
1.82029
1.81981
1.81992
1.82058
1.82154
1.82243
1.82279
1.82219
1.82034
1.81711
1.81266
1.80739
1.80201
1.79742
1.79449
1.79382
1.7955
1.79903
1.80355
1.80802
1.81154
1.81347
1.81344
1.81144
1.80782
1.80333
1.79898
1.79584
1.79463
1.79546
1.79784
1.80098
1.80415
1.80693
1.80924
1.81127
1.81332
1.81571
1.81869
1.82242
1.82691
1.8321
1.83784
1.84392
1.85014
1.8563
1.86224
1.86782
1.87298
1.87764
1.88178
1.88534
1.88827
1.89044
1.89171
1.89185
1.89057
1.88753
1.88244
1.87514
1.86578
1.8549
1.84333
1.83189
1.82105
1.8111
1.803
1.79878
1.8007
1.80926
1.82237
1.83667
1.84935
1.85908
1.86571
1.86973
1.87177
1.87248
1.87236
1.87182
1.87114
1.8705
1.86998
1.86953
1.86903
1.86825
1.86692
1.86477
1.86161
1.85735
1.85213
1.84637
1.84071
1.836
1.83306
1.83247
1.83441
1.83859
1.8444
1.85113
1.85813
1.86486
1.87098
1.8763
1.88071
1.88417
1.88669
1.88827
1.88895
1.8887
1.88753
1.88542
1.88235
1.87835
1.87351
1.86809
1.86247
1.85724
1.853
1.85029
1.84933
1.84998
1.85177
1.85409
1.85637
1.85818
1.85928
1.85957
1.85908
1.85788
1.85609
1.85383
1.85125
1.84848
1.84567
1.84297
1.84049
1.83834
1.83659
1.83527
1.83436
1.83383
1.83361
1.83362
1.8338
1.83407
1.83436
1.83462
1.83481
1.83489
1.83483
1.83463
1.83431
1.83389
1.83344
1.83303
1.83274
1.83263
1.83275
1.83311
1.83368
1.83439
1.83514
1.83582
1.83634
1.83659
1.83651
1.83605
1.83519
1.83395
1.83236
1.8305
1.82848
1.82643
1.82452
1.82294
1.82188
1.82149
1.82188
1.82304
1.82488
1.82723
1.82985
1.8325
1.83494
1.83697
1.83843
1.83918
1.83914
1.83827
1.83657
1.83415
1.83121
1.8281
1.82523
1.8231
1.82214
1.82263
1.82463
1.82793
1.83214
1.83677
1.84135
1.84547
1.84887
1.85141
1.85305
1.85382
1.85382
1.85314
1.85188
1.85012
1.84792
1.84532
1.84238
1.83919
1.8359
1.83274
1.82996
1.82779
1.82639
1.8258
1.82589
1.82644
1.82714
1.82774
1.82804
1.82798
1.82761
1.82709
1.82662
1.82643
1.8267
1.82758
1.82914
1.83135
1.83408
1.83712
1.8402
1.84303
1.84532
1.84684
1.84741
1.847
1.84568
1.84363
1.84114
1.83851
1.83605
1.83404
1.83276
1.83247
1.83342
1.83579
1.83953
1.84433
1.8496
1.85466
1.85886
1.86174
1.86305
1.86275
1.86093
1.85781
1.85366
1.84878
1.84348
1.83806
1.83278
1.82787
1.82355
1.82002
1.81744
1.81594
1.81561
1.81643
1.81823
1.82079
1.82379
1.82689
1.8298
1.8323
1.83424
1.83552
1.83608
1.83591
1.83496
1.83323
1.83071
1.82742
1.82336
1.81855
1.81298
1.80663
1.79952
1.79177
1.78369
1.77585
1.76899
1.76385
1.76095
1.76045
1.76213
1.76545
1.76975
1.77438
1.77876
1.78251
1.78544
1.78756
1.78908
1.79031
1.79164
1.79343
1.79595
1.79934
1.80356
1.8084
1.81354
1.81862
1.82327
1.82721
1.83026
1.83232
1.8334
1.83358
1.83297
1.83172
1.82998
1.82788
1.82557
1.82314
1.82066
1.81818
1.8157
1.8132
1.81062
1.80786
1.80482
1.80139
1.7975
1.79315
1.78842
1.78352
1.77875
1.77451
1.7712
1.76922
1.76878
1.76994
1.77254
1.77629
1.7808
1.78569
1.7906
1.79526
1.79941
1.80291
1.80565
1.80758
1.80869
1.809
1.80858
1.80749
1.80582
1.80366
1.8011
1.79826
1.79524
1.79218
1.78919
1.7864
1.78394
1.78192
1.78043
1.77955
1.77931
1.77974
1.78079
1.78242
1.78455
1.78709
1.78992
1.79296
1.79609
1.79923
1.80232
1.80529
1.80811
1.81076
1.81321
1.81546
1.81752
1.81938
1.82106
1.82256
1.82388
1.82501
1.82596
1.8267
1.82722
1.82747
1.82743
1.82704
1.82625
1.82502
1.82331
1.8211
1.81842
1.81531
1.8119
1.80836
1.80492
1.80185
1.79942
1.79787
1.79737
1.79801
1.79971
1.80233
1.80561
1.80925
1.81295
1.81643
1.81946
1.82183
1.82341
1.82409
1.82384
1.82269
1.82077
1.81828
1.81545
1.81246
1.80941
1.80628
1.80308
1.7999
1.79704
1.79491
1.79394
1.79441
1.79637
1.79967
1.80406
1.80926
1.815
1.82104
1.82713
1.83303
1.83854
1.84348
1.84772
1.85118
1.85383
1.85568
1.85677
1.85717
1.85699
1.85632
1.85529
1.85401
1.85259
1.8511
1.84958
1.84806
1.84649
1.84484
1.84304
1.84105
1.83883
1.83637
1.83371
1.83092
1.8281
1.82537
1.82284
1.8206
1.81869
1.81711
1.81578
1.81454
1.81315
1.81134
1.80878
1.80528
1.80086
1.79597
1.79159
1.78901
1.78941
1.79323
1.79991
1.80819
1.81669
1.82436
1.83063
1.83533
1.83851
1.84034
1.84098
1.84057
1.83918
1.83688
1.83368
1.82956
1.82451
1.81857
1.81186
1.80465
1.79741
1.79081
1.78559
1.78235
1.78137
1.7825
1.78524
1.789
1.79323
1.79757
1.80181
1.80589
1.80985
1.81373
1.81755
1.82125
1.82469
1.82767
1.82998
1.83141
1.83184
1.83121
1.82956
1.82703
1.82383
1.82026
1.81667
1.8134
1.81081
1.80912
1.80849
1.8089
1.81023
1.81223
1.81458
1.81695
1.819
1.82043
1.82101
1.82056
1.81901
1.81643
1.81303
1.80918
1.80534
1.80202
1.79961
1.79823
1.79778
1.79792
1.79823
1.79838
1.79823
1.79787
1.79759
1.7978
1.79889
1.8011
1.80449
1.80885
1.81387
1.8191
1.82415
1.82868
1.83244
1.8353
1.83723
1.83824
1.83841
1.83783
1.83663
1.83492
1.83284
1.83051
1.82808
1.82567
1.82341
1.82142
1.81982
1.8187
1.81815
1.81827
1.8191
1.82063
1.8228
1.8255
1.82852
1.83166
1.83469
1.83742
1.83965
1.84122
1.842
1.84185
1.84066
1.83831
1.83475
1.82997
1.82404
1.81717
1.80962
1.80179
1.79406
1.78681
1.7804
1.77518
1.77146
1.76952
1.76957
1.77168
1.7758
1.78174
1.78921
1.79776
1.80688
1.81606
1.82482
1.83276
1.83962
1.84524
1.84952
1.85241
1.85392
1.85403
1.85275
1.8501
1.84613
1.84094
1.83477
1.82795
1.821
1.81461
1.80954
1.80649
1.80596
1.80807
1.81256
1.81881
1.82606
1.83353
1.8406
1.84685
1.85204
1.8561
1.85904
1.86094
1.86188
1.86194
1.86114
1.85951
1.85702
1.85365
1.84939
1.8443
1.83854
1.83244
1.8265
1.82132
1.81749
1.81539
1.8151
1.81639
1.81881
1.82187
1.82514
1.82831
1.8312
1.83369
1.83572
1.83722
1.83816
1.83849
1.83819
1.83725
1.83574
1.83379
1.83163
1.82953
1.82784
1.82685
1.82677
1.82764
1.82937
1.83171
1.83439
1.83714
1.83972
1.84199
1.84387
1.84534
1.84642
1.84717
1.84765
1.84793
1.84806
1.84805
1.84788
1.8475
1.84676
1.84552
1.84359
1.84078
1.83698
1.83221
1.82673
1.82109
1.81615
1.81285
1.81192
1.81355
1.81732
1.82241
1.82792
1.83314
1.83765
1.84129
1.84409
1.84613
1.84753
1.84841
1.84884
1.84888
1.84853
1.84779
1.84663
1.84498
1.84277
1.83992
1.83636
1.83204
1.82697
1.82127
1.81515
1.80899
1.80325
1.79845
1.79497
1.79297
1.79225
1.79227
1.79227
1.79139
1.789
1.78491
1.77958
1.77405
1.76952
1.76682
1.76608
1.76708
1.76979
1.77454
1.78161
1.79061
1.80047
1.80985
1.81769
1.82341
1.82691
1.82833
1.82791
1.8259
1.82251
1.81791
1.81228
1.80588
1.79909
1.79246
1.78666
1.78241
1.78023
1.78028
1.78219
1.78513
1.78793
1.78931
1.78814
1.78368
1.77598
1.76643
1.75786
1.75374
1.75626
1.76483
1.77663
1.78853
1.79849
1.80583
1.81072
1.81365
1.81519
1.81578
1.81578
1.81541
1.81483
1.81414
1.81338
1.81259
1.81178
1.81096
1.81015
1.80938
1.80868
1.80804
1.80743
1.80668
1.80545
1.80323
1.79934
1.79313
1.78449
1.77442
1.76554
1.76145
1.76469
1.77485
1.78878
1.80282
1.81451
1.82298
1.82839
1.8313
1.83234
1.83205
1.83086
1.82913
1.82718
1.8253
1.82378
1.82286
1.82269
1.82327
1.82442
1.82579
1.82693
1.82748
1.82726
1.82647
1.82565
1.82547
1.82642
1.8286
1.83165
1.83504
1.83836
1.84139
1.84412
1.84661
1.84893
1.85123
1.85371
1.85664
1.86026
1.86463
1.86961
1.8748
1.87961
1.88337
1.88539
1.88504
1.88187
1.87567
1.86663
1.85546
1.8435
1.83264
1.82514
1.82287
1.82651
1.83492
1.84573
1.85643
1.86528
1.87146
1.87482
1.87561
1.8743
1.87159
1.86836
1.86555
1.86391
1.86379
1.86508
1.86734
1.87004
1.87277
1.87531
1.87758
1.87963
1.88151
1.88332
1.88509
1.88682
1.8885
1.89005
1.89139
1.8924
1.89301
1.89312
1.89269
1.89173
1.89031
1.88854
1.88662
1.88479
1.88329
1.88236
1.88215
1.8827
1.88395
1.88574
1.88785
1.89007
1.89219
1.89406
1.89554
1.89656
1.89704
1.89694
1.89623
1.89492
1.89301
1.89056
1.88765
1.88439
1.88091
1.87731
1.87369
1.8701
1.86659
1.86321
1.86005
1.85728
1.85515
1.85398
1.85401
1.85533
1.85777
1.86093
1.86429
1.86738
1.86987
1.87159
1.87251
1.87274
1.87238
1.87161
1.87058
1.86944
1.86836
1.86747
1.86688
1.86666
1.86685
1.86742
1.86833
1.86949
1.87085
1.87232
1.87385
1.8754
1.87692
1.87835
1.87966
1.88078
1.88163
1.88213
1.8822
1.88173
1.88061
1.87873
1.87598
1.87228
1.86759
1.86196
1.85559
1.8489
1.84249
1.8371
1.83344
1.83193
1.83259
1.83503
1.83863
1.84274
1.84687
1.85066
1.85394
1.85662
1.85864
1.85997
1.86054
1.86031
1.85921
1.8572
1.85431
1.85061
1.84628
1.84161
1.837
1.83292
1.82988
1.82834
1.82859
1.83074
1.83461
1.83983
1.84585
1.85208
1.85799
1.86314
1.86725
1.87014
1.8718
1.87228
1.87172
1.8703
1.86822
1.86569
1.86288
1.85991
1.85682
1.85357
1.85008
1.8462
1.84179
1.83673
1.83092
1.82433
1.81702
1.80921
1.80141
1.79447
1.78951
1.78759
1.78922
1.7941
1.80122
1.80935
1.81745
1.8249
1.83146
1.83713
1.84203
1.84628
1.85001
1.85328
1.85614
1.8586
1.86066
1.8623
1.86351
1.86425
1.86449
1.86421
1.86337
1.86196
1.86
1.85753
1.85464
1.8515
1.84834
1.8454
1.84296
1.84123
1.84033
1.84025
1.8409
1.84207
1.84352
1.845
1.84629
1.84715
1.8474
1.84693
1.84571
1.84388
1.84172
1.83964
1.83805
1.83718
1.83698
1.83713
1.83724
1.83713
1.83703
1.83756
1.83947
1.8432
1.84864
1.8551
1.8617
1.86764
1.8724
1.87576
1.87773
1.87845
1.87808
1.87681
1.87475
1.87198
1.8685
1.86425
1.85913
1.85301
1.84582
1.83761
1.82865
1.81949
1.81094
1.804
1.79956
1.79817
1.79983
1.80399
1.80973
1.81605
1.8221
1.82733
1.83146
1.8345
1.8366
1.83797
1.8388
1.83921
1.83926
1.83894
1.83823
1.83715
1.83577
1.8342
1.83257
1.83102
1.82963
1.82846
1.8275
1.82673
1.82614
1.82573
1.82553
1.82555
1.82584
1.82639
1.8272
1.82821
1.82937
1.83059
1.83178
1.83287
1.83378
1.83447
1.83491
1.83509
1.83501
1.83471
1.83422
1.83359
1.83285
1.83202
1.83111
1.83008
1.82884
1.82729
1.82531
1.82278
1.81959
1.81572
1.81122
1.80624
1.80103
1.7959
1.79122
1.78729
1.78435
1.78255
1.78191
1.78227
1.78332
1.78461
1.78568
1.78627
1.78652
1.78695
1.78835
1.79136
1.79611
1.80215
1.80864
1.81475
1.81988
1.82376
1.82635
1.82779
1.82827
1.828
1.82716
1.8259
1.82435
1.82262
1.82077
1.81888
1.817
1.81517
1.81339
1.81167
1.80998
1.80826
1.80645
1.80446
1.8022
1.79962
1.79669
1.79345
1.79002
1.78659
1.78348
1.78103
1.77958
1.77936
1.78044
1.78271
1.78589
1.78963
1.79357
1.79746
1.80112
1.8045
1.80759
1.81041
1.81301
1.81539
1.81752
1.81936
1.82084
1.82191
1.82249
1.82258
1.82217
1.82131
1.8201
1.81869
1.81726
1.81602
1.81516
1.81482
1.81508
1.81589
1.81712
1.81855
1.81991
1.82094
1.82146
1.82135
1.82068
1.81966
1.81867
1.81818
1.81862
1.82029
1.82322
1.8272
1.83183
1.83667
1.84133
1.84556
1.8492
1.85222
1.85465
1.85656
1.85804
1.85919
1.86011
1.86088
1.86158
1.86225
1.86293
1.86362
1.86433
1.86501
1.86563
1.86614
1.86647
1.86658
1.86641
1.86596
1.86525
1.86435
1.86343
1.86268
1.8623
1.86243
1.86304
1.8639
1.86459
1.86463
1.86364
1.86155
1.85871
1.85591
1.85414
1.85414
1.85612
1.85963
1.86386
1.86797
1.87142
1.87398
1.87572
1.87683
1.87753
1.87797
1.87818
1.8781
1.87759
1.87661
1.87524
1.87379
1.87273
1.87261
1.87381
1.87637
1.87993
1.88383
1.88731
1.88964
1.89023
1.88863
1.88457
1.87799
1.8692
1.85902
1.84877
1.84006
1.83427
1.83212
1.83352
1.83784
1.84411
1.85117
1.85778
1.86284
1.86545
1.86509
1.86161
1.8554
1.84753
1.83984
1.83467
1.83404
1.83862
1.84741
1.85837
1.86944
1.87923
1.88709
1.89289
1.89677
1.89897
1.89975
1.89929
1.89777
1.89529
1.89193
1.88772
1.88265
1.87671
1.8699
1.86234
1.85429
1.84625
1.83894
1.83314
1.82955
1.82853
1.82998
1.83343
1.83821
1.84365
1.8492
1.85443
1.85904
1.86283
1.86562
1.86732
1.86784
1.86715
1.86529
1.86231
1.85833
1.8535
1.84799
1.84203
1.83596
1.83029
1.82574
1.82313
1.82312
1.82587
1.83089
1.83724
1.84389
1.84999
1.85505
1.85889
1.86154
1.86315
1.86386
1.86382
1.8631
1.86173
1.85969
1.85693
1.85342
1.84919
1.8444
1.83934
1.83442
1.83004
1.82643
1.82362
1.82137
1.81939
1.81743
1.81546
1.81361
1.81209
1.81106
1.81059
1.81058
1.81082
1.81107
1.81105
1.81048
1.80912
1.80679
1.80351
1.79959
1.79572
1.79287
1.79197
1.79355
1.79746
1.80295
1.80903
1.81482
1.81972
1.82344
1.82586
1.82696
1.82673
1.82516
1.8223
1.81823
1.81319
1.80753
1.80177
1.79649
1.79218
1.78916
1.78749
1.78699
1.7873
1.78798
1.78858
1.78866
1.78788
1.78606
1.78325
1.77975
1.77613
1.77307
1.77124
1.77099
1.7723
1.77481
1.77799
1.78131
1.78436
1.78694
1.78896
1.79047
1.79158
1.79241
1.79311
1.79375
1.79439
1.79502
1.79561
1.79606
1.79631
1.79628
1.79594
1.79527
1.79428
1.79302
1.79152
1.78985
1.78805
1.78617
1.78425
1.78232
1.7804
1.77852
1.77669
1.77493
1.77327
1.77174
1.77038
1.76923
1.76835
1.76779
1.76758
1.76772
1.76819
1.76891
1.76978
1.77071
1.77162
1.77247
1.77327
1.77409
1.775
1.77608
1.77737
1.77884
1.78042
1.78201
1.78349
1.78473
1.78565
1.78621
1.78639
1.78622
1.78573
1.78499
1.78409
1.7831
1.78212
1.78124
1.78055
1.78012
1.77996
1.78007
1.78035
1.78064
1.7807
1.78026
1.77905
1.77692
1.77396
1.77057
1.76757
1.76597
1.76661
1.76981
1.77514
1.78165
1.78827
1.79414
1.79874
1.80188
1.80356
1.80387
1.80295
1.80095
1.79801
1.79429
1.78997
1.78523
1.78031
1.77541
1.77076
1.76652
1.76288
1.75996
1.75792
1.7569
1.75705
1.75845
1.7611
1.76488
1.76954
1.77477
1.78022
1.78559
1.79063
1.79516
1.79909
1.80237
1.80503
1.80709
1.80861
1.80963
1.81023
1.81044
1.81034
1.80996
1.80939
1.80869
1.80796
1.80731
1.80683
1.80664
1.8068
1.80736
1.80831
1.8096
1.81115
1.81285
1.81457
1.81622
1.81769
1.81892
1.81987
1.82051
1.82085
1.82091
1.82074
1.82038
1.81991
1.81935
1.81872
1.818
1.8171
1.81591
1.81427
1.81199
1.8089
1.80484
1.79975
1.79366
1.78687
1.77999
1.77399
1.76982
1.76795
1.76793
1.76864
1.76908
1.76919
1.76996
1.77283
1.77859
1.78682
1.7962
1.80531
1.81322
1.81961
1.82452
1.82817
1.83075
1.83237
1.83305
1.83276
1.83145
1.82908
1.82569
1.82143
1.81667
1.81203
1.80833
1.80643
1.8069
1.80982
1.81472
1.82078
1.82713
1.83306
1.83812
1.8421
1.84492
1.84656
1.84706
1.84642
1.84464
1.8417
1.8376
1.83239
1.82622
1.81939
1.81234
1.80571
1.80016
1.79629
1.79447
1.79468
1.79663
1.79978
1.80354
1.80738
1.8109
1.81388
1.81623
1.81802
1.81937
1.82043
1.82132
1.82206
1.82255
1.82259
1.82187
1.82007
1.8169
1.81223
1.80613
1.79906
1.79179
1.78539
1.78094
1.77917
1.78022
1.78365
1.78865
1.79431
1.79984
1.80469
1.8085
1.81108
1.81242
1.81258
1.81175
1.81016
1.80811
1.80591
1.80386
1.80222
1.80117
1.80085
1.80129
1.80247
1.80429
1.8066
1.80922
1.81198
1.81471
1.81728
1.81964
1.82176
1.82366
1.82541
1.82707
1.82871
1.83033
1.83192
1.8334
1.83464
1.8355
1.8358
1.83543
1.83431
1.83249
1.83016
1.82764
1.82537
1.8238
1.82326
1.82386
1.82545
1.82766
1.83007
1.83229
1.83402
1.83511
1.83551
1.83525
1.83443
1.83317
1.83163
1.82996
1.82832
1.82687
1.82571
1.82485
1.82423
1.82367
1.82294
1.82185
1.82033
1.81851
1.81674
1.81542
1.8149
1.81528
1.81636
1.81774
1.81896
1.81968
1.81973
1.81913
1.81807
1.81683
1.81575
1.81521
1.81551
1.81687
1.81931
1.8227
1.82673
1.83102
1.83518
1.83889
1.84194
1.84419
1.84558
1.84609
1.84572
1.84452
1.84252
1.83984
1.83665
1.83318
1.82972
1.8266
1.82407
1.82228
1.82124
1.82085
1.82088
1.82108
1.82121
1.82106
1.82057
1.81978
1.8189
1.81822
1.81811
1.81893
1.8209
1.82407
1.82831
1.83333
1.8388
1.84437
1.84976
1.85478
1.85931
1.8633
1.86673
1.86958
1.87185
1.87352
1.87456
1.87495
1.87465
1.87366
1.87199
1.86969
1.86687
1.86367
1.86025
1.85678
1.85343
1.85035
1.84772
1.84567
1.84436
1.84386
1.84416
1.84507
1.84626
1.84724
1.84746
1.84627
1.84297
1.83683
1.8272
1.8138
1.79743
1.78087
1.76892
1.76636
1.77459
1.79042
1.8087
1.82546
1.83903
1.84938
1.85711
1.8629
1.86725
1.87046
1.87263
1.87379
1.87388
1.87282
1.87045
1.86658
1.86101
1.85353
1.84411
1.833
1.82099
1.80941
1.8
1.7942
1.79248
1.79406
1.7974
1.80093
1.80358
1.80501
1.80538
1.80518
1.805
1.80535
1.80657
1.80874
1.81175
1.81532
1.81909
1.82271
1.82586
1.82833
1.82999
1.83079
1.83074
1.82989
1.82832
1.82614
1.8235
1.82058
1.81763
1.81494
1.81282
1.81155
1.8113
1.81207
1.81367
1.81579
1.81803
1.82001
1.82143
1.82205
1.8217
1.82026
1.81759
1.81357
1.80804
1.80094
1.79247
1.78327
1.77465
1.76835
1.76602
1.7684
1.77487
1.78383
1.79349
1.8025
1.81013
1.81615
1.82064
1.8238
1.82586
1.82704
1.82752
1.82743
1.82688
1.82595
1.82468
1.82314
1.82135
1.81939
1.81731
1.81522
1.81322
1.81144
1.81001
1.80902
1.80853
1.80851
1.80885
1.8093
1.80947
1.80882
1.80664
1.80214
1.79458
1.7835
1.76919
1.75306
1.7378
1.7269
1.72335
1.72821
1.74009
1.75585
1.7721
1.78637
1.79759
1.80568
1.81117
1.81474
1.81705
1.81857
1.81966
1.82054
1.82133
1.82212
1.82289
1.82362
1.82421
1.82455
1.82447
1.82378
1.82225
1.81968
1.81587
1.81077
1.80452
1.79764
1.79106
1.78591
1.78319
1.78326
1.78571
1.78959
1.79398
1.79837
1.80273
1.8073
1.81227
1.81756
1.82286
1.82772
1.83173
1.83468
1.83654
1.83747
1.83778
1.83784
1.838
1.83855
1.83963
1.84124
1.84325
1.84552
1.84787
1.85019
1.85246
1.85469
1.85696
1.85935
1.86194
1.86476
1.86781
1.87102
1.87432
1.87758
1.88066
1.88345
1.88583
1.88771
1.88904
1.88978
1.88996
1.88963
1.88887
1.8878
1.88658
1.88536
1.88429
1.88351
1.88306
1.88285
1.88259
1.88178
1.87974
1.8757
1.86891
1.85887
1.84538
1.82877
1.80997
1.79085
1.77437
1.76425
1.76334
1.77146
1.78506
1.79941
1.81121
1.8196
1.82561
1.83102
1.83734
1.84517
1.85422
1.86366
1.87257
1.88024
1.88631
1.89069
1.89349
1.89494
1.89529
1.89479
1.89365
1.89205
1.8901
1.88788
1.88545
1.88282
1.88003
1.87708
1.87404
1.87094
1.86787
1.8649
1.86211
1.85953
1.85719
1.85509
1.85319
1.85143
1.84976
1.84809
1.84636
1.84446
1.84228
1.83967
1.83647
1.83256
1.82788
1.82252
1.81684
1.81152
1.80746
1.8056
1.80651
1.81019
1.816
1.82293
1.82996
1.83631
1.8415
1.84533
1.8478
1.849
1.84908
1.84822
1.84663
1.84453
1.84215
1.83972
1.83744
1.83551
1.83404
1.83309
1.83266
1.83267
1.83299
1.83343
1.8338
1.83386
1.83341
1.8322
1.83
1.82661
1.82187
1.8158
1.80866
1.80101
1.79364
1.78742
1.78299
1.7806
1.78011
1.7812
1.78357
1.78707
1.79165
1.79728
1.80378
1.81079
1.81787
1.82452
1.83037
1.83512
1.83861
1.84079
1.84166
1.84128
1.83975
1.83723
1.83394
1.83017
1.8263
1.82274
1.81986
1.81798
1.81723
1.81757
1.81881
1.82064
1.82278
1.82497
1.82699
1.82873
1.8301
1.83104
1.83155
1.83162
1.83127
1.83057
1.82957
1.82837
1.82708
1.8258
1.82462
1.82365
1.82295
1.8226
1.82261
1.82301
1.82377
1.82487
1.82624
1.82782
1.82953
1.83129
1.83303
1.83467
1.83614
1.83741
1.83841
1.83911
1.83947
1.83948
1.83913
1.83842
1.83736
1.83601
1.83442
1.83268
1.8309
1.82918
1.82765
1.82639
1.82546
1.82487
1.82458
1.82453
1.82461
1.82475
1.82485
1.82488
1.82482
1.8247
1.82456
1.82444
1.82441
1.8245
1.82473
1.82512
1.82562
1.82621
1.82684
1.82744
1.82796
1.82837
1.82865
1.82878
1.82878
1.82867
1.82845
1.82815
1.82778
1.82733
1.82683
1.82627
1.82568
1.8251
1.82455
1.82408
1.82373
1.82354
1.82353
1.82371
1.8241
1.82466
1.82539
1.82625
1.82719
1.82817
1.82912
1.82998
1.83067
1.83112
1.83125
1.83099
1.83026
1.82902
1.82726
1.82503
1.82244
1.81971
1.81713
1.81502
1.81369
1.81335
1.81402
1.81557
1.81772
1.82013
1.82253
1.8247
1.82652
1.82797
1.82907
1.82988
1.83046
1.83081
1.83095
1.83081
1.83036
1.82953
1.82832
1.82675
1.82494
1.82307
1.82135
1.81998
1.81909
1.81867
1.81859
1.81859
1.8184
1.81776
1.81649
1.81456
1.81203
1.8091
1.80606
1.80326
1.80107
1.79983
1.79978
1.801
1.80338
1.80665
1.81044
1.81435
1.81803
1.82119
1.82359
1.82504
1.82535
1.82435
1.82186
1.81775
1.81205
1.8051
1.7977
1.79111
1.78681
1.78587
1.78844
1.79368
1.8002
1.80668
1.81224
1.8165
1.81943
1.82119
1.82202
1.82215
1.82178
1.82106
1.82014
1.81909
1.81802
1.81697
1.81599
1.81511
1.81436
1.81374
1.81325
1.81289
1.81262
1.81242
1.81223
1.81201
1.81171
1.81125
1.81056
1.8096
1.80832
1.80669
1.80476
1.80261
1.80041
1.79842
1.7969
1.79611
1.79621
1.79721
1.79895
1.80114
1.80341
1.80544
1.80695
1.80781
1.80799
1.80763
1.80695
1.80628
1.80596
1.80628
1.8074
1.80935
1.812
1.81513
1.8185
1.82188
1.82509
1.82802
1.83059
1.83278
1.8346
1.83605
1.83719
1.83805
1.83867
1.83909
1.83931
1.83933
1.83916
1.83876
1.83813
1.83731
1.83638
1.83547
1.83478
1.8345
1.83481
1.83582
1.83755
1.83991
1.84273
1.84581
1.84894
1.85195
1.85472
1.85717
1.85928
1.86109
1.86264
1.86398
1.86511
1.86594
1.86632
1.86604
1.86485
1.86253
1.85892
1.85403
1.84803
1.84138
1.83475
1.82899
1.82499
1.82341
1.82454
1.82809
1.83332
1.83918
1.84467
1.84896
1.85154
1.85213
1.85069
1.84733
1.84238
1.8364
1.83021
1.82476
1.82087
1.81898
1.81899
1.82035
1.82233
1.82431
1.826
1.82754
1.82937
1.8321
1.83622
1.8419
1.8489
1.85655
1.86407
1.87069
1.87587
1.87933
1.88099
1.88092
1.87933
1.87645
1.87254
1.8679
1.86279
1.85747
1.85217
1.84704
1.84219
1.83762
1.83334
1.82927
1.82541
1.82176
1.81844
1.81565
1.81368
1.81285
1.81341
1.81549
1.81893
1.82334
1.82808
1.83235
1.83529
1.83608
1.83407
1.82893
1.82088
1.81087
1.80066
1.79252
1.78843
1.78926
1.79444
1.80252
1.81188
1.82124
1.82985
1.83733
1.84355
1.84853
1.85241
1.85531
1.8574
1.85882
1.85971
1.86015
1.8602
1.85987
1.85915
1.85798
1.85625
1.85387
1.85077
1.84692
1.84244
1.83758
1.83271
1.8281
1.82372
1.81899
1.81279
1.80391
1.79198
1.77874
1.76851
1.76644
1.77476
1.79078
1.80925
1.82588
1.83874
1.84766
1.85327
1.85634
1.85752
1.85729
1.85598
1.85383
1.85102
1.84769
1.84403
1.84027
1.83673
1.83383
1.83203
1.83172
1.83316
1.83635
1.84102
1.84669
1.85282
1.85886
1.86438
1.86906
1.87268
1.87511
1.87626
1.87605
1.8744
1.87123
1.8665
1.86021
1.8525
1.84362
1.83403
1.82439
1.81549
1.80822
1.80336
1.80141
1.80249
1.80629
1.81221
1.8195
1.8274
1.83526
1.84254
1.84884
1.85394
1.85769
1.86011
1.86127
1.86133
1.86046
1.85885
1.85666
1.85405
1.85112
1.84795
1.84457
1.84102
1.83733
1.83352
1.82969
1.82597
1.82256
1.81975
1.8179
1.81738
1.81843
1.82107
1.825
1.82972
1.83463
1.83922
1.84309
1.84604
1.84797
1.84891
1.84891
1.84801
1.84627
1.84372
1.84038
1.83625
1.83136
1.82578
1.81969
1.81333
1.80711
1.80149
1.79698
1.79397
1.79266
1.793
1.79468
1.79728
1.80035
1.80353
1.80655
1.80929
1.81171
1.81386
1.81579
1.81754
1.81916
1.82065
1.82199
1.82314
1.82402
1.82458
1.82473
1.82437
1.82341
1.82173
1.81923
1.81583
1.81153
1.8064
1.80069
1.79482
1.78937
1.78499
1.78227
1.78153
1.78271
1.78543
1.7891
1.79307
1.79681
1.79993
1.80226
1.80375
1.80446
1.80451
1.80403
1.80309
1.80171
1.79983
1.79735
1.79425
1.79064
1.78696
1.78391
1.7823
1.78269
1.78512
1.78905
1.79363
1.79804
1.80173
1.80446
1.80628
1.80736
1.80792
1.80814
1.80817
1.80807
1.80787
1.8076
1.80732
1.80709
1.80706
1.80737
1.80813
1.80939
1.81111
1.81313
1.81526
1.81728
1.81901
1.82035
1.82129
1.82186
1.82219
1.82243
1.82271
1.82316
1.82388
1.82489
1.8262
1.82775
1.82944
1.83118
1.83284
1.83432
1.83553
1.83643
1.837
1.83727
1.83727
1.83708
1.83674
1.83631
1.83583
1.83532
1.83482
1.83436
1.83397
1.83371
1.83365
1.8339
1.83455
1.8357
1.83738
1.83955
1.84209
1.84483
1.84756
1.85008
1.85217
1.85367
1.85442
1.85432
1.85338
1.85173
1.84967
1.8477
1.84641
1.84642
1.84813
1.85166
1.85678
1.863
1.86973
1.87639
1.88254
1.88786
1.89218
1.8954
1.89751
1.89853
1.8985
1.89748
1.89553
1.89279
1.88942
1.88569
1.88195
1.87863
1.87611
1.8747
1.87445
1.87521
1.87663
1.87829
1.87982
1.881
1.88186
1.88264
1.88371
1.88538
1.88778
1.89072
1.8937
1.89611
1.89737
1.89702
1.89487
1.89097
1.88556
1.87903
1.8718
1.86426
1.85681
1.85003
1.84489
1.84269
1.84463
1.85122
1.86184
1.87492
1.88853
1.901
1.91123
1.91879
1.92365
1.92606
1.92636
1.92491
1.92202
1.91803
1.9132
1.90786
1.90234
1.89699
1.89219
1.88826
1.8854
1.88369
1.88307
1.88337
1.8844
1.88599
1.88798
1.89028
1.89277
1.89534
1.89784
1.90012
1.90202
1.90335
1.90395
1.90364
1.90228
1.89979
1.89619
1.89164
1.88644
1.88108
1.87611
1.87211
1.86959
1.86886
1.87005
1.87299
1.87732
1.8825
1.88796
1.8932
1.89785
1.9017
1.90466
1.90675
1.90804
1.90863
1.9086
1.90804
1.907
1.90557
1.90387
1.90212
1.90062
1.89977
1.89995
1.90136
1.90398
1.90754
1.91159
1.91563
1.91922
1.92207
1.92396
1.9248
1.92455
1.9232
1.92076
1.91729
1.91286
1.90759
1.90164
1.89524
1.88861
1.882
1.87562
1.86974
1.86463
1.86063
1.85805
1.85711
1.85779
1.8598
1.86263
1.86571
1.86863
1.87122
1.87349
1.87558
1.87762
1.87968
1.88176
1.88385
1.88592
1.88791
1.88973
1.89124
1.89225
1.89261
1.89221
1.89108
1.88938
1.88741
1.88553
1.8841
1.88337
1.88346
1.88428
1.88562
1.88721
1.88877
1.89005
1.89083
1.89096
1.89026
1.88858
1.88579
1.88179
1.87664
1.87064
1.86446
1.85911
1.85576
1.85525
1.85775
1.86262
1.8687
1.8748
1.87996
1.88357
1.8853
1.88497
1.88241
1.8775
1.87014
1.86044
1.84888
1.83653
1.82499
1.81609
1.81113
1.8104
1.81314
1.81806
1.82397
1.83005
1.83588
1.84131
1.84631
1.85089
1.85506
1.85879
1.86206
1.86482
1.86707
1.86881
1.87006
1.87086
1.87126
1.87131
1.87106
1.87056
1.86984
1.86892
1.86781
1.8665
1.86497
1.86319
1.86109
1.85861
1.85571
1.85233
1.84847
1.84423
1.83979
1.83548
1.83172
1.82896
1.82756
1.82765
1.8291
1.83157
1.83459
1.83773
1.84065
1.84315
1.84512
1.84656
1.84752
1.84806
1.84827
1.84822
1.84797
1.84759
1.8471
1.84653
1.8459
1.8452
1.8444
1.84349
1.84244
1.84125
1.8399
1.83844
1.83693
1.83544
1.83409
1.83295
1.83209
1.83149
1.83106
1.83062
1.82999
1.82902
1.82771
1.82624
1.82497
1.82425
1.82425
1.82479
1.82525
1.82478
1.82253
1.81803
1.81161
1.80472
1.79972
1.799
1.80366
1.81279
1.82413
1.83539
1.84504
1.85247
1.85766
1.86085
1.86229
1.86219
1.86064
1.85763
1.85311
1.84702
1.83936
1.83028
1.82018
1.80972
1.79983
1.7915
1.78551
1.78216
1.78119
1.78187
1.78329
1.78468
1.78549
1.78551
1.78475
1.78336
1.78159
1.77976
1.77833
1.77786
1.77889
1.78177
1.78643
1.79232
1.79861
1.8045
1.80943
1.81324
1.81607
1.81827
1.82019
1.82207
1.82398
1.82583
1.82743
1.82862
1.82922
1.82916
1.82839
1.82693
1.82481
1.82208
1.81878
1.81499
1.81078
1.80625
1.80152
1.79676
1.79214
1.78789
1.78421
1.78127
1.77921
1.77808
1.77787
1.77849
1.77983
1.78174
1.78408
1.78671
1.78951
1.79236
1.79516
1.7978
1.80022
1.80235
1.80413
1.80555
1.80658
1.80723
1.80751
1.80743
1.80705
1.80641
1.80559
1.80468
1.80377
1.80296
1.80237
1.80207
1.8021
1.80247
1.80312
1.80397
1.80489
1.80575
1.80644
1.80685
1.80694
1.80668
1.80611
1.80527
1.80423
1.80301
1.80162
1.80001
1.79808
1.79577
1.79301
1.78986
1.78645
1.78303
1.7799
1.77735
1.77559
1.77463
1.77434
1.77446
1.7747
1.77489
1.77505
1.77535
1.77603
1.77728
1.77913
1.78143
1.78393
1.7863
1.7883
1.78976
1.79063
1.79096
1.79087
1.7905
1.79002
1.78953
1.7891
1.7887
1.78827
1.78771
1.78693
1.7859
1.7846
1.78308
1.78138
1.77959
1.7778
1.77608
1.77449
1.77309
1.77191
1.77098
1.77031
1.76991
1.7698
1.76997
1.77041
1.77112
1.77206
1.77319
1.77445
1.77573
1.77694
1.77796
1.77862
1.77878
1.77822
1.77672
1.77402
1.76983
1.76384
1.7558
1.74561
1.73353
1.72043
1.70797
1.69846
1.6942
1.69645
1.70468
1.7168
1.73026
1.74306
1.75412
1.76309
1.77007
1.77528
1.77893
1.78115
1.78197
1.78137
1.7793
1.77567
1.77043
1.76353
1.75497
1.74484
1.73339
1.72106
1.70851
1.69661
1.68625
1.67808
1.6723
1.6687
1.66686
1.66646
1.6675
1.67029
1.67523
1.68241
1.6914
1.70135
1.7113
1.72049
1.72844
1.73503
1.74029
1.74439
1.74748
1.74974
1.75131
1.75231
1.75282
1.75293
1.75271
1.75222
1.75154
1.75073
1.74983
1.7489
1.74798
1.74709
1.74626
1.74549
1.74477
1.7441
1.74345
1.74281
1.74218
1.74153
1.74087
1.74019
1.73951
1.7388
1.73808
1.73734
1.73654
1.73565
1.73464
1.73344
1.73201
1.73029
1.72827
1.72596
1.72343
1.72082
1.71838
1.71641
1.71522
1.71512
1.71625
1.71862
1.72204
1.72618
1.73067
1.73516
1.73937
1.74311
1.74631
1.74894
1.75107
1.75279
1.75421
1.75544
1.75657
1.75768
1.75874
1.75972
1.7605
1.76093
1.76086
1.76012
1.75862
1.75634
1.75342
1.75014
1.74694
1.74432
1.74279
1.74265
1.74397
1.74654
1.74999
1.75388
1.75782
1.76147
1.76464
1.7672
1.7691
1.77035
1.77104
1.77126
1.77111
1.77069
1.77005
1.76916
1.76785
1.76582
1.76247
1.75694
1.74803
1.73451
1.7159
1.69419
1.67518
1.6668
1.67307
1.69023
1.71038
1.72752
1.73957
1.74695
1.7509
1.75267
1.75318
1.75307
1.75275
1.7525
1.75248
1.75277
1.75336
1.75415
1.75497
1.7556
1.75575
1.75517
1.75366
1.75113
1.74769
1.74372
1.73985
1.73688
1.73562
1.73655
1.73974
1.74482
1.75111
1.75786
1.7644
1.77024
1.77509
1.7788
1.78135
1.7828
1.78322
1.78272
1.78143
1.77948
1.77706
1.77437
1.77168
1.76929
1.7675
1.7666
1.76676
1.76806
1.77042
1.77367
1.77751
1.78165
1.78578
1.78965
1.79306
1.79588
1.79802
1.79943
1.80009
1.79997
1.79909
1.79748
1.79518
1.79229
1.78895
1.78538
1.78186
1.77873
1.77636
1.77509
1.7752
1.77682
1.77989
1.78419
1.78939
1.79508
1.80086
1.80638
1.81141
1.81578
1.81944
1.8224
1.8247
1.82641
1.8276
1.82831
1.82857
1.82837
1.82769
1.82648
1.82461
1.82188
1.81792
1.81226
1.80448
1.79452
1.78308
1.77166
1.76219
1.75597
1.75293
1.75179
1.75114
1.75028
1.74948
1.74965
1.75182
1.75658
1.76382
1.77274
1.7822
1.79106
1.7985
1.80414
1.80803
1.81052
1.81219
1.81363
1.81537
1.81775
1.82083
1.82439
1.82794
1.83082
1.83237
1.83208
1.82987
1.82629
1.82263
1.82064
1.82184
1.82667
1.83434
1.84323
1.85176
1.85887
1.86409
1.86736
1.86883
1.86865
1.86694
1.86375
1.85906
1.85283
1.84506
1.83587
1.82558
1.81478
1.8043
1.79515
1.78831
1.78449
1.78391
1.78627
1.79081
1.79658
1.80263
1.80825
1.813
1.81676
1.81959
1.8217
1.82335
1.82476
1.8261
1.8275
1.82899
1.83057
1.83219
1.83379
1.83528
1.83657
1.83757
1.83821
1.83842
1.83815
1.83736
1.83607
1.83431
1.83214
1.82965
1.82698
1.82427
1.82168
1.81934
1.8174
1.81594
1.81503
1.81469
1.81492
1.81565
1.81685
1.8184
1.82023
1.8222
1.82423
1.8262
1.82803
1.82964
1.83098
1.832
1.83271
1.83311
1.83324
1.83313
1.83286
1.83249
1.83209
1.83171
1.8314
1.83117
1.83099
1.83083
1.83062
1.83027
1.82971
1.82885
1.82763
1.82602
1.82399
1.82153
1.81865
1.81539
1.81183
1.8081
1.80447
1.80129
1.79893
1.79773
1.79786
1.79925
1.80165
1.80472
1.80809
1.81147
1.81469
1.81769
1.82053
1.82334
1.82625
1.82934
1.83253
1.83564
1.83836
1.84033
1.8412
1.84069
1.83857
1.83474
1.8293
1.82259
1.81532
1.80851
1.80335
1.80076
1.80106
1.80386
1.80835
1.81363
1.81902
1.82409
1.82863
1.83254
1.83576
1.83827
1.84009
1.84129
1.84196
1.84222
1.84221
1.84206
1.84185
1.84162
1.84136
1.84098
1.84038
1.83942
1.83798
1.83599
1.83345
1.83043
1.82711
1.82375
1.82066
1.81816
1.81651
1.81588
1.81629
1.81761
1.8196
1.82196
1.82437
1.82657
1.82836
1.82961
1.83028
1.83037
1.82997
1.82917
1.8281
1.82691
1.82571
1.82462
1.82371
1.82305
1.82272
1.82279
1.82334
1.82443
1.82609
1.82828
1.8309
1.83379
1.83682
1.83985
1.84276
1.84544
1.84775
1.84956
1.85068
1.85094
1.85019
1.84827
1.84509
1.84057
1.83471
1.82757
1.8193
1.8102
1.80071
1.79151
1.78344
1.77743
1.77426
1.7743
1.77735
1.78263
1.78906
1.79555
1.80121
1.80553
1.80832
1.80974
1.81024
1.81043
1.811
1.81251
1.81523
1.81911
1.82379
1.82878
1.83355
1.83769
1.84095
1.84319
1.8444
1.84467
1.84414
1.84295
1.8413
1.83934
1.83716
1.8348
1.83217
1.82912
1.82548
1.82112
1.81613
1.81088
1.80601
1.80225
1.80009
1.79949
1.79993
1.80065
1.80105
1.80084
1.80018
1.79945
1.79916
1.79969
1.80123
1.80374
1.807
1.81071
1.81462
1.81853
1.82232
1.82588
1.82912
1.83187
1.83398
1.83525
1.83553
1.83473
1.83291
1.83031
1.82737
1.82462
1.8225
1.8212
1.82058
1.82022
1.81962
1.81842
1.81648
1.81386
1.8108
1.8076
1.8046
1.80219
1.80074
1.80063
1.80213
1.80532
1.80997
1.81558
1.82147
1.82691
1.83128
1.83413
1.83526
1.83461
1.83231
1.82859
1.82378
1.81831
1.81259
1.80705
1.80199
1.79757
1.79379
1.79057
1.78778
1.78531
1.78316
1.78139
1.78014
1.77952
1.77963
1.78045
1.78183
1.78347
1.78499
1.78605
1.7864
1.78602
1.78518
1.78441
1.78431
1.78536
1.7877
1.79107
1.79494
1.79874
1.802
1.80445
1.80601
1.80673
1.80673
1.80618
1.80521
1.80396
1.80255
1.80105
1.79954
1.79806
1.79665
1.79534
1.79414
1.79307
1.79212
1.7913
1.7906
1.79001
1.78954
1.78916
1.78888
1.78867
1.78854
1.78847
1.78846
1.7885
1.78858
1.78872
1.78889
1.78911
1.78937
1.78967
1.79
1.79036
1.79073
1.79109
1.79143
1.79172
1.79193
1.79203
1.79201
1.79183
1.79148
1.79098
1.79032
1.78955
1.78873
1.78792
1.78723
1.78676
1.78658
1.78677
1.78738
1.7884
1.7898
1.79152
1.79347
1.79554
1.79766
1.79974
1.80174
1.80363
1.80543
1.80716
1.80887
1.81058
1.81231
1.81405
1.81575
1.81737
1.81885
1.82011
1.82111
1.82182
1.82222
1.82232
1.82218
1.82188
1.8215
1.82118
1.82105
1.82123
1.82182
1.82287
1.82437
1.82626
1.82841
1.83067
1.83287
1.83485
1.83645
1.83756
1.83809
1.83797
1.83714
1.83555
1.8332
1.83007
1.82625
1.82189
1.8173
1.81291
1.80923
1.80672
1.80563
1.80593
1.80726
1.80915
1.81114
1.81294
1.81447
1.8158
1.81713
1.81861
1.82033
1.82226
1.82426
1.82608
1.82744
1.82805
1.82774
1.82648
1.82445
1.82205
1.8199
1.81862
1.81868
1.82017
1.82284
1.82614
1.82946
1.83231
1.83437
1.83551
1.83572
1.83506
1.83366
1.83165
1.82913
1.82625
1.82312
1.81987
1.81662
1.81349
1.81062
1.8081
1.80603
1.80444
1.80336
1.80273
1.80249
1.80251
1.80268
1.80285
1.80292
1.8028
1.80241
1.80173
1.80072
1.79941
1.79782
1.79597
1.79395
1.79185
1.7898
1.78796
1.78649
1.78553
1.78517
1.78542
1.78621
1.7874
1.78885
1.79039
1.79189
1.79324
1.79437
1.79525
1.79583
1.79608
1.79596
1.79543
1.79448
1.79308
1.79126
1.78902
1.78637
1.78332
1.77987
1.77611
1.77215
1.76813
1.76402
1.7596
1.75446
1.74845
1.74221
1.73749
1.73663
1.74116
1.7507
1.76312
1.77584
1.78693
1.79543
1.80115
1.80423
1.80494
1.80354
1.80032
1.79568
1.7902
1.7847
1.78017
1.77751
1.77728
1.7795
1.78365
1.78896
1.79459
1.79985
1.80428
1.80762
1.80974
1.8107
1.81059
1.80964
1.8081
1.80631
1.80455
1.80306
1.80188
1.80082
1.79944
1.79707
1.79293
1.78636
1.77717
1.76622
1.75577
1.74913
1.74895
1.75539
1.76596
1.77717
1.78634
1.79226
1.79484
1.79471
1.7928
1.79021
1.78803
1.7871
1.78787
1.79025
1.79373
1.79762
1.8013
1.80432
1.80644
1.80763
1.80795
1.80754
1.80658
1.80523
1.80369
1.80214
1.80075
1.79968
1.79906
1.79898
1.79945
1.80042
1.8018
1.80342
1.80513
1.80672
1.80802
1.80886
1.80913
1.80875
1.80771
1.80608
1.804
1.80167
1.79933
1.79724
1.79556
1.79439
1.79373
1.79347
1.79349
1.7937
1.79405
1.79457
1.79537
1.79654
1.79817
1.80025
1.80274
1.80552
1.80845
1.81139
1.81423
1.81687
1.81929
1.82145
1.82337
1.82504
1.82646
1.82762
1.82845
1.82888
1.8288
1.82802
1.82633
1.82348
1.81923
1.8134
1.80602
1.79747
1.78857
1.78053
1.77453
1.77124
1.7705
1.77142
1.77296
1.77435
1.77531
1.776
1.77681
1.77811
1.78018
1.78307
1.78667
1.79068
1.79478
1.79861
1.80187
1.80435
1.80593
1.80656
1.80626
1.80512
1.80327
1.80099
1.79862
1.79661
1.79542
1.79539
1.79664
1.79904
1.8022
1.80563
1.80888
1.81158
1.81351
1.81461
1.81494
1.81467
1.81403
1.81329
1.81274
1.8126
1.81304
1.81411
1.81573
1.81771
1.81985
1.82189
1.82361
1.82487
1.82554
1.82558
1.82495
1.82364
1.82167
1.81905
1.81582
1.81206
1.80788
1.80345
1.79897
1.79467
1.79077
1.78745
1.78482
1.78293
1.78172
1.78107
1.78076
1.78052
1.78003
1.77902
1.77729
1.77476
1.77149
1.7677
1.76373
1.75997
1.75682
1.75471
1.75403
1.75512
1.75822
1.76324
1.76972
1.77687
1.78377
1.78957
1.79372
1.79596
1.79634
1.79519
1.79302
1.79048
1.78822
1.78669
1.78611
1.78634
1.78704
1.78781
1.7883
1.78837
1.78801
1.78738
1.78666
1.78606
1.78566
1.78546
1.78537
1.78522
1.78487
1.78419
1.78316
1.78187
1.78047
1.77923
1.77841
1.77824
1.77886
1.78027
1.78234
1.78484
1.78751
1.7901
1.79241
1.79429
1.79567
1.79651
1.79679
1.79653
1.79576
1.79453
1.79287
1.79082
1.7884
1.78561
1.78243
1.7788
1.77466
1.76997
1.76474
1.75913
1.75343
1.74814
1.74386
1.74128
1.74093
1.74311
1.74772
1.75432
1.76218
1.7705
1.77858
1.78587
1.79206
1.79702
1.80076
1.80338
1.80503
1.80587
1.80609
1.80586
1.80538
1.80481
1.80432
1.80405
1.80411
1.80452
1.80527
1.80627
1.80737
1.80841
1.80919
1.80955
1.80933
1.80843
1.80678
1.80444
1.80155
1.79839
1.79538
1.79298
1.79165
1.79167
1.79303
1.79533
1.79788
1.79974
1.79992
1.79756
1.79217
1.78384
1.77349
1.76283
1.75382
1.74791
1.74543
1.74566
1.74746
1.75003
1.75329
1.75787
1.76444
1.77293
1.78239
1.79145
1.799
1.80459
1.80828
1.81046
1.81155
1.81188
1.81167
1.81101
1.80995
1.80852
1.80678
1.80483
1.8028
1.80084
1.79908
1.79764
1.79657
1.7959
1.7956
1.7956
1.79585
1.79628
1.79685
1.79751
1.79823
1.799
1.79978
1.80053
1.80122
1.80179
1.80221
1.80241
1.80236
1.80202
1.80136
1.80037
1.79905
1.79742
1.79548
1.79329
1.79087
1.78831
1.78569
1.78316
1.78088
1.77901
1.77767
1.77684
1.77635
1.77592
1.77526
1.77415
1.77259
1.77082
1.7693
1.76859
1.76922
1.77152
1.77555
1.78105
1.78759
1.79464
1.8017
1.80839
1.81443
1.81967
1.82406
1.82761
1.83037
1.83242
1.83382
1.83465
1.83498
1.83485
1.83432
1.83339
1.83207
1.83036
1.82821
1.82559
1.82243
1.81872
1.81448
1.80988
1.80518
1.80086
1.79743
1.79539
1.795
1.79618
1.7985
1.80136
1.8041
1.80622
1.80738
1.80746
1.80649
1.80468
1.80232
1.79982
1.79761
1.79605
1.79542
1.79584
1.79723
1.79941
1.80213
1.80515
1.80823
1.81123
1.81403
1.81657
1.8188
1.82069
1.82221
1.82331
1.82396
1.82408
1.82361
1.82245
1.82054
1.81782
1.8143
1.81011
1.8055
1.80091
1.79686
1.79388
1.79233
1.79227
1.79344
1.79533
1.79737
1.79904
1.79994
1.79986
1.79874
1.79663
1.79371
1.79026
1.7866
1.78309
1.78005
1.77776
1.77639
1.77603
1.77666
1.7782
1.78047
1.78324
1.78628
1.78937
1.79236
1.79516
1.79773
1.8001
1.80228
1.80429
1.80614
1.80779
1.80919
1.81025
1.81089
1.81098
1.81043
1.80914
1.80708
1.80431
1.80103
1.79759
1.79453
1.79244
1.79182
1.79289
1.79555
1.79939
1.80386
1.80844
1.81274
1.81652
1.81971
1.8223
1.82435
1.82593
1.82708
1.82787
1.82831
1.82843
1.82825
1.82777
1.82704
1.8261
1.82501
1.82385
1.82271
1.82166
1.82076
1.82
1.81933
1.81867
1.81788
1.81685
1.81545
1.81358
1.81116
1.80816
1.80457
1.80046
1.79599
1.79139
1.78705
1.78345
1.78111
1.78054
1.7821
1.78584
1.79152
1.79855
1.80624
1.81392
1.82109
1.82749
1.833
1.83766
1.84154
1.84471
1.84725
1.84918
1.8505
1.85122
1.85134
1.85086
1.84982
1.84826
1.84628
1.84396
1.84142
1.83879
1.83618
1.8337
1.83142
1.82941
1.82771
1.82633
1.82524
1.8244
1.82372
1.82311
1.82249
1.82182
1.82115
1.82057
1.82021
1.82017
1.82046
1.82101
1.82167
1.82225
1.8226
1.82263
1.82232
1.82173
1.82092
1.81999
1.81901
1.81805
1.81716
1.8164
1.81579
1.81537
1.81519
1.81528
1.81569
1.81647
1.81765
1.81926
1.82129
1.82371
1.82645
1.82941
1.83249
1.83555
1.83849
1.84119
1.84355
1.84548
1.84688
1.84768
1.84779
1.84715
1.8457
1.84338
1.84018
1.83612
1.83128
1.82581
1.8199
1.8138
1.80772
1.80184
1.79624
1.7909
1.78573
1.78057
1.77531
1.76995
1.76472
1.7602
1.75727
1.75683
1.7594
1.76467
1.77159
1.77877
1.78511
1.79
1.79342
1.79565
1.79708
1.79802
1.79867
1.79909
1.79928
1.79923
1.79896
1.79852
1.79798
1.79739
1.79682
1.79628
1.79577
1.79525
1.79468
1.79398
1.79312
1.79209
1.79094
1.78974
1.78856
1.78746
1.78636
1.78509
1.78343
1.78111
1.77803
1.77437
1.77068
1.76779
1.76658
1.76756
1.77055
1.77479
1.77919
1.7828
1.785
1.7856
1.78482
1.7832
1.78147
1.78039
1.78058
1.78227
1.78532
1.78927
1.79354
1.79758
1.80102
1.80363
1.80532
1.80611
1.80605
1.80525
1.80382
1.80189
1.79959
1.79705
1.7944
1.79171
1.78906
1.78651
1.78412
1.78201
1.78031
1.77914
1.77857
1.77857
1.77902
1.77977
1.78071
1.78175
1.78284
1.78394
1.78497
1.78586
1.78651
1.78691
1.78709
1.78718
1.78735
1.78779
1.78864
1.78999
1.79179
1.79392
1.79617
1.79834
1.80025
1.80181
1.80307
1.80421
1.80552
1.80725
1.80956
1.81239
1.81543
1.81816
1.81992
1.81998
1.81754
1.81181
1.80223
1.78909
1.77432
1.76199
1.75691
1.76148
1.7737
1.78884
1.80264
1.81295
1.81942
1.82253
1.82301
1.82146
1.81834
1.81398
1.8087
1.80291
1.79717
1.79219
1.78875
1.78741
1.78836
1.79129
1.79555
1.8004
1.80517
1.80945
1.81303
1.81588
1.81805
1.81967
1.82085
1.82169
1.82231
1.82277
1.82314
1.82348
1.82383
1.82422
1.82469
1.82525
1.82593
1.82673
1.82764
1.82865
1.82971
1.83076
1.83168
1.83231
1.83243
1.83174
1.82988
1.82645
1.82109
1.81371
1.80468
1.79513
1.78684
1.78162
1.78035
1.78239
1.78602
1.78939
1.79134
1.79157
1.79046
1.78873
1.7871
1.78611
1.78599
1.78665
1.78779
1.78903
1.79009
1.79089
1.7916
1.79261
1.79436
1.79716
1.80108
1.80594
1.81138
1.81696
1.82231
1.82713
1.83122
1.83444
1.83673
1.83806
1.83847
1.83804
1.8369
1.83524
1.8333
1.83134
1.82964
1.82841
1.82775
1.82767
1.82806
1.82872
1.82947
1.83014
1.8306
1.8308
1.83071
1.83028
1.82947
1.8282
1.82637
1.82389
1.8208
1.81723
1.81351
1.81016
1.80774
1.80671
1.80726
1.80919
1.81193
1.81476
1.81697
1.81805
1.81784
1.81661
1.81504
1.8141
1.81476
1.81758
1.82252
1.82894
1.83591
1.84257
1.84834
1.8529
1.85618
1.85822
1.85913
1.85901
1.85795
1.85605
1.85335
1.84995
1.84593
1.84144
1.8367
1.83202
1.82778
1.8244
1.8223
1.82169
1.82259
1.82474
1.8277
1.83093
1.83392
1.83623
1.83754
1.83763
1.83635
1.83364
1.82953
1.82425
1.81821
1.81205
1.80653
1.80238
1.80009
1.79983
1.80145
1.80457
1.80878
1.81369
1.81897
1.82431
1.82944
1.83414
1.83824
1.84169
1.84451
1.84677
1.8486
1.85008
1.85129
1.85229
1.85311
1.85374
1.85418
1.85443
1.85449
1.85434
1.854
1.85345
1.8527
1.85174
1.85059
1.84923
1.84768
1.84595
1.84406
1.84205
1.83998
1.83792
1.83596
1.83419
1.83269
1.8315
1.83061
1.82992
1.82927
1.82843
1.82712
1.82506
1.82203
1.8179
1.81269
1.80668
1.80041
1.79467
1.79031
1.78798
1.78787
1.78962
1.79251
1.79573
1.79863
1.80083
1.80222
1.80286
1.80292
1.80262
1.80211
1.8015
1.80084
1.80016
1.79953
1.79912
1.79921
1.80012
1.80211
1.80523
1.80932
1.81397
1.81871
1.82309
1.82678
1.82958
1.8314
1.83223
1.83212
1.83112
1.82927
1.82664
1.8233
1.81934
1.81489
1.81011
1.80521
1.8004
1.79583
1.79156
1.78747
1.78325
1.77841
1.77245
1.76513
1.75689
1.74919
1.74431
1.74438
1.75
1.75977
1.77114
1.7818
1.79038
1.79642
1.80003
1.80155
1.80132
1.79963
1.79671
1.79274
1.78794
1.78261
1.77711
1.77193
1.76758
1.76452
1.76302
1.76315
1.76473
1.76741
1.77075
1.77434
1.77781
1.78089
1.7834
1.78522
1.78631
1.78667
1.78634
1.78538
1.78386
1.78185
1.77942
1.77661
1.77349
1.77014
1.76671
1.76345
1.76067
1.75876
1.75801
1.75851
1.76008
1.76231
1.76467
1.7666
1.76766
1.76754
1.76609
1.76326
1.75919
1.75418
1.74873
1.74353
1.73938
1.73693
1.73654
1.7381
1.74111
1.74491
1.74888
1.75256
1.75571
1.75827
1.76029
1.76185
1.76308
1.76409
1.76497
1.76579
1.7666
1.76743
1.76829
1.76917
1.77005
1.77093
1.77178
1.77257
1.77328
1.77391
1.77445
1.77487
1.77517
1.77534
1.77534
1.77513
1.77465
1.77385
1.77272
1.77129
1.76971
1.76824
1.76723
1.76705
1.76798
1.77009
1.77317
1.77686
1.78067
1.78416
1.78698
1.78888
1.78977
1.78962
1.78849
1.78651
1.78389
1.78086
1.77773
1.77477
1.77225
1.77042
1.76942
1.76935
1.77021
1.77193
1.77437
1.77737
1.78073
1.7843
1.78794
1.79152
1.79495
1.79814
1.80103
1.80357
1.80572
1.80748
1.80884
1.80985
1.81055
1.81102
1.81131
1.8115
1.81161
1.81161
1.81142
1.81091
1.80997
1.80849
1.80647
1.80401
1.80132
1.79871
1.7965
1.79496
1.79421
1.79423
1.79484
1.79578
1.79677
1.79758
1.79805
1.7981
1.79775
1.79711
1.79632
1.79556
1.795
1.79476
1.79493
1.79556
1.79665
1.79814
1.79995
1.80196
1.80403
1.80598
1.80763
1.80882
1.80937
1.80917
1.80814
1.80624
1.80352
1.80011
1.79627
1.79231
1.78864
1.78562
1.78355
1.78258
1.7827
1.78381
1.78576
1.78839
1.79153
1.79501
1.79866
1.80231
1.80576
1.80886
1.81145
1.81339
1.81456
1.81481
1.814
1.81196
1.80853
1.80364
1.79732
1.78988
1.78191
1.77432
1.76808
1.76392
1.76206
1.76218
1.76376
1.76639
1.76987
1.77416
1.77912
1.78438
1.78943
1.79372
1.79684
1.79855
1.79876
1.7975
1.7949
1.79117
1.7866
1.78157
1.77654
1.77197
1.7683
1.76584
1.7647
1.7648
1.76583
1.76738
1.76909
1.77069
1.77215
1.77355
1.77506
1.77676
1.77858
1.78034
1.78178
1.78271
1.78307
1.78294
1.78249
1.78193
1.78144
1.78112
1.78099
1.78097
1.78095
1.78081
1.78044
1.77976
1.77872
1.77735
1.77566
1.77374
1.77171
1.76969
1.76787
1.76642
1.76551
1.76524
1.76567
1.76676
1.76838
1.77036
1.77249
1.77457
1.77646
1.77803
1.77923
1.78004
1.78045
1.7805
1.78024
1.7797
1.77893
1.77797
1.77685
1.77559
1.77422
1.77272
1.77108
1.76929
1.76729
1.76505
1.76252
1.7597
1.7566
1.75333
1.75006
1.74705
1.7446
1.74298
1.74236
1.74271
1.7438
1.74524
1.74656
1.74732
1.74712
1.74571
1.74299
1.7391
1.7344
1.72949
1.72511
1.72192
1.72025
1.72002
1.72078
1.722
1.72333
1.72478
1.72672
1.72961
1.73373
1.73897
1.74486
1.75072
1.75593
1.76009
1.76308
1.76501
1.76615
1.76683
1.76736
1.76797
1.76875
1.76967
1.77057
1.77123
1.77137
1.77074
1.76908
1.76616
1.7617
1.7555
1.74744
1.73773
1.72719
1.71746
1.71069
1.70868
1.71185
1.71895
1.72786
1.73667
1.74427
1.7503
1.75491
1.75843
1.76123
1.76361
1.76579
1.7679
1.77001
1.7721
1.77412
1.77599
1.77763
1.77895
1.77991
1.78046
1.7806
1.78035
1.77978
1.77897
1.77801
1.77704
1.7762
1.77561
1.77539
1.77562
1.77633
1.77752
1.77912
1.78105
1.78322
1.78553
1.78789
1.79023
1.7925
1.79466
1.79669
1.79856
1.80023
1.80163
1.80265
1.80317
1.80299
1.8019
1.79967
1.79606
1.79092
1.7842
1.7761
1.76712
1.75812
1.75029
1.74498
1.74334
1.74587
1.75216
1.76095
1.77071
1.78003
1.78804
1.79435
1.79894
1.802
1.80384
1.80476
1.80505
1.80495
1.80466
1.80434
1.80409
1.80398
1.80403
1.80426
1.80463
1.80508
1.80547
1.80553
1.8049
1.80306
1.79944
1.79351
1.78503
1.77435
1.76272
1.75229
1.74563
1.74469
1.7498
1.75947
1.77121
1.78265
1.7923
1.79966
1.80496
1.80877
1.81166
1.81403
1.81604
1.81764
1.81865
1.81888
1.81813
1.81626
1.81319
1.80889
1.80349
1.79738
1.7913
1.78635
1.78377
1.78448
1.78863
1.79553
1.80393
1.81262
1.82069
1.82769
1.83352
1.83829
1.84219
1.8454
1.84812
1.85047
1.85254
1.8544
1.85606
1.85751
1.85873
1.85967
1.86026
1.86045
1.86018
1.85939
1.8581
1.85636
1.85427
1.85204
1.84986
1.84794
1.84641
1.84527
1.84438
1.84353
1.84249
1.84112
1.83941
1.83754
1.83586
1.8348
1.83482
1.83621
1.83906
1.84314
1.84796
1.85289
1.85726
1.86054
1.86236
1.86261
1.86142
1.85912
1.85625
1.85341
1.85119
1.85009
1.85038
1.8521
1.85507
1.85893
1.8633
1.86779
1.87208
1.87594
1.87919
1.88174
1.88354
1.88458
1.88493
1.88467
1.88394
1.88288
1.88166
1.88042
1.87927
1.87828
1.87747
1.87687
1.87647
1.8763
1.87637
1.87674
1.87746
1.87855
1.88002
1.88184
1.88392
1.88616
1.88842
1.89056
1.89246
1.89397
1.89498
1.8954
1.89511
1.89401
1.89199
1.88893
1.88472
1.87924
1.87244
1.86437
1.85521
1.84537
1.83553
1.82658
1.81949
1.81503
1.81352
1.8147
1.81776
1.82168
1.82551
1.82861
1.83071
1.83188
1.8324
1.83267
1.83308
1.83396
1.83542
1.83738
1.83954
1.84148
1.84269
1.84276
1.84138
1.83841
1.83388
1.82814
1.82184
1.81607
1.81208
1.81099
1.81331
1.81863
1.82587
1.83364
1.84065
1.84603
1.84925
1.85014
1.84874
1.84529
1.84013
1.83376
1.82675
1.81977
1.81346
1.8084
1.80492
1.80314
1.80289
1.80379
1.80537
1.8072
1.80891
1.81033
1.81143
1.81232
1.81319
1.81421
1.81553
1.8172
1.81921
1.82146
1.82387
1.82633
1.82876
1.83108
1.83326
1.83527
1.83708
1.83869
1.84009
1.84126
1.84218
1.84282
1.84312
1.84301
1.84239
1.84113
1.83909
1.83613
1.83214
1.8271
1.82114
1.81462
1.80814
1.8024
1.79803
1.79532
1.7941
1.79376
1.79354
1.79283
1.79135
1.78918
1.78666
1.78429
1.78255
1.78191
1.7828
1.78553
1.79017
1.79645
1.80379
1.8115
1.81897
1.82579
1.83176
1.83685
1.84113
1.84471
1.84767
1.85012
1.85213
1.85374
1.85499
1.85589
1.85644
1.85663
1.85645
1.85586
1.85483
1.85334
1.85137
1.84896
1.84621
1.84331
1.84053
1.83822
1.83673
1.83635
1.83717
1.83913
1.84197
1.84536
1.84894
1.85244
1.85567
1.85853
1.86101
1.86313
1.86494
1.86649
1.86785
1.86907
1.87018
1.87122
1.8722
1.87314
1.87404
1.87491
1.87576
1.87657
1.87736
1.87811
1.87881
1.87944
1.87998
1.88037
1.88058
1.88054
1.8802
1.87949
1.87837
1.87679
1.87476
1.87227
1.8694
1.86625
1.86297
1.85973
1.85676
1.85425
1.85241
1.85138
1.85127
1.85212
1.85389
1.85652
1.85989
1.86382
1.86813
1.87263
1.87711
1.8814
1.88535
1.88885
1.8918
1.89417
1.89592
1.89707
1.89764
1.89767
1.89724
1.89639
1.8952
1.89374
1.89203
1.8901
1.88793
1.88548
1.88271
1.87958
1.87608
1.87229
1.86834
1.86443
1.86079
1.85763
1.85506
1.85311
1.85168
1.8506
1.84967
1.84868
1.84741
1.84565
1.84322
1.84008
1.83643
1.83282
1.83008
1.829
1.82993
1.83246
1.83561
1.83827
1.83978
1.84014
1.83991
1.83997
1.84099
1.84322
1.8464
1.84996
1.85336
1.85625
1.8585
1.86017
1.8614
1.86235
1.86314
1.86384
1.86443
1.86488
1.8651
1.86501
1.86451
1.8635
1.8619
1.85963
1.85665
1.85292
1.8485
1.84352
1.8382
1.83288
1.82789
1.8235
1.81975
1.81645
1.8132
1.80964
1.80559
1.80117
1.79671
1.79264
1.78935
1.78728
1.78699
1.78907
1.79379
1.80076
1.80896
1.81716
1.82437
1.83003
1.83403
1.83651
1.83775
1.83806
1.83774
1.83703
1.83613
1.8352
1.83438
1.83376
1.83339
1.8333
1.83349
1.83393
1.8346
1.83542
1.83637
1.83737
1.83841
1.83943
1.84042
1.84135
1.84217
1.84282
1.84323
1.84327
1.84276
1.84149
1.83922
1.83573
1.8309
1.82488
1.81816
1.81165
1.80652
1.80376
1.80379
1.80623
1.81015
1.81454
1.81865
1.82213
1.82495
1.82725
1.8292
1.83098
1.83267
1.83437
1.83616
1.83815
1.84048
1.84329
1.84665
1.85053
1.85481
1.85925
1.86355
1.86743
1.87066
1.8731
1.87472
1.87561
1.87593
1.87592
1.87583
1.87584
1.87611
1.87666
1.87748
1.87853
1.87971
1.88096
1.88217
1.88319
1.88386
1.88397
1.8833
1.8816
1.87867
1.87431
1.86843
1.8611
1.85264
1.84375
1.83553
1.82944
1.82688
1.82875
1.83503
1.84472
1.8563
1.8682
1.87924
1.88873
1.89637
1.90214
1.90618
1.90868
1.90984
1.90987
1.90892
1.90716
1.90472
1.90176
1.89845
1.89499
1.8916
1.88849
1.88585
1.88377
1.8823
1.88138
1.88088
1.88065
1.88055
1.88045
1.88026
1.87993
1.87944
1.8788
1.87803
1.87717
1.87627
1.87536
1.87451
1.87377
1.87318
1.87278
1.8726
1.87264
1.8729
1.87333
1.87388
1.87447
1.87501
1.87537
1.8754
1.87494
1.87378
1.87168
1.86837
1.86356
1.85699
1.84856
1.8385
1.82753
1.81701
1.80864
1.80386
1.80315
1.80584
1.81057
1.81601
1.82131
1.82614
1.83056
1.83476
1.83893
1.84319
1.84759
1.85209
1.85662
1.86107
1.86535
1.86937
1.87306
1.87639
1.87933
1.88186
1.88397
1.88562
1.88679
1.8874
1.88738
1.88665
1.88515
1.88283
1.87971
1.87587
1.87151
1.8669
1.86241
1.85845
1.85538
1.85351
1.85294
1.85359
1.85517
1.85721
1.85913
1.86033
1.8602
1.85823
1.85396
1.84703
1.8372
1.8244
1.80897
1.79191
1.77531
1.76224
1.7561
1.75896
1.77042
1.78767
1.80701
1.82532
1.84072
1.85246
1.86061
1.86564
1.86818
1.8689
1.86835
1.86697
1.86507
1.86285
1.8604
1.85777
1.85496
1.852
1.8489
1.84574
1.84267
1.83992
1.83775
1.83642
1.83605
1.83664
1.83798
1.83973
1.84147
1.8428
1.84337
1.84294
1.84139
1.83881
1.83551
1.83203
1.82914
1.82759
1.82789
1.83011
1.83381
1.83829
1.84279
1.84672
1.8497
1.85157
1.85231
1.85195
1.85055
1.84813
1.84472
1.84033
1.835
1.82889
1.82228
1.81572
1.80993
1.80571
1.80371
1.80414
1.80674
1.81088
1.81577
1.82072
1.82524
1.82907
1.83214
1.83447
1.83615
1.83729
1.83798
1.83833
1.83843
1.83834
1.83812
1.83778
1.83733
1.83675
1.836
1.83505
1.83388
1.83253
1.83112
1.82982
1.82886
1.82845
1.82872
1.82962
1.83097
1.83245
1.83369
1.83431
1.83402
1.83253
1.82963
1.82513
1.81892
1.8112
1.80269
1.79485
1.78974
1.78919
1.79378
1.80243
1.81302
1.82346
1.83239
1.83924
1.84402
1.84696
1.8484
1.84861
1.84783
1.84624
1.84399
1.84119
1.83794
1.83436
1.83055
1.82665
1.82276
1.819
1.81547
1.81222
1.80929
1.80668
1.8044
1.80241
1.80069
1.79916
1.79772
1.79625
1.79468
1.79317
1.79211
1.79215
1.79394
1.79783
1.80363
1.8107
1.81813
1.8251
1.83107
1.83581
1.83931
1.84173
1.84329
1.84422
1.84472
1.84495
1.84504
1.84511
1.84525
1.84557
1.84617
1.84718
1.8487
1.8508
1.85349
1.8567
1.8603
1.86408
1.86782
1.87129
1.87425
1.87655
1.87805
1.87868
1.87845
1.87745
1.87583
1.87386
1.87179
1.86991
1.86837
1.8672
1.86629
1.8654
1.86441
1.86337
1.86263
1.86273
1.86418
1.86719
1.87147
1.87639
1.88124
1.88549
1.88889
1.89147
1.89347
1.89514
1.89676
1.89846
1.90032
1.90227
1.9042
1.90591
1.90713
1.90755
1.90685
1.90468
1.90081
1.8952
1.88808
1.88011
1.87226
1.86566
1.86128
1.85953
1.86025
1.86278
1.86627
1.87001
1.87348
1.87643
1.87878
1.88052
1.88167
1.88224
1.88223
1.88165
1.88053
1.87901
1.87732
1.87576
1.87461
1.87403
1.87395
1.87413
1.87425
1.8741
1.87362
1.87295
1.87237
1.87214
1.87242
1.87318
1.87424
1.87526
1.87589
1.87583
1.87496
1.87338
1.87139
1.86947
1.86806
1.86739
1.86734
1.86755
1.86755
1.86699
1.86575
1.86397
1.8619
1.85983
1.85787
1.85597
1.8539
1.85135
1.84809
1.84413
1.83972
1.83541
1.83188
1.82968
1.82908
1.83001
1.83216
1.8352
1.83887
1.84292
1.84708
1.85103
1.85442
1.85694
1.85837
1.85859
1.85758
1.85544
1.85232
1.84848
1.84424
1.83995
1.83598
1.83264
1.83014
1.82855
1.82786
1.82799
1.82886
1.83036
1.83236
1.83469
1.83714
1.83952
1.84163
1.84335
1.84459
1.84532
1.84554
1.84525
1.84446
1.84316
1.84137
1.83914
1.83657
1.83379
1.83102
1.82849
1.82643
1.82503
1.82438
1.82449
1.82525
1.82649
1.82803
1.82966
1.83124
1.83268
1.83394
1.83502
1.83596
1.8368
1.83758
1.83831
1.839
1.83964
1.8402
1.84065
1.84096
1.84109
1.84105
1.84081
1.84037
1.83974
1.83893
1.83792
1.83671
1.83528
1.8336
1.83164
1.82934
1.82664
1.82346
1.81972
1.81536
1.81033
1.80464
1.79838
1.79176
1.78515
1.77907
1.77412
1.77085
1.76962
1.77042
1.77292
1.77655
1.7807
1.78484
1.78863
1.79188
1.79456
1.79673
1.79847
1.79989
1.80109
1.80214
1.80311
1.804
1.80484
1.80562
1.80629
1.80682
1.80716
1.80724
1.80699
1.80633
1.80519
1.8035
1.80123
1.79843
1.7952
1.79177
1.78848
1.78572
1.78386
1.78313
1.78357
1.78499
1.78707
1.78946
1.79181
1.79392
1.79566
1.79698
1.79788
1.7984
1.79857
1.79842
1.79798
1.79731
1.79644
1.79545
1.79444
1.79353
1.79284
1.79252
1.79269
1.79344
1.79484
1.79686
1.79942
1.80234
1.80539
1.80825
1.81062
1.81218
1.8127
1.81204
1.81025
1.80763
1.80477
1.8024
1.80122
1.80157
1.80327
1.80574
1.80833
1.81064
1.81271
1.81484
1.81741
1.82058
1.82416
1.82767
1.83053
1.83224
1.83253
1.83138
1.82909
1.8262
1.82336
1.82118
1.82004
1.81994
1.8206
1.82155
1.82235
1.82265
1.82219
1.82083
1.81855
1.81566
1.81301
1.81198
1.81409
1.82009
1.82934
1.84001
1.85
1.8577
1.86225
1.86347
1.86158
1.85705
1.85058
1.84301
1.83531
1.8284
1.82297
1.81932
1.8174
1.81694
1.81773
1.81964
1.82265
1.82669
1.83156
1.83687
1.84218
1.847
1.85099
1.85391
1.85568
1.85633
1.85604
1.85507
1.85375
1.85242
1.85142
1.85095
1.85111
1.85186
1.85302
1.85441
1.8558
1.85704
1.85803
1.85872
1.85914
1.85936
1.85948
1.85962
1.85984
1.86022
1.86073
1.86134
1.86195
1.86245
1.86276
1.86281
1.86256
1.86203
1.86123
1.86021
1.85903
1.85771
1.85632
1.85488
1.85346
1.85214
1.85103
1.85032
1.85025
1.85105
1.8529
1.85582
1.85959
1.86378
1.86784
1.87122
1.87348
1.87439
1.87394
1.87231
1.86979
1.86671
1.8633
1.85975
1.85622
1.85296
1.85028
1.84854
1.84798
1.84865
1.85035
1.85274
1.85542
1.85801
1.86021
1.86181
1.86271
1.86284
1.86219
1.86075
1.85854
1.85564
1.85239
1.84939
1.84744
1.84727
1.84919
1.8529
1.85762
1.86245
1.86669
1.86998
1.87238
1.8742
1.87596
1.87814
1.8811
1.88493
1.88944
1.89429
1.89907
1.90344
1.90719
1.91023
1.91256
1.91425
1.91537
1.91603
1.91629
1.91619
1.91578
1.91503
1.91393
1.91246
1.91056
1.9082
1.90538
1.90209
1.89841
1.89447
1.89046
1.88661
1.88316
1.88034
1.8783
1.87708
1.87666
1.87695
1.87785
1.87922
1.88097
1.88301
1.88522
1.88748
1.88964
1.8915
1.89287
1.89364
1.89377
1.89342
1.89295
1.8928
1.89341
1.89498
1.89741
1.90034
1.90329
1.9058
1.90757
1.90848
1.90855
1.90792
1.90677
1.90526
1.90355
1.90178
1.90004
1.89844
1.89709
1.89609
1.89552
1.89544
1.8958
1.89651
1.89735
1.89806
1.89838
1.89808
1.89705
1.89531
1.89299
1.89029
1.88742
1.88455
1.88183
1.87946
1.87769
1.87687
1.87735
1.8794
1.88305
1.88812
1.89419
1.90072
1.90712
1.9129
1.91766
1.92116
1.92328
1.92402
1.92344
1.9217
1.91899
1.91555
1.91166
1.90758
1.90357
1.89985
1.89655
1.89378
1.89154
1.88981
1.8885
1.88754
1.88685
1.88637
1.88606
1.8859
1.88587
1.88599
1.88624
1.88663
1.88716
1.88781
1.88856
1.88935
1.89013
1.89084
1.89141
1.8918
1.89201
1.89204
1.89193
1.89169
1.89136
1.89093
1.89039
1.88971
1.8888
1.8876
1.88602
1.88398
1.88146
1.87851
1.87529
1.87201
1.86895
1.86635
1.86441
1.86322
1.86278
1.86296
1.86359
1.86445
1.86535
1.86611
1.86661
1.8668
1.86667
1.86627
1.86568
1.86494
1.86412
1.86323
1.86226
1.86119
1.86001
1.85874
1.85741
1.8561
1.85489
1.85386
1.85305
1.85245
1.85197
1.85143
1.85062
1.84929
1.84731
1.84469
1.84169
1.83886
1.83687
1.83633
1.83749
1.84014
1.84366
1.84729
1.8503
1.85223
1.85281
1.85198
1.84982
1.84647
1.84219
1.83731
1.8323
1.82771
1.82411
1.82198
1.82154
1.82272
1.82511
1.82817
1.83136
1.83426
1.8366
1.83828
1.83932
1.8398
1.83984
1.83956
1.8391
1.83857
1.83808
1.83774
1.83763
1.83783
1.83836
1.83923
1.84041
1.84182
1.84336
1.84491
1.84637
1.84763
1.84864
1.84933
1.84969
1.84973
1.84947
1.84897
1.84828
1.84746
1.84657
1.84564
1.84468
1.8437
1.84267
1.84155
1.8403
1.83886
1.83718
1.83523
1.83299
1.83046
1.82768
1.82475
1.82179
1.81897
1.81644
1.81432
1.81262
1.81125
1.81
1.80864
1.80693
1.80471
1.80198
1.79888
1.79572
1.79294
1.791
1.79021
1.79069
1.79223
1.79441
1.79669
1.79862
1.79988
1.80043
1.80043
1.80025
1.80032
1.80099
1.8024
1.80444
1.80678
1.80897
1.81055
1.81117
1.81059
1.8087
1.8055
1.80115
1.79593
1.7903
1.78485
1.78021
1.7769
1.77519
1.77501
1.77602
1.77772
1.77965
1.78145
1.7829
1.78391
1.78451
1.78473
1.78465
1.78435
1.78389
1.78332
1.7827
1.78207
1.78147
1.78097
1.78061
1.78043
1.78048
1.78078
1.78132
1.78206
1.78295
1.78392
1.7849
1.7858
1.78656
1.78714
1.78748
1.78758
1.78741
1.78697
1.78625
1.78528
1.78404
1.78258
1.78091
1.7791
1.77722
1.77532
1.7735
1.77182
1.77032
1.76902
1.76794
1.7671
1.76654
1.76635
1.76662
1.76739
1.76863
1.77018
1.77174
1.77297
1.77347
1.77292
1.77108
1.76785
1.76327
1.75756
1.75107
1.74426
1.73768
1.73186
1.72727
1.72423
1.72293
1.72336
1.72537
1.72876
1.73325
1.73859
1.74454
1.75083
1.75724
1.7635
1.76938
1.77468
1.77926
1.78303
1.78598
1.78815
1.7896
1.79043
1.79073
1.79062
1.79019
1.78952
1.78869
1.78778
1.78682
1.78587
1.78496
1.78411
1.78334
1.78264
1.78203
1.78149
1.78101
1.78057
1.78017
1.77978
1.77939
1.77901
1.77864
1.77827
1.77793
1.77764
1.77743
1.77732
1.77734
1.77753
1.77788
1.77841
1.77908
1.77981
1.78044
1.78076
1.78053
1.77945
1.7773
1.77399
1.76962
1.76453
1.75918
1.75411
1.74972
1.74633
1.7442
1.74362
1.7448
1.74772
1.7521
1.75746
1.76328
1.76909
1.7745
1.77926
1.78319
1.7862
1.78827
1.78948
1.7899
1.78968
1.78891
1.78774
1.78629
1.78468
1.78306
1.78156
1.7803
1.77939
1.77888
1.77883
1.77928
1.78024
1.78175
1.78383
1.78646
1.78957
1.79303
1.79664
1.80012
1.80313
1.80528
1.80614
1.80522
1.80207
1.79631
1.78781
1.77689
1.76451
1.75229
1.74221
1.73604
1.73476
1.73831
1.74568
1.75538
1.76599
1.77645
1.78613
1.79463
1.80169
1.80712
1.81075
1.81252
1.81246
1.81074
1.80766
1.80363
1.79916
1.7948
1.79107
1.78846
1.78727
1.78758
1.78923
1.7918
1.79476
1.79756
1.79978
1.80115
1.80165
1.80143
1.80093
1.80073
1.80149
1.80371
1.80753
1.81262
1.81836
1.82399
1.82886
1.83253
1.83479
1.83559
1.83499
1.8331
1.83011
1.82623
1.82177
1.81713
1.81279
1.80929
1.8071
1.80648
1.80742
1.80962
1.81261
1.81589
1.81906
1.82185
1.82419
1.82611
1.82774
1.82921
1.83067
1.83219
1.83381
1.83551
1.83719
1.83871
1.83985
1.84036
1.83997
1.83837
1.83532
1.83068
1.82459
1.81767
1.81104
1.80619
1.80449
1.80653
1.81184
1.81916
1.82711
1.83465
1.84123
1.84672
1.85122
1.85491
1.85797
1.86054
1.86273
1.86461
1.86623
1.86761
1.86879
1.8698
1.87066
1.87141
1.87206
1.87265
1.87317
1.87362
1.87399
1.87425
1.87437
1.8743
1.87402
1.87353
1.87282
1.87194
1.87095
1.86991
1.86887
1.86783
1.86675
1.8655
1.86394
1.86184
1.85899
1.85521
1.85036
1.84441
1.83749
1.82996
1.82236
1.81544
1.80999
1.8067
1.806
1.80794
1.81224
1.8183
1.82543
1.83293
1.84029
1.84711
1.85316
1.85825
1.86233
1.86539
1.86756
1.86905
1.87013
1.87105
1.87202
1.87312
1.87432
1.87553
1.87657
1.87729
1.87755
1.87724
1.87628
1.87464
1.87232
1.86937
1.86592
1.86218
1.85843
1.85503
1.85225
1.8503
1.84917
1.84867
1.84849
1.84827
1.84768
1.84651
1.84466
1.84215
1.83905
1.83551
1.83168
1.8277
1.82366
1.81961
1.81555
1.81147
1.80736
1.80332
1.79959
1.79658
1.79479
1.79467
1.79644
1.79995
1.80471
1.81006
1.81537
1.82014
1.82409
1.82713
1.82929
1.83067
1.83141
1.83166
1.83158
1.83128
1.83091
1.83055
1.8303
1.83022
1.83034
1.83066
1.83113
1.83166
1.83213
1.83243
1.83241
1.83196
1.83099
1.82943
1.82726
1.82452
1.82127
1.8176
1.81369
1.80971
1.80592
1.80256
1.79993
1.79826
1.79777
1.79858
1.80068
1.80395
1.80818
1.81309
1.81837
1.82376
1.82904
1.83401
1.83857
1.84262
1.8461
1.84901
1.85134
1.85313
1.85443
1.85529
1.85581
1.85605
1.85611
1.85609
1.85612
1.8563
1.85674
1.8575
1.85861
1.86003
1.86166
1.86341
1.86514
1.86677
1.86821
1.8694
1.87032
1.87093
1.87118
1.87104
1.87041
1.8692
1.86733
1.8647
1.86129
1.85713
1.85237
1.84727
1.84222
1.83773
1.83437
1.83272
1.83319
1.83599
1.84102
1.8479
1.85605
1.86483
1.87365
1.88203
1.88966
1.89632
1.90193
1.90645
1.90992
1.9124
1.91398
1.91475
1.91482
1.91429
1.91326
1.91181
1.91
1.90787
1.90543
1.90263
1.8994
1.89564
1.89122
1.88599
1.8799
1.87296
1.86539
1.85765
1.85036
1.84418
1.83953
1.83639
1.83431
1.83267
1.83117
1.83011
1.83033
1.83282
1.83805
1.84555
1.85417
1.86255
1.86969
1.87509
1.87872
1.88082
1.88176
1.88191
1.88155
1.88085
1.87986
1.87853
1.87679
1.87455
1.87177
1.86846
1.86473
1.8607
1.85656
1.85241
1.84834
1.84432
1.84024
1.83592
1.83116
1.82579
1.81977
1.81325
1.80673
1.80099
1.79696
1.79538
1.7965
1.79995
1.80503
1.81097
1.81715
1.82318
1.8288
1.83387
1.83831
1.84202
1.84495
1.84706
1.84829
1.84864
1.84808
1.84663
1.84431
1.84119
1.83734
1.83291
1.82812
1.82327
1.81869
1.81475
1.81178
1.80995
1.80925
1.80945
1.81017
1.81096
1.81138
1.81108
1.80984
1.80758
1.8044
1.80049
1.79614
1.79164
1.78719
1.78292
1.77887
1.77514
1.77186
1.76929
1.76773
1.76746
1.76865
1.77131
1.77525
1.78015
1.78557
1.79105
1.79619
1.80065
1.80423
1.80684
1.8085
1.80935
1.80956
1.80935
1.80889
1.80833
1.80773
1.80708
1.80633
1.80542
1.80427
1.80288
1.80127
1.7995
1.79768
1.79594
1.7944
1.79319
1.79241
1.79215
1.79247
1.79338
1.79483
1.7967
1.79883
1.80103
1.80314
1.805
1.80652
1.80762
1.8083
1.80855
1.8084
1.80787
1.80701
1.80585
1.8044
1.80271
1.80077
1.7986
1.79624
1.79371
1.79108
1.78844
1.78595
1.78377
1.7821
1.78111
1.78094
1.78163
1.78313
1.78531
1.78795
1.79079
1.79358
1.79607
1.79807
1.7994
1.79997
1.79971
1.79866
1.79697
1.79495
1.79305
1.7918
1.79164
1.79283
1.79528
1.79862
1.80229
1.80577
1.80865
1.81073
1.81199
1.81254
1.8126
1.8124
1.81216
1.81204
1.81211
1.81232
1.81253
1.81256
1.81224
1.81144
1.81018
1.80863
1.80711
1.806
1.80557
1.80588
1.80664
1.80731
1.80735
1.80638
1.80444
1.80203
1.79995
1.79898
1.79951
1.80143
1.80418
1.80715
1.80984
1.81207
1.81388
1.81539
1.81673
1.81789
1.8188
1.81935
1.81943
1.81901
1.81817
1.81706
1.81593
1.81504
1.8146
1.81471
1.81529
1.81613
1.81686
1.81709
1.81645
1.81471
1.81178
1.80769
1.80257
1.79655
1.78976
1.78238
1.77489
1.76834
1.7642
1.76386
1.76777
1.77524
1.7848
1.79497
1.80465
1.8132
1.82026
1.82571
1.82955
1.83185
1.8328
1.83259
1.83145
1.82958
1.82719
1.82447
1.82158
1.81868
1.8159
1.81333
1.81105
1.80907
1.8074
1.80601
1.80483
1.80379
1.80285
1.80192
1.80097
1.79997
1.7989
1.79778
1.79663
1.79547
1.79433
1.79324
1.79221
1.7912
1.79017
1.78898
1.78746
1.78533
1.78227
1.778
1.77243
1.76593
1.7596
1.75516
1.75439
1.75818
1.76592
1.77582
1.7859
1.79472
1.80162
1.8065
1.80957
1.81114
1.81151
1.81094
1.80967
1.80789
1.80578
1.80346
1.80099
1.79832
1.79526
1.79151
1.78663
1.78014
1.77173
1.76153
1.75061
1.74125
1.73642
1.73844
1.74737
1.761
1.7762
1.79049
1.80252
1.81193
1.81889
1.82374
1.82685
1.82858
1.82919
1.82895
1.82805
1.82671
1.82512
1.82345
1.82188
1.82055
1.81956
1.81897
1.81875
1.81885
1.81917
1.81958
1.81998
1.82024
1.82029
1.82006
1.8195
1.81861
1.81736
1.81577
1.81386
1.81166
1.80923
1.80663
1.80396
1.80131
1.79879
1.79654
1.79465
1.7932
1.79224
1.79175
1.79167
1.79188
1.79225
1.79263
1.79291
1.79301
1.79294
1.79275
1.79253
1.79243
1.79256
1.79304
1.79394
1.79526
1.79694
1.79886
1.8009
1.80291
1.80481
1.80652
1.80802
1.80932
1.81045
1.81142
1.81227
1.81302
1.81367
1.81423
1.81472
1.81512
1.81547
1.81575
1.81597
1.81613
1.81623
1.81622
1.81609
1.81576
1.81515
1.81418
1.81272
1.81068
1.80796
1.80454
1.80047
1.79594
1.79121
1.78662
1.78249
1.77904
1.77636
1.77452
1.77358
1.77361
1.77467
1.77673
1.77964
1.78317
1.78708
1.79116
1.79519
1.79898
1.80236
1.80516
1.80728
1.80869
1.8094
1.80949
1.80907
1.80825
1.80716
1.80591
1.80459
1.80326
1.80198
1.80077
1.79965
1.79862
1.79768
1.79683
1.79607
1.79544
1.79497
1.79473
1.7948
1.79525
1.79615
1.79751
1.79929
1.8014
1.8037
1.80603
1.80821
1.81011
1.81162
1.81268
1.81326
1.8134
1.81314
1.81258
1.81183
1.81098
1.81009
1.80918
1.80823
1.80717
1.80592
1.80445
1.80276
1.80087
1.79886
1.79676
1.79454
1.7921
1.78928
1.78596
1.78214
1.77807
1.77424
1.77136
1.77007
1.77074
1.7733
1.77731
1.78218
1.78735
1.79238
1.79699
1.80096
1.8042
1.80665
1.80834
1.80934
1.80973
1.80962
1.80911
1.80824
1.80708
1.80562
1.80388
1.80185
1.7995
1.79682
1.7938
1.79042
1.78667
1.78254
1.77804
1.77322
1.76823
1.7634
1.75923
1.75641
1.75563
1.75724
1.76113
1.76667
1.77299
1.77922
1.78475
1.78923
1.79257
1.79481
1.79607
1.79648
1.79616
1.79522
1.79372
1.79175
1.78937
1.78665
1.78371
1.78068
1.77772
1.77501
1.7727
1.77092
1.76973
1.7691
1.76892
1.76905
1.7693
1.7695
1.7695
1.76919
1.76854
1.76755
1.76629
1.76489
1.76352
1.7624
1.76168
1.76148
1.7618
1.76254
1.7635
1.76451
1.76543
1.76625
1.76707
1.76808
1.7695
1.77144
1.7739
1.77674
1.77968
1.78242
1.78464
1.78606
1.78649
1.78582
1.78406
1.78142
1.77827
1.77524
1.77304
1.7723
1.77335
1.77608
1.78002
1.78449
1.78884
1.79264
1.79564
1.79781
1.79925
1.80011
1.80061
1.80095
1.80131
1.80183
1.80256
1.80353
1.80466
1.80585
1.80697
1.80788
1.80846
1.80864
1.80836
1.80763
1.8065
1.80503
1.80329
1.80134
1.79919
1.79682
1.79417
1.79119
1.78788
1.78435
1.78083
1.77762
1.7751
1.7736
1.77332
1.77432
1.77644
1.77941
1.78289
1.78656
1.79016
1.79351
1.79647
1.79899
1.801
1.8025
1.80346
1.80388
1.80383
1.80342
1.80281
1.80225
1.80201
1.80233
1.80337
1.80516
1.80757
1.81039
1.81335
1.81618
1.81867
1.82068
1.82212
1.82298
1.82328
1.82307
1.82242
1.82144
1.8202
1.81882
1.81739
1.81599
1.81465
1.81338
1.81213
1.81083
1.80936
1.80759
1.8054
1.80269
1.79943
1.79562
1.79137
1.78687
1.7824
1.77831
1.77497
1.77269
1.77169
1.77199
1.77341
1.77565
1.77826
1.78083
1.78301
1.78456
1.78544
1.78571
1.7855
1.78501
1.78436
1.78362
1.78275
1.7817
1.78037
1.77872
1.77674
1.77448
1.77199
1.76934
1.7666
1.76387
1.76129
1.75911
1.75767
1.75733
1.75834
1.76069
1.76411
1.76807
1.77198
1.77534
1.77776
1.77901
1.77895
1.77752
1.77467
1.77038
1.76469
1.7578
1.75014
1.74247
1.73578
1.73107
1.72896
1.72942
1.73181
1.73517
1.73859
1.74148
1.74355
1.74477
1.74525
1.74516
1.74469
1.74398
1.74316
1.74229
1.74143
1.74059
1.7398
1.73905
1.73836
1.73773
1.73719
1.73679
1.73655
1.73653
1.73676
1.73726
1.73802
1.73904
1.74026
1.74164
1.7431
1.7446
1.74606
1.74744
1.74868
1.74975
1.75061
1.75123
1.75157
1.75161
1.75132
1.7507
1.74974
1.7485
1.74705
1.74555
1.74418
1.74318
1.74278
1.74315
1.74435
1.74633
1.74892
1.75185
1.75486
1.75768
1.76011
1.762
1.76323
1.76376
1.76356
1.76266
1.76114
1.75914
1.75688
1.75465
1.75278
1.75161
1.7514
1.75226
1.75416
1.75689
1.76021
1.76382
1.76749
1.77105
1.77438
1.77745
1.78024
1.78278
1.78508
1.78714
1.78895
1.79047
1.79167
1.79249
1.79289
1.79284
1.79234
1.7914
1.79006
1.78838
1.78644
1.78431
1.78207
1.7798
1.77761
1.77557
1.77375
1.7722
1.77091
1.76983
1.76894
1.76825
1.76786
1.76795
1.76867
1.77009
1.7721
1.77449
1.77699
1.77936
1.78148
1.7833
1.78486
1.78622
1.78744
1.78858
1.78969
1.79081
1.79197
1.79318
1.79444
1.79568
1.79681
1.79772
1.79827
1.79838
1.79796
1.797
1.79548
1.79345
1.79096
1.78806
1.78483
1.78132
1.77763
1.7739
1.77035
1.76723
1.76488
1.76358
1.76352
1.7647
1.76698
1.77006
1.7736
1.77726
1.7808
1.78403
1.78686
1.78925
1.79123
1.79284
1.79415
1.7952
1.79606
1.79677
1.79738
1.79793
1.79842
1.79887
1.79928
1.79964
1.79993
1.80012
1.80017
1.80004
1.79968
1.79903
1.79806
1.79674
1.79502
1.79293
1.7905
1.78779
1.78492
1.78207
1.77942
1.77719
1.77558
1.77476
1.77484
1.77584
1.7777
1.78028
1.78337
1.78674
1.7901
1.79318
1.79571
1.79743
1.7982
1.79797
1.79693
1.7955
1.79433
1.79414
1.7955
1.7986
1.80317
1.80858
1.81414
1.81926
1.82355
1.82685
1.82915
1.83051
1.83103
1.83082
1.82994
1.82846
1.82644
1.82392
1.82097
1.81765
1.81408
1.81038
1.80671
1.80327
1.80022
1.79775
1.79595
1.79482
1.79425
1.79404
1.79391
1.79363
1.79306
1.7922
1.79119
1.79026
1.78974
1.78996
1.7912
1.79363
1.79724
1.80183
1.80702
1.81233
1.81727
1.82146
1.82464
1.82672
1.82771
1.82774
1.82697
1.82561
1.82384
1.82184
1.81975
1.8177
1.81581
1.8142
1.81298
1.81228
1.81216
1.81266
1.81371
1.81518
1.81686
1.81854
1.82003
1.82121
1.82203
1.82253
1.82282
1.82304
1.82331
1.8237
1.82417
1.82459
1.82474
1.82436
1.82315
1.82086
1.8173
1.81244
1.80652
1.80008
1.79402
1.78943
1.78723
1.78782
1.79083
1.79535
1.80026
1.80464
1.80791
1.80986
1.81057
1.81033
1.80949
1.80851
1.80783
1.80787
1.80897
1.8113
1.81482
1.8193
1.82438
1.82964
1.83471
1.83932
1.8433
1.84658
1.84916
1.85104
1.85224
1.85275
1.85256
1.85163
1.84998
1.84765
1.8448
1.84172
1.83882
1.8366
1.83553
1.83589
1.83773
1.8408
1.84469
1.84892
1.85309
1.85691
1.8602
1.86288
1.86492
1.86632
1.86708
1.8672
1.86667
1.86547
1.86357
1.86096
1.85761
1.85354
1.84879
1.84346
1.83772
1.83182
1.82608
1.82087
1.81661
1.81365
1.81224
1.8124
1.81391
1.81632
1.8191
1.82173
1.82384
1.82529
1.8262
1.82687
1.82775
1.8292
1.83142
1.83432
1.83758
1.84079
1.8436
1.84581
1.84743
1.84861
1.84958
1.85058
1.85174
1.85314
1.85474
1.85644
1.85813
1.85966
1.86092
1.86178
1.86217
1.86202
1.86129
1.85997
1.85813
1.85585
1.8533
1.8507
1.84831
1.84638
1.84506
1.84442
1.84436
1.84469
1.84512
1.84539
1.84526
1.84458
1.84329
1.84142
1.8391
1.83652
1.83394
1.8316
1.82974
1.8285
1.82789
1.82783
1.82816
1.82865
1.82911
1.82935
1.82926
1.8288
1.82797
1.82679
1.82536
1.82375
1.82208
1.82046
1.819
1.81779
1.81692
1.81644
1.81635
1.81665
1.81725
1.81808
1.81903
1.82
1.82089
1.82163
1.82216
1.82246
1.82251
1.82232
1.82193
1.82139
1.82075
1.82011
1.81956
1.8192
1.81913
1.81944
1.82018
1.82136
1.82294
1.82482
1.82685
1.82885
1.83065
1.83209
1.83304
1.83344
1.83325
1.83249
1.83119
1.82937
1.82704
1.82416
1.82068
1.81653
1.81165
1.80604
1.79975
1.79289
1.78566
1.77842
1.7717
1.76626
1.76289
1.76214
1.76397
1.76776
1.77254
1.77734
1.78151
1.78469
1.78687
1.78827
1.78923
1.79018
1.79151
1.79348
1.79615
1.79936
1.8028
1.8061
1.80893
1.81105
1.81234
1.81278
1.81244
1.81142
1.80984
1.80785
1.8056
1.80321
1.80083
1.79857
1.79652
1.79475
1.7933
1.79217
1.79133
1.79073
1.79027
1.78987
1.78943
1.78886
1.78808
1.78704
1.78568
1.78399
1.78196
1.77962
1.77701
1.77419
1.77122
1.76817
1.76511
1.76209
1.75915
1.75633
1.75366
1.75119
1.74902
1.74728
1.74616
1.74584
1.74648
1.74813
1.75073
1.7541
1.75799
1.76213
1.76625
1.77016
1.7737
1.77679
1.77939
1.7815
1.78316
1.7844
1.78529
1.78588
1.78622
1.78635
1.78633
1.78619
1.78597
1.7857
1.78542
1.78515
1.78493
1.78478
1.78471
1.78474
1.78487
1.78508
1.78535
1.78563
1.78587
1.78601
1.78599
1.78575
1.78527
1.78454
1.78357
1.78244
1.78124
1.78009
1.77913
1.77846
1.7782
1.77838
1.77901
1.78004
1.7814
1.78297
1.78465
1.78632
1.78789
1.78927
1.79042
1.79132
1.79195
1.79233
1.79249
1.79247
1.79232
1.79211
1.7919
1.79176
1.79179
1.79208
1.7927
1.79373
1.7952
1.79708
1.79934
1.80188
1.8046
1.8074
1.8102
1.81296
1.81566
1.8183
1.82091
1.82352
1.82614
1.82876
1.83135
1.83388
1.8363
1.83855
1.84058
1.84235
1.84381
1.84492
1.84566
1.84602
1.84596
1.84551
1.84465
1.84341
1.84179
1.83982
1.83748
1.8348
1.83174
1.82832
1.82456
1.82054
1.8164
1.81237
1.80876
1.80589
1.80407
1.80352
1.80427
1.80625
1.80921
1.81288
1.81693
1.82111
1.82517
1.82894
1.8323
1.83518
1.83754
1.83941
1.84085
1.84195
1.84283
1.84361
1.84438
1.84521
1.84613
1.8471
1.84802
1.84874
1.84907
1.84879
1.84769
1.84564
1.84264
1.83896
1.83514
1.832
1.83053
1.83152
1.83533
1.84168
1.84975
1.85847
1.86681
1.87403
1.87965
1.88348
1.88546
1.88566
1.88419
1.88117
1.87676
1.87117
1.86465
1.85753
1.85025
1.84327
1.83712
1.83227
1.82911
1.82781
1.8283
1.83024
1.83307
1.83615
1.83885
1.84067
1.8413
1.84063
1.83878
1.83612
1.83319
1.83063
1.82904
1.82878
1.82988
1.83209
1.83499
1.83814
1.84116
1.84383
1.84606
1.84786
1.84929
1.85041
1.85128
1.85193
1.85236
1.85257
1.85257
1.85236
1.852
1.85153
1.85099
1.85042
1.84985
1.84927
1.84866
1.84801
1.84725
1.84635
1.84525
1.84391
1.84226
1.84027
1.83789
1.83509
1.83187
1.82823
1.8242
1.81983
1.81517
1.81028
1.80526
1.80024
1.79543
1.79115
1.78775
1.78553
1.78461
1.78485
1.78591
1.78737
1.78882
1.78994
1.79057
1.79069
1.79039
1.78984
1.78933
1.78919
1.78977
1.79136
1.79407
1.79777
1.80212
1.8066
1.8107
1.81396
1.81607
1.81681
1.81608
1.81389
1.81037
1.80577
1.80057
1.79543
1.79112
1.7883
1.78738
1.7883
1.79064
1.79377
1.79707
1.80011
1.80261
1.8045
1.80579
1.80653
1.80679
1.80666
1.80615
1.8053
1.80411
1.80256
1.80063
1.79828
1.79547
1.7922
1.78848
1.78438
1.78006
1.77579
1.77189
1.76877
1.76674
1.76606
1.76676
1.76873
1.77173
1.77544
1.77955
1.78375
1.78781
1.79153
1.7948
1.79757
1.79983
1.80164
1.80306
1.80417
1.80505
1.80578
1.8064
1.80696
1.80748
1.80796
1.80841
1.8088
1.80913
1.80937
1.80951
1.80951
1.80936
1.80903
1.8085
1.80773
1.80671
1.80541
1.80384
1.80199
1.7999
1.79764
1.79528
1.79295
1.79082
1.78907
1.78788
1.78744
1.78788
1.7893
1.79167
1.7949
1.79881
1.80316
1.80772
1.81222
1.81645
1.82022
1.82337
1.82575
1.82725
1.82777
1.82726
1.8257
1.82314
1.81973
1.81572
1.81147
1.80742
1.80399
1.80156
1.80039
1.80061
1.80221
1.80499
1.80865
1.81274
1.81677
1.82029
1.82294
1.82448
1.82484
1.82403
1.82217
1.81941
1.81592
1.81182
1.80719
1.80212
1.79672
1.79122
1.78601
1.78166
1.77875
1.77777
1.77887
1.78186
1.78626
1.79146
1.79688
1.8021
1.80686
1.81105
1.81466
1.81772
1.82031
1.82251
1.82444
1.82619
1.82785
1.82947
1.83107
1.8326
1.83396
1.83507
1.8358
1.83607
1.83587
1.8352
1.83419
1.83298
1.8318
1.8309
1.83049
1.83069
1.83152
1.83288
1.83457
1.83634
1.83796
1.83927
1.84014
1.84057
1.84057
1.84021
1.83956
1.83864
1.83746
1.83592
1.8339
1.83124
1.82774
1.82327
1.81773
1.81109
1.80343
1.79505
1.78665
1.77959
1.77581
1.77714
1.78415
1.79555
1.80885
1.82159
1.83219
1.84009
1.84538
1.84848
1.84991
1.85013
1.84956
