1.1976
1.19578
1.19431
1.19279
1.19095
1.18869
1.18613
1.18345
1.18093
1.17893
1.17793
1.17839
1.18058
1.18443
1.18949
1.19514
1.20079
1.20598
1.21047
1.21419
1.21712
1.21935
1.22095
1.22201
1.22261
1.22283
1.22275
1.22242
1.22193
1.22131
1.22062
1.21989
1.21917
1.21847
1.21781
1.21719
1.21659
1.21602
1.21542
1.21476
1.21394
1.21283
1.21126
1.20895
1.20555
1.20066
1.19392
1.18526
1.17529
1.16562
1.15854
1.15593
1.15797
1.16303
1.16891
1.17403
1.17779
1.18033
1.18205
1.18339
1.18467
1.18609
1.18775
1.18965
1.19177
1.19402
1.19632
1.19856
1.20064
1.20247
1.20397
1.20509
1.20581
1.2061
1.20598
1.20547
1.20461
1.20343
1.20198
1.20034
1.19856
1.19674
1.19496
1.19332
1.19189
1.19072
1.18982
1.18919
1.18875
1.18841
1.18809
1.18768
1.18712
1.18638
1.18545
1.18442
1.18339
1.18251
1.18194
1.18182
1.18225
1.18321
1.18463
1.1864
1.18833
1.19027
1.19207
1.1936
1.19474
1.1954
1.19549
1.1949
1.19354
1.19135
1.18832
1.18452
1.18015
1.17557
1.17126
1.16772
1.16536
1.16438
1.16473
1.16614
1.16822
1.17057
1.17284
1.17485
1.17653
1.17794
1.17917
1.18034
1.1815
1.18264
1.18373
1.18466
1.18535
1.18572
1.18572
1.18529
1.1844
1.18298
1.18095
1.17821
1.17463
1.17012
1.16468
1.1585
1.15214
1.1465
1.1427
1.14167
1.14367
1.14819
1.1542
1.16065
1.16672
1.17199
1.17631
1.17969
1.18226
1.18417
1.18556
1.18655
1.18721
1.1876
1.18776
1.18768
1.18734
1.18672
1.18576
1.1844
1.18257
1.18021
1.1773
1.17387
1.17005
1.1661
1.16234
1.15915
1.15681
1.15539
1.1548
1.15477
1.15503
1.15537
1.15572
1.1561
1.15658
1.15728
1.15825
1.15948
1.16094
1.16254
1.16419
1.16577
1.16719
1.16838
1.16928
1.16983
1.17003
1.16986
1.16937
1.1686
1.16766
1.16668
1.16578
1.16512
1.1648
1.16487
1.16535
1.16614
1.16713
1.16816
1.16906
1.1697
1.16995
1.16974
1.16902
1.16782
1.16619
1.16427
1.16223
1.16029
1.15864
1.1574
1.15658
1.15608
1.15573
1.15534
1.15477
1.15399
1.15303
1.15204
1.15122
1.15075
1.15081
1.15147
1.15274
1.15454
1.15672
1.1591
1.1615
1.16378
1.16583
1.16757
1.16898
1.17007
1.17086
1.17142
1.17178
1.17201
1.17216
1.17229
1.17244
1.17265
1.17293
1.17329
1.17375
1.17429
1.17492
1.17562
1.17638
1.17718
1.178
1.17882
1.17962
1.18038
1.18107
1.1817
1.18223
1.18266
1.18299
1.18319
1.18324
1.18313
1.1828
1.18223
1.18137
1.18016
1.17858
1.17664
1.17442
1.17205
1.16976
1.16779
1.1664
1.16575
1.16584
1.16653
1.16757
1.16867
1.16958
1.17013
1.17023
1.16989
1.1692
1.1683
1.16738
1.16664
1.16625
1.16634
1.16694
1.16801
1.16941
1.17095
1.1724
1.17354
1.17417
1.17413
1.17335
1.17184
1.16973
1.16728
1.16479
1.16261
1.16106
1.16034
1.16055
1.16163
1.16343
1.16573
1.16822
1.17061
1.1726
1.17393
1.17444
1.17402
1.17269
1.17056
1.16788
1.16499
1.1623
1.16019
1.15893
1.15857
1.15892
1.15966
1.16041
1.16089
1.16096
1.16068
1.16022
1.15988
1.1599
1.16044
1.16147
1.16285
1.16438
1.16583
1.16706
1.16798
1.16859
1.16892
1.16906
1.16905
1.16896
1.16884
1.16871
1.16857
1.16842
1.16825
1.16804
1.16778
1.16745
1.16705
1.16655
1.16597
1.1653
1.16455
1.16372
1.16283
1.16191
1.16097
1.16004
1.15916
1.15837
1.15771
1.15721
1.15692
1.15685
1.15703
1.15744
1.15808
1.15892
1.15991
1.161
1.16214
1.16328
1.16436
1.16533
1.16615
1.16677
1.16716
1.16729
1.16712
1.16666
1.16593
1.16498
1.16392
1.16288
1.16204
1.16158
1.16163
1.16224
1.16338
1.16491
1.16667
1.16846
1.17013
1.17154
1.17263
1.17336
1.17372
1.17373
1.17342
1.17284
1.17205
1.17112
1.17013
1.16916
1.16831
1.16766
1.16727
1.16717
1.16736
1.16783
1.16853
1.16938
1.17032
1.17126
1.17212
1.17285
1.17336
1.1736
1.17354
1.17312
1.17233
1.17119
1.16977
1.16821
1.16671
1.1655
1.1648
1.16476
1.16538
1.16652
1.16796
1.16942
1.17069
1.17161
1.17207
1.17204
1.17144
1.17018
1.16812
1.16508
1.16092
1.15573
1.15001
1.14482
1.14156
1.14142
1.14468
1.15048
1.1574
1.16407
1.16966
1.17386
1.17671
1.17839
1.17916
1.17923
1.1788
1.17803
1.17702
1.17586
1.17459
1.17325
1.17183
1.17035
1.16882
1.16731
1.16591
1.16478
1.16406
1.16388
1.1643
1.16529
1.16672
1.16845
1.1703
1.17212
1.17376
1.17512
1.17614
1.17676
1.17701
1.17692
1.17659
1.17615
1.17571
1.17535
1.17509
1.1749
1.1747
1.17443
1.17405
1.17361
1.17319
1.17294
1.17297
1.17334
1.17406
1.17501
1.17606
1.17701
1.1777
1.17798
1.17774
1.17696
1.17566
1.17397
1.1721
1.17035
1.16901
1.1683
1.1683
1.16897
1.17013
1.17154
1.17301
1.17439
1.17557
1.17653
1.17726
1.17775
1.17799
1.17796
1.17762
1.17693
1.17586
1.17442
1.17265
1.17067
1.16861
1.16664
1.16494
1.16365
1.16284
1.16253
1.16264
1.16308
1.16373
1.1645
1.16532
1.16614
1.16696
1.16777
1.16862
1.16953
1.17055
1.17171
1.17301
1.17445
1.17597
1.17753
1.17909
1.18058
1.18197
1.18325
1.1844
1.18542
1.18631
1.18707
1.18771
1.18824
1.18866
1.18897
1.1892
1.18933
1.1894
1.18939
1.18932
1.1892
1.18903
1.18881
1.18855
1.18823
1.18784
1.18737
1.18681
1.18613
1.18531
1.18434
1.18319
1.18187
1.18036
1.17867
1.17682
1.17483
1.17276
1.17066
1.16862
1.16673
1.16513
1.16393
1.16325
1.16318
1.16372
1.16483
1.1664
1.16828
1.17035
1.17246
1.17454
1.17652
1.17839
1.18014
1.18178
1.18334
1.18483
1.18627
1.18768
1.18904
1.19038
1.19167
1.19292
1.19414
1.19532
1.19647
1.19761
1.19875
1.1999
1.20105
1.20222
1.2034
1.20458
1.20574
1.20687
1.20796
1.20898
1.20991
1.21076
1.2115
1.21213
1.21266
1.21309
1.21343
1.21368
1.21388
1.21404
1.21417
1.21428
1.21439
1.21449
1.21458
1.21465
1.21467
1.21463
1.21452
1.21434
1.21411
1.21383
1.21355
1.21326
1.21297
1.21264
1.21218
1.21147
1.21036
1.20872
1.20644
1.20354
1.2002
1.19675
1.19361
1.19121
1.18985
1.18963
1.19048
1.19219
1.19447
1.19698
1.19934
1.20125
1.20253
1.20321
1.20352
1.20374
1.2042
1.20515
1.20673
1.20899
1.21188
1.21527
1.219
1.22285
1.22659
1.23002
1.23296
1.23524
1.23677
1.23745
1.2372
1.236
1.23386
1.23089
1.22736
1.22365
1.22028
1.21771
1.21621
1.21573
1.21599
1.21657
1.2171
1.21738
1.21739
1.21724
1.21711
1.21718
1.21759
1.21839
1.21955
1.22096
1.22247
1.2239
1.22506
1.22578
1.22598
1.22562
1.22476
1.22355
1.22224
1.22108
1.22037
1.22033
1.22107
1.22262
1.22483
1.22751
1.23039
1.23321
1.2357
1.2377
1.23907
1.23975
1.23975
1.23915
1.23808
1.23675
1.23541
1.23429
1.23361
1.23346
1.23387
1.23475
1.23596
1.23736
1.23881
1.24022
1.24152
1.24269
1.2437
1.24455
1.24523
1.24572
1.24599
1.24599
1.24567
1.24498
1.24388
1.2424
1.24064
1.23881
1.2372
1.23611
1.23581
1.23639
1.23773
1.23954
1.24145
1.24312
1.24424
1.24461
1.2441
1.24263
1.2402
1.23688
1.2329
1.22865
1.22473
1.22179
1.22036
1.2206
1.22221
1.22458
1.22699
1.22885
1.22974
1.22944
1.22787
1.22509
1.22125
1.21666
1.21173
1.20698
1.20295
1.20012
1.19878
1.19902
1.20068
1.20345
1.20689
1.2106
1.2142
1.21744
1.22017
1.22234
1.22397
1.22514
1.22591
1.22637
1.22658
1.2266
1.22649
1.22628
1.226
1.22563
1.2251
1.22425
1.22286
1.2207
1.21758
1.21349
1.20878
1.20421
1.20084
1.19957
1.20068
1.20369
1.20762
1.21148
1.21465
1.21689
1.21824
1.2189
1.21909
1.21901
1.21881
1.21857
1.21833
1.21807
1.21772
1.21726
1.21663
1.21585
1.21499
1.21417
1.21353
1.2132
1.21328
1.21372
1.21436
1.21496
1.21519
1.21479
1.21356
1.21141
1.20844
1.20493
1.20134
1.19828
1.19632
1.19588
1.197
1.19936
1.20236
1.20535
1.2077
1.20898
1.20896
1.20762
1.20521
1.20222
1.19932
1.19723
1.19642
1.19697
1.19856
1.20065
1.20277
1.20462
1.20616
1.20751
1.20888
1.21047
1.21246
1.21495
1.21794
1.2214
1.22523
1.22928
1.23343
1.23753
1.24149
1.24521
1.24865
1.25176
1.25452
1.2569
1.25884
1.2603
1.26114
1.26123
1.26038
1.25835
1.25496
1.2501
1.24386
1.2366
1.22889
1.22126
1.21403
1.2074
1.202
1.19919
1.20047
1.20617
1.21492
1.22445
1.2329
1.23939
1.24381
1.24648
1.24785
1.24832
1.24824
1.24788
1.24743
1.247
1.24665
1.24635
1.24602
1.2455
1.24461
1.24318
1.24107
1.23823
1.23476
1.23091
1.22714
1.224
1.22204
1.22165
1.22294
1.22572
1.2296
1.23409
1.23875
1.24324
1.24732
1.25087
1.2538
1.25611
1.25779
1.25885
1.2593
1.25913
1.25836
1.25695
1.2549
1.25223
1.24901
1.24539
1.24165
1.23816
1.23533
1.23353
1.23289
1.23332
1.23451
1.23606
1.23758
1.23879
1.23952
1.23971
1.23939
1.23859
1.23739
1.23589
1.23416
1.23232
1.23045
1.22865
1.22699
1.22556
1.22439
1.22351
1.22291
1.22255
1.2224
1.22241
1.22253
1.22271
1.22291
1.22308
1.22321
1.22326
1.22322
1.22309
1.22287
1.22259
1.2223
1.22202
1.22183
1.22175
1.22183
1.22207
1.22245
1.22292
1.22342
1.22388
1.22423
1.22439
1.22434
1.22403
1.22346
1.22263
1.22157
1.22034
1.21899
1.21762
1.21634
1.21529
1.21458
1.21433
1.21459
1.21536
1.21659
1.21815
1.2199
1.22166
1.22329
1.22465
1.22562
1.22612
1.2261
1.22551
1.22438
1.22276
1.22081
1.21873
1.21682
1.2154
1.21476
1.21509
1.21642
1.21862
1.22143
1.22452
1.22756
1.23031
1.23258
1.23427
1.23536
1.23588
1.23588
1.23543
1.23459
1.23341
1.23195
1.23021
1.22825
1.22613
1.22394
1.22183
1.21997
1.21853
1.21759
1.2172
1.21726
1.21762
1.21809
1.21849
1.21869
1.21865
1.21841
1.21806
1.21775
1.21762
1.2178
1.21839
1.21943
1.2209
1.22272
1.22475
1.2268
1.22869
1.23022
1.23122
1.23161
1.23133
1.23045
1.22909
1.22742
1.22567
1.22403
1.2227
1.22184
1.22165
1.22228
1.22386
1.22636
1.22955
1.23307
1.23644
1.23924
1.24116
1.24203
1.24183
1.24062
1.23854
1.23577
1.23252
1.22899
1.22537
1.22185
1.21858
1.2157
1.21335
1.21162
1.21063
1.21041
1.21095
1.21216
1.21386
1.21586
1.21792
1.21987
1.22153
1.22283
1.22368
1.22406
1.22394
1.22331
1.22215
1.22047
1.21828
1.21557
1.21237
1.20865
1.20442
1.19968
1.19451
1.18913
1.1839
1.17933
1.1759
1.17396
1.17363
1.17475
1.17697
1.17984
1.18292
1.18584
1.18834
1.19029
1.19171
1.19272
1.19354
1.19443
1.19562
1.1973
1.19956
1.20237
1.2056
1.20903
1.21241
1.21551
1.21814
1.22017
1.22155
1.22227
1.22239
1.22198
1.22115
1.21998
1.21859
1.21705
1.21543
1.21377
1.21212
1.21047
1.2088
1.20708
1.20524
1.20321
1.20092
1.19833
1.19543
1.19228
1.18901
1.18584
1.18301
1.1808
1.17948
1.17919
1.17996
1.18169
1.18419
1.1872
1.19046
1.19374
1.19684
1.19961
1.20194
1.20377
1.20505
1.20579
1.206
1.20572
1.205
1.20388
1.20244
1.20073
1.19884
1.19683
1.19479
1.19279
1.19093
1.18929
1.18795
1.18695
1.18637
1.18621
1.18649
1.18719
1.18828
1.1897
1.19139
1.19328
1.1953
1.19739
1.19949
1.20155
1.20353
1.20541
1.20717
1.20881
1.21031
1.21168
1.21292
1.21404
1.21504
1.21592
1.21667
1.21731
1.2178
1.21814
1.21831
1.21829
1.21803
1.2175
1.21668
1.21554
1.21407
1.21228
1.21021
1.20793
1.20557
1.20328
1.20123
1.19961
1.19858
1.19825
1.19867
1.19981
1.20155
1.20374
1.20617
1.20863
1.21095
1.21297
1.21455
1.21561
1.21606
1.2159
1.21513
1.21385
1.21219
1.2103
1.20831
1.20627
1.20419
1.20205
1.19993
1.19802
1.1966
1.19596
1.19627
1.19758
1.19978
1.20271
1.20617
1.21
1.21403
1.21809
1.22202
1.22569
1.22899
1.23181
1.23412
1.23589
1.23712
1.23785
1.23812
1.23799
1.23754
1.23686
1.23601
1.23506
1.23406
1.23306
1.23204
1.23099
1.22989
1.2287
1.22737
1.22588
1.22424
1.22247
1.22061
1.21873
1.21691
1.21523
1.21373
1.21246
1.21141
1.21052
1.20969
1.20877
1.20756
1.20586
1.20352
1.20057
1.19731
1.19439
1.19267
1.19294
1.19549
1.19994
1.20546
1.21112
1.21624
1.22042
1.22355
1.22567
1.2269
1.22732
1.22704
1.22612
1.22459
1.22245
1.21971
1.21634
1.21238
1.20791
1.2031
1.19827
1.19387
1.19039
1.18824
1.18758
1.18833
1.19016
1.19267
1.19549
1.19838
1.2012
1.20393
1.20657
1.20916
1.2117
1.21417
1.21646
1.21845
1.21999
1.22094
1.22123
1.2208
1.21971
1.21802
1.21589
1.21351
1.21111
1.20894
1.2072
1.20608
1.20566
1.20594
1.20682
1.20815
1.20972
1.2113
1.21267
1.21362
1.21401
1.2137
1.21267
1.21095
1.20869
1.20612
1.20356
1.20135
1.19974
1.19882
1.19852
1.19861
1.19882
1.19892
1.19882
1.19858
1.1984
1.19854
1.19926
1.20074
1.20299
1.2059
1.20924
1.21274
1.2161
1.21912
1.22162
1.22353
1.22482
1.22549
1.22561
1.22522
1.22442
1.22328
1.22189
1.22034
1.21872
1.21711
1.21561
1.21428
1.21321
1.21246
1.2121
1.21218
1.21273
1.21375
1.2152
1.217
1.21901
1.22111
1.22313
1.22495
1.22643
1.22748
1.228
1.2279
1.22711
1.22554
1.22317
1.21998
1.21603
1.21144
1.20642
1.20119
1.19604
1.1912
1.18693
1.18345
1.18097
1.17968
1.17971
1.18112
1.18387
1.18783
1.1928
1.1985
1.20459
1.21071
1.21654
1.22184
1.22642
1.23016
1.23301
1.23494
1.23594
1.23602
1.23516
1.2334
1.23075
1.2273
1.22318
1.21863
1.214
1.20974
1.20636
1.20433
1.20397
1.20538
1.20838
1.21254
1.21737
1.22235
1.22707
1.23123
1.23469
1.2374
1.23936
1.24063
1.24126
1.24129
1.24076
1.23967
1.23801
1.23577
1.23293
1.22953
1.22569
1.22162
1.21766
1.21421
1.21166
1.21026
1.21007
1.21093
1.21254
1.21458
1.21676
1.21888
1.2208
1.22246
1.22381
1.22481
1.22544
1.22566
1.22546
1.22483
1.22383
1.22253
1.22109
1.21969
1.21856
1.2179
1.21784
1.21843
1.21958
1.22114
1.22293
1.22476
1.22648
1.22799
1.22924
1.23022
1.23095
1.23145
1.23177
1.23196
1.23204
1.23203
1.23192
1.23166
1.23117
1.23035
1.22906
1.22719
1.22465
1.22147
1.21782
1.21406
1.21077
1.20857
1.20795
1.20903
1.21155
1.21494
1.21861
1.22209
1.2251
1.22753
1.22939
1.23075
1.23169
1.23227
1.23256
1.23258
1.23235
1.23186
1.23109
1.22999
1.22851
1.22661
1.22424
1.22136
1.21798
1.21418
1.2101
1.20599
1.20217
1.19897
1.19665
1.19531
1.19483
1.19485
1.19485
1.19426
1.19267
1.18994
1.18639
1.1827
1.17968
1.17788
1.17739
1.17805
1.17986
1.18303
1.18774
1.19374
1.20031
1.20656
1.21179
1.21561
1.21794
1.21889
1.21861
1.21727
1.21501
1.21194
1.20819
1.20392
1.1994
1.19497
1.19111
1.18827
1.18682
1.18685
1.18813
1.19009
1.19195
1.19287
1.19209
1.18912
1.18399
1.17762
1.1719
1.16916
1.17084
1.17655
1.18442
1.19235
1.19899
1.20389
1.20715
1.2091
1.21012
1.21052
1.21052
1.21027
1.20989
1.20942
1.20892
1.20839
1.20785
1.20731
1.20677
1.20625
1.20578
1.20536
1.20495
1.20445
1.20363
1.20215
1.19956
1.19542
1.18966
1.18295
1.17702
1.1743
1.17646
1.18323
1.19252
1.20188
1.20967
1.21532
1.21893
1.22087
1.22156
1.22137
1.22057
1.21942
1.21812
1.21687
1.21585
1.21524
1.21513
1.21551
1.21628
1.21719
1.21796
1.21832
1.21817
1.21765
1.2171
1.21698
1.21762
1.21907
1.2211
1.22336
1.22557
1.22759
1.22941
1.23107
1.23262
1.23415
1.23581
1.23776
1.24017
1.24309
1.24641
1.24987
1.25307
1.25558
1.25692
1.25669
1.25458
1.25045
1.24442
1.23698
1.229
1.22176
1.21676
1.21525
1.21767
1.22328
1.23049
1.23762
1.24352
1.24764
1.24988
1.25041
1.24954
1.24773
1.24558
1.2437
1.24261
1.24253
1.24339
1.24489
1.24669
1.24851
1.2502
1.25172
1.25308
1.25434
1.25555
1.25672
1.25788
1.259
1.26003
1.26092
1.2616
1.262
1.26208
1.26179
1.26115
1.2602
1.25903
1.25775
1.25652
1.25553
1.25491
1.25476
1.25513
1.25597
1.25716
1.25857
1.26005
1.26146
1.2627
1.26369
1.26437
1.26469
1.26463
1.26416
1.26328
1.262
1.26037
1.25843
1.25626
1.25394
1.25154
1.24912
1.24673
1.2444
1.24214
1.24003
1.23819
1.23677
1.23599
1.23601
1.23689
1.23852
1.24062
1.24286
1.24492
1.24658
1.24772
1.24834
1.24849
1.24825
1.24774
1.24705
1.2463
1.24557
1.24498
1.24459
1.24444
1.24457
1.24495
1.24555
1.24633
1.24723
1.24821
1.24924
1.25027
1.25128
1.25224
1.25311
1.25385
1.25442
1.25476
1.2548
1.25449
1.25374
1.25249
1.25066
1.24819
1.24506
1.2413
1.23706
1.2326
1.22832
1.22473
1.22229
1.22129
1.22173
1.22335
1.22575
1.2285
1.23124
1.23377
1.23596
1.23775
1.2391
1.23998
1.24036
1.24021
1.23947
1.23813
1.2362
1.23374
1.23085
1.22774
1.22467
1.22195
1.21992
1.21889
1.21906
1.22049
1.22308
1.22655
1.23056
1.23472
1.23866
1.2421
1.24483
1.24676
1.24787
1.24819
1.24782
1.24687
1.24548
1.2438
1.24192
1.23994
1.23788
1.23572
1.23339
1.2308
1.22786
1.22449
1.22061
1.21622
1.21134
1.20614
1.20094
1.19631
1.19301
1.19173
1.19281
1.19606
1.20081
1.20623
1.21163
1.2166
1.22097
1.22475
1.22802
1.23085
1.23334
1.23552
1.23743
1.23907
1.24044
1.24153
1.24234
1.24283
1.24299
1.2428
1.24225
1.24131
1.24
1.23835
1.23643
1.23434
1.23222
1.23027
1.22864
1.22749
1.22689
1.22684
1.22727
1.22804
1.22901
1.23
1.23086
1.23143
1.2316
1.23128
1.23047
1.22925
1.22781
1.22642
1.22536
1.22479
1.22465
1.22476
1.22483
1.22475
1.22468
1.22504
1.22631
1.2288
1.23242
1.23673
1.24114
1.24509
1.24827
1.25051
1.25182
1.2523
1.25206
1.2512
1.24983
1.24798
1.24567
1.24284
1.23942
1.23534
1.23054
1.22507
1.2191
1.21299
1.20729
1.20267
1.19971
1.19878
1.19989
1.20266
1.20648
1.2107
1.21474
1.21822
1.22097
1.223
1.2244
1.22531
1.22587
1.22614
1.22617
1.22596
1.22548
1.22477
1.22384
1.2228
1.22171
1.22068
1.21976
1.21897
1.21833
1.21782
1.21743
1.21716
1.21702
1.21704
1.21722
1.21759
1.21813
1.21881
1.21958
1.22039
1.22119
1.22191
1.22252
1.22298
1.22327
1.22339
1.22334
1.22314
1.22282
1.22239
1.2219
1.22135
1.22074
1.22005
1.21923
1.2182
1.21688
1.21518
1.21306
1.21048
1.20748
1.20416
1.20068
1.19727
1.19415
1.19152
1.18957
1.18837
1.18794
1.18818
1.18888
1.18974
1.19045
1.19085
1.19101
1.1913
1.19223
1.19424
1.19741
1.20143
1.20576
1.20983
1.21326
1.21584
1.21757
1.21853
1.21885
1.21867
1.2181
1.21727
1.21623
1.21508
1.21385
1.21259
1.21133
1.21011
1.20893
1.20778
1.20665
1.20551
1.2043
1.20297
1.20147
1.19975
1.1978
1.19563
1.19334
1.19106
1.18899
1.18736
1.18639
1.18624
1.18696
1.18847
1.19059
1.19308
1.19571
1.19831
1.20075
1.203
1.20506
1.20694
1.20867
1.21026
1.21168
1.2129
1.21389
1.2146
1.215
1.21505
1.21478
1.2142
1.2134
1.21246
1.21151
1.21068
1.21011
1.20988
1.21005
1.21059
1.21141
1.21236
1.21327
1.21396
1.2143
1.21423
1.21378
1.2131
1.21245
1.21212
1.21241
1.21353
1.21548
1.21813
1.22122
1.22444
1.22755
1.23037
1.2328
1.23481
1.23643
1.2377
1.23869
1.23946
1.24007
1.24059
1.24105
1.2415
1.24195
1.24242
1.24289
1.24334
1.24375
1.24409
1.24431
1.24438
1.24427
1.24397
1.2435
1.2429
1.24229
1.24179
1.24153
1.24162
1.24203
1.2426
1.24306
1.24309
1.24243
1.24103
1.23914
1.23728
1.23609
1.23609
1.23741
1.23976
1.24257
1.24532
1.24761
1.24932
1.25048
1.25122
1.25169
1.25198
1.25212
1.25206
1.25173
1.25108
1.25016
1.24919
1.24849
1.24841
1.24921
1.25091
1.25329
1.25589
1.25821
1.25976
1.26015
1.25909
1.25638
1.25199
1.24614
1.23935
1.23251
1.22671
1.22285
1.22141
1.22235
1.22523
1.22941
1.23411
1.23852
1.24189
1.24363
1.24339
1.24107
1.23693
1.23169
1.22656
1.22311
1.22269
1.22575
1.23161
1.23891
1.2463
1.25282
1.25806
1.26192
1.26451
1.26598
1.2665
1.26619
1.26518
1.26353
1.26129
1.25848
1.2551
1.25114
1.2466
1.24156
1.23619
1.23084
1.22596
1.22209
1.2197
1.21902
1.21999
1.22229
1.22547
1.2291
1.2328
1.23629
1.23936
1.24188
1.24375
1.24488
1.24522
1.24477
1.24353
1.24154
1.23889
1.23567
1.23199
1.22802
1.22397
1.22019
1.21716
1.21542
1.21542
1.21724
1.22059
1.22483
1.22926
1.23332
1.2367
1.23926
1.24103
1.2421
1.24258
1.24255
1.24206
1.24115
1.23979
1.23796
1.23562
1.2328
1.2296
1.22623
1.22295
1.22002
1.21762
1.21575
1.21425
1.21292
1.21162
1.21031
1.20907
1.20806
1.20738
1.20706
1.20705
1.20721
1.20738
1.20737
1.20699
1.20608
1.20453
1.20234
1.19973
1.19715
1.19524
1.19464
1.1957
1.19831
1.20197
1.20602
1.20988
1.21315
1.21563
1.21724
1.21797
1.21782
1.21678
1.21487
1.21216
1.20879
1.20502
1.20118
1.19766
1.19479
1.19277
1.19166
1.19132
1.19153
1.19199
1.19239
1.19244
1.19192
1.19071
1.18883
1.1865
1.18408
1.18205
1.18083
1.18066
1.18153
1.18321
1.18533
1.18754
1.18958
1.19129
1.19264
1.19365
1.19439
1.19494
1.1954
1.19583
1.19626
1.19668
1.19707
1.19737
1.19754
1.19752
1.19729
1.19684
1.19619
1.19534
1.19435
1.19323
1.19203
1.19078
1.1895
1.18821
1.18693
1.18568
1.18446
1.18329
1.18218
1.18116
1.18025
1.17949
1.1789
1.17853
1.17839
1.17848
1.17879
1.17927
1.17985
1.18047
1.18108
1.18164
1.18218
1.18273
1.18334
1.18406
1.18491
1.18589
1.18695
1.18801
1.18899
1.18982
1.19044
1.19081
1.19093
1.19081
1.19048
1.18999
1.18939
1.18873
1.18808
1.18749
1.18704
1.18674
1.18664
1.18671
1.1869
1.18709
1.18713
1.18684
1.18603
1.18462
1.18264
1.18038
1.17838
1.17731
1.17774
1.17987
1.18343
1.18777
1.19218
1.19609
1.19916
1.20125
1.20237
1.20258
1.20197
1.20063
1.19867
1.1962
1.19331
1.19016
1.18687
1.18361
1.1805
1.17768
1.17525
1.17331
1.17195
1.17127
1.17137
1.1723
1.17407
1.17659
1.17969
1.18318
1.18682
1.1904
1.19375
1.19677
1.19939
1.20158
1.20335
1.20473
1.20574
1.20642
1.20682
1.20696
1.20689
1.20664
1.20626
1.20579
1.20531
1.20487
1.20456
1.20443
1.20453
1.20491
1.20554
1.2064
1.20743
1.20856
1.20971
1.21081
1.21179
1.21262
1.21325
1.21367
1.2139
1.21394
1.21382
1.21359
1.21327
1.2129
1.21248
1.212
1.2114
1.21061
1.20951
1.20799
1.20593
1.20323
1.19983
1.19578
1.19124
1.18666
1.18266
1.17988
1.17864
1.17862
1.17909
1.17939
1.17946
1.17998
1.18189
1.18573
1.19121
1.19747
1.20354
1.20882
1.21307
1.21635
1.21878
1.2205
1.22158
1.22203
1.22184
1.22097
1.21939
1.21712
1.21429
1.21111
1.20802
1.20556
1.20429
1.2046
1.20655
1.20982
1.21386
1.21809
1.22204
1.22542
1.22807
1.22994
1.23104
1.23138
1.23095
1.22976
1.2278
1.22506
1.22159
1.21748
1.21292
1.20823
1.2038
1.20011
1.19753
1.19631
1.19646
1.19775
1.19985
1.20236
1.20492
1.20727
1.20925
1.21082
1.21201
1.21291
1.21362
1.21421
1.2147
1.21503
1.21506
1.21458
1.21338
1.21127
1.20815
1.20409
1.19937
1.19453
1.19026
1.18729
1.18611
1.18681
1.1891
1.19244
1.19621
1.1999
1.20313
1.20566
1.20739
1.20828
1.20839
1.20783
1.20677
1.20541
1.20394
1.20257
1.20148
1.20078
1.20057
1.20086
1.20165
1.20286
1.2044
1.20615
1.20799
1.2098
1.21152
1.21309
1.21451
1.21578
1.21694
1.21805
1.21914
1.22022
1.22128
1.22227
1.2231
1.22366
1.22387
1.22362
1.22287
1.22166
1.22011
1.21843
1.21691
1.21587
1.21551
1.21591
1.21697
1.21844
1.22005
1.22153
1.22268
1.22341
1.22367
1.2235
1.22295
1.22212
1.22108
1.21997
1.21888
1.21792
1.21714
1.21657
1.21615
1.21578
1.21529
1.21457
1.21355
1.21234
1.21116
1.21028
1.20993
1.21018
1.21091
1.21183
1.21264
1.21312
1.21315
1.21275
1.21204
1.21122
1.2105
1.21014
1.21034
1.21125
1.21287
1.21513
1.21782
1.22068
1.22345
1.22593
1.22796
1.22946
1.23038
1.23072
1.23048
1.22968
1.22835
1.22656
1.22443
1.22212
1.21982
1.21773
1.21604
1.21485
1.21416
1.2139
1.21392
1.21406
1.21414
1.21404
1.21371
1.21319
1.2126
1.21214
1.21208
1.21262
1.21393
1.21605
1.21887
1.22222
1.22587
1.22958
1.23317
1.23652
1.23954
1.2422
1.24448
1.24639
1.2479
1.24901
1.24971
1.24997
1.24977
1.24911
1.24799
1.24646
1.24458
1.24245
1.24016
1.23785
1.23562
1.23357
1.23181
1.23045
1.22957
1.22924
1.22944
1.23005
1.23084
1.2315
1.23164
1.23084
1.22865
1.22456
1.21813
1.2092
1.19829
1.18725
1.17928
1.17758
1.18306
1.19362
1.2058
1.21697
1.22602
1.23292
1.23807
1.24193
1.24484
1.24697
1.24842
1.24919
1.24925
1.24855
1.24697
1.24439
1.24067
1.23569
1.22941
1.222
1.21399
1.20628
1.2
1.19613
1.19498
1.19604
1.19827
1.20062
1.20239
1.20334
1.20358
1.20345
1.20333
1.20357
1.20438
1.20583
1.20784
1.21022
1.21273
1.21514
1.21724
1.21889
1.21999
1.22053
1.22049
1.21993
1.21888
1.21743
1.21567
1.21372
1.21175
1.20996
1.20855
1.2077
1.20754
1.20805
1.20912
1.21053
1.21202
1.21334
1.21429
1.2147
1.21447
1.2135
1.21173
1.20904
1.20536
1.20063
1.19498
1.18885
1.1831
1.1789
1.17735
1.17893
1.18325
1.18922
1.19566
1.20167
1.20675
1.21077
1.21376
1.21586
1.21724
1.21803
1.21835
1.21829
1.21792
1.2173
1.21646
1.21543
1.21424
1.21293
1.21154
1.21015
1.20881
1.20763
1.20667
1.20601
1.20568
1.20567
1.2059
1.2062
1.20631
1.20588
1.20443
1.20143
1.19639
1.189
1.17946
1.1687
1.15853
1.15127
1.1489
1.15214
1.16006
1.17057
1.1814
1.19092
1.19839
1.20379
1.20744
1.20983
1.21136
1.21238
1.21311
1.21369
1.21422
1.21474
1.21526
1.21574
1.21614
1.21637
1.21631
1.21585
1.21483
1.21312
1.21058
1.20718
1.20301
1.19843
1.19404
1.1906
1.18879
1.18884
1.19047
1.19306
1.19598
1.19891
1.20182
1.20487
1.20818
1.21171
1.21524
1.21848
1.22115
1.22312
1.22436
1.22498
1.22518
1.22522
1.22534
1.2257
1.22642
1.22749
1.22884
1.23034
1.23191
1.23346
1.23497
1.23646
1.23797
1.23957
1.24129
1.24317
1.2452
1.24735
1.24955
1.25172
1.25377
1.25563
1.25722
1.25847
1.25936
1.25986
1.25997
1.25975
1.25925
1.25854
1.25772
1.25691
1.2562
1.25567
1.25537
1.25523
1.25506
1.25452
1.25316
1.25047
1.24594
1.23925
1.23025
1.21918
1.20665
1.1939
1.18291
1.17617
1.17556
1.18097
1.19004
1.19961
1.20748
1.21307
1.21707
1.22068
1.22489
1.23011
1.23615
1.24244
1.24838
1.25349
1.25754
1.26046
1.26233
1.26329
1.26352
1.26319
1.26243
1.26137
1.26007
1.25859
1.25697
1.25522
1.25335
1.25139
1.24936
1.2473
1.24525
1.24327
1.2414
1.23969
1.23813
1.23673
1.23546
1.23429
1.23317
1.23206
1.23091
1.22964
1.22819
1.22645
1.22432
1.22171
1.21858
1.21501
1.21123
1.20768
1.20498
1.20373
1.20434
1.2068
1.21067
1.21529
1.21997
1.2242
1.22766
1.23022
1.23187
1.23267
1.23272
1.23215
1.23109
1.22969
1.2281
1.22648
1.22496
1.22367
1.22269
1.22206
1.22178
1.22178
1.22199
1.22229
1.22253
1.22258
1.22227
1.22147
1.22
1.21774
1.21458
1.21053
1.20577
1.20067
1.19576
1.19161
1.18866
1.18707
1.18674
1.18747
1.18905
1.19138
1.19444
1.19819
1.20252
1.2072
1.21191
1.21635
1.22024
1.22341
1.22574
1.2272
1.22777
1.22752
1.2265
1.22482
1.22263
1.22012
1.21753
1.21516
1.21324
1.21199
1.21149
1.21172
1.21254
1.21376
1.21519
1.21664
1.218
1.21915
1.22007
1.2207
1.22103
1.22108
1.22085
1.22038
1.21971
1.21892
1.21805
1.2172
1.21641
1.21577
1.2153
1.21506
1.21507
1.21534
1.21585
1.21658
1.21749
1.21855
1.21969
1.22086
1.22202
1.22311
1.2241
1.22494
1.22561
1.22607
1.22632
1.22632
1.22609
1.22561
1.22491
1.22401
1.22295
1.22179
1.2206
1.21946
1.21844
1.2176
1.21697
1.21658
1.21639
1.21635
1.21641
1.2165
1.21657
1.21659
1.21655
1.21647
1.21637
1.21629
1.21627
1.21633
1.21649
1.21674
1.21708
1.21748
1.21789
1.21829
1.21864
1.21891
1.2191
1.21919
1.21919
1.21911
1.21897
1.21877
1.21852
1.21822
1.21788
1.21751
1.21712
1.21673
1.21637
1.21605
1.21582
1.21569
1.21569
1.21581
1.21606
1.21644
1.21693
1.2175
1.21813
1.21878
1.21942
1.21999
1.22045
1.22075
1.22084
1.22066
1.22017
1.21934
1.21817
1.21669
1.21496
1.21314
1.21142
1.21001
1.20913
1.2089
1.20935
1.21038
1.21181
1.21342
1.21502
1.21647
1.21768
1.21864
1.21938
1.21992
1.2203
1.22054
1.22063
1.22054
1.22024
1.21969
1.21888
1.21783
1.21663
1.21538
1.21423
1.21332
1.21272
1.21245
1.21239
1.2124
1.21227
1.21184
1.21099
1.2097
1.20802
1.20607
1.20404
1.20217
1.20071
1.19989
1.19986
1.20067
1.20226
1.20443
1.20696
1.20957
1.21202
1.21413
1.21573
1.21669
1.2169
1.21624
1.21457
1.21183
1.20804
1.2034
1.19846
1.19407
1.19121
1.19058
1.1923
1.19579
1.20013
1.20445
1.20816
1.211
1.21295
1.21413
1.21468
1.21477
1.21452
1.21404
1.21342
1.21273
1.21201
1.21131
1.21066
1.21007
1.20957
1.20916
1.20884
1.20859
1.20841
1.20828
1.20815
1.20801
1.2078
1.2075
1.20704
1.2064
1.20555
1.20446
1.20317
1.20174
1.20028
1.19895
1.19793
1.19741
1.19747
1.19814
1.1993
1.20076
1.20228
1.20363
1.20464
1.2052
1.20533
1.20508
1.20463
1.20419
1.20398
1.20419
1.20493
1.20623
1.208
1.21009
1.21233
1.21459
1.21673
1.21868
1.22039
1.22185
1.22306
1.22404
1.2248
1.22537
1.22578
1.22606
1.2262
1.22622
1.2261
1.22584
1.22542
1.22487
1.22425
1.22365
1.22318
1.223
1.22321
1.22388
1.22503
1.22661
1.22849
1.23054
1.23263
1.23464
1.23648
1.23811
1.23952
1.24072
1.24176
1.24266
1.24341
1.24396
1.24421
1.24403
1.24323
1.24169
1.23928
1.23602
1.23202
1.22758
1.22316
1.21933
1.21666
1.21561
1.21636
1.21873
1.22221
1.22612
1.22978
1.23264
1.23436
1.23475
1.23379
1.23155
1.22825
1.22427
1.22014
1.21651
1.21391
1.21265
1.21266
1.21357
1.21489
1.21621
1.21734
1.21836
1.21958
1.2214
1.22414
1.22794
1.2326
1.2377
1.24271
1.24713
1.25058
1.25289
1.25399
1.25395
1.25289
1.25096
1.24836
1.24526
1.24186
1.23832
1.23478
1.23136
1.22812
1.22508
1.22222
1.21952
1.21694
1.21451
1.2123
1.21044
1.20912
1.20856
1.20894
1.21032
1.21262
1.21556
1.21872
1.22157
1.22353
1.22405
1.22271
1.21929
1.21392
1.20724
1.20044
1.19501
1.19229
1.19284
1.1963
1.20168
1.20792
1.21416
1.2199
1.22489
1.22903
1.23236
1.23494
1.23687
1.23826
1.23922
1.23981
1.2401
1.24013
1.23992
1.23944
1.23865
1.2375
1.23592
1.23384
1.23128
1.22829
1.22505
1.2218
1.21873
1.21581
1.21266
1.20853
1.20261
1.19466
1.18583
1.179
1.17763
1.18317
1.19385
1.20617
1.21726
1.22582
1.23177
1.23551
1.23756
1.23835
1.23819
1.23732
1.23589
1.23401
1.23179
1.22935
1.22685
1.22449
1.22256
1.22135
1.22115
1.22211
1.22423
1.22734
1.23113
1.23521
1.23924
1.24292
1.24604
1.24845
1.25007
1.25084
1.2507
1.2496
1.24749
1.24433
1.24014
1.235
1.22908
1.22269
1.21626
1.21033
1.20548
1.20224
1.20094
1.20166
1.2042
1.20814
1.213
1.21827
1.22351
1.22836
1.23256
1.23596
1.23846
1.24007
1.24085
1.24089
1.24031
1.23923
1.23777
1.23603
1.23408
1.23196
1.22972
1.22735
1.22488
1.22235
1.2198
1.21731
1.21504
1.21317
1.21193
1.21159
1.21229
1.21404
1.21666
1.21981
1.22309
1.22615
1.22873
1.23069
1.23198
1.23261
1.2326
1.23201
1.23085
1.22915
1.22692
1.22416
1.2209
1.21719
1.21313
1.20889
1.20474
1.20099
1.19798
1.19598
1.19511
1.19533
1.19645
1.19819
1.20024
1.20235
1.20437
1.20619
1.20781
1.20924
1.21052
1.2117
1.21278
1.21377
1.21466
1.21542
1.21602
1.21639
1.21649
1.21625
1.21561
1.21448
1.21282
1.21056
1.20768
1.20427
1.20046
1.19655
1.19291
1.19
1.18818
1.18768
1.18847
1.19029
1.19274
1.19538
1.19787
1.19996
1.20151
1.2025
1.20297
1.20301
1.20269
1.20206
1.20114
1.19989
1.19824
1.19616
1.19376
1.19131
1.18928
1.1882
1.18846
1.19008
1.1927
1.19576
1.1987
1.20115
1.20297
1.20418
1.2049
1.20528
1.20543
1.20545
1.20538
1.20525
1.20507
1.20488
1.20473
1.20471
1.20491
1.20542
1.20626
1.20741
1.20875
1.21017
1.21152
1.21267
1.21357
1.21419
1.21457
1.2148
1.21495
1.21514
1.21544
1.21592
1.2166
1.21747
1.2185
1.21963
1.22079
1.22189
1.22288
1.22369
1.22429
1.22467
1.22484
1.22485
1.22472
1.2245
1.22421
1.22388
1.22355
1.22321
1.22291
1.22265
1.22247
1.22244
1.2226
1.22303
1.2238
1.22492
1.22637
1.22806
1.22989
1.23171
1.23338
1.23478
1.23578
1.23628
1.23622
1.23559
1.23448
1.23311
1.2318
1.23094
1.23095
1.23209
1.23444
1.23785
1.242
1.24649
1.25093
1.25503
1.25857
1.26145
1.2636
1.26501
1.26569
1.26567
1.26499
1.26369
1.26186
1.25961
1.25713
1.25464
1.25242
1.25074
1.2498
1.24963
1.25014
1.25109
1.2522
1.25321
1.254
1.25457
1.25509
1.2558
1.25692
1.25852
1.26048
1.26247
1.26408
1.26491
1.26468
1.26325
1.26065
1.25704
1.25269
1.24787
1.24284
1.23787
1.23335
1.22993
1.22846
1.22975
1.23414
1.24123
1.24995
1.25902
1.26733
1.27416
1.27919
1.28244
1.28404
1.28424
1.28327
1.28135
1.27868
1.27547
1.27191
1.26823
1.26466
1.26146
1.25884
1.25693
1.2558
1.25538
1.25558
1.25627
1.25732
1.25866
1.26019
1.26185
1.26356
1.26523
1.26675
1.26801
1.2689
1.2693
1.26909
1.26819
1.26653
1.26413
1.26109
1.25763
1.25405
1.25074
1.24807
1.24639
1.24591
1.2467
1.24866
1.25155
1.255
1.25864
1.26213
1.26523
1.2678
1.26977
1.27117
1.27203
1.27242
1.2724
1.27202
1.27134
1.27038
1.26925
1.26808
1.26708
1.26652
1.26663
1.26757
1.26932
1.2717
1.27439
1.27708
1.27948
1.28138
1.28264
1.2832
1.28303
1.28213
1.28051
1.27819
1.27524
1.27172
1.26776
1.26349
1.25908
1.25466
1.25042
1.2465
1.24309
1.24042
1.2387
1.23807
1.23853
1.23987
1.24175
1.24381
1.24576
1.24748
1.24899
1.25039
1.25175
1.25312
1.25451
1.2559
1.25728
1.25861
1.25982
1.26083
1.2615
1.26174
1.26147
1.26072
1.25959
1.25827
1.25702
1.25607
1.25558
1.25564
1.25618
1.25708
1.25814
1.25918
1.26003
1.26056
1.26064
1.26017
1.25905
1.25719
1.25453
1.25109
1.24709
1.24297
1.23941
1.23717
1.23683
1.2385
1.24174
1.2458
1.24987
1.2533
1.25571
1.25687
1.25664
1.25494
1.25166
1.24676
1.24029
1.23259
1.22435
1.21666
1.21072
1.20742
1.20693
1.20876
1.21204
1.21598
1.22003
1.22392
1.22754
1.23087
1.23393
1.23671
1.23919
1.24137
1.24322
1.24472
1.24588
1.24671
1.24724
1.24751
1.24754
1.24737
1.24704
1.24656
1.24595
1.24521
1.24433
1.24332
1.24212
1.24073
1.23908
1.23714
1.23488
1.23231
1.22949
1.22653
1.22365
1.22115
1.21931
1.21837
1.21843
1.2194
1.22104
1.22306
1.22515
1.2271
1.22876
1.23008
1.23104
1.23168
1.23204
1.23218
1.23215
1.23198
1.23172
1.2314
1.23102
1.2306
1.23013
1.2296
1.22899
1.22829
1.2275
1.2266
1.22563
1.22462
1.22363
1.22272
1.22197
1.22139
1.22099
1.22071
1.22042
1.21999
1.21935
1.21847
1.2175
1.21665
1.21617
1.21617
1.21653
1.21684
1.21652
1.21502
1.21202
1.20774
1.20315
1.19981
1.19934
1.20244
1.20853
1.21609
1.22359
1.23002
1.23498
1.23844
1.24056
1.24153
1.24146
1.24043
1.23842
1.23541
1.23135
1.22624
1.22019
1.21345
1.20648
1.19989
1.19434
1.19034
1.18811
1.18746
1.18791
1.18886
1.18979
1.19033
1.19034
1.18983
1.18891
1.18772
1.18651
1.18555
1.18524
1.18593
1.18785
1.19095
1.19488
1.19908
1.203
1.20629
1.20882
1.21071
1.21218
1.21346
1.21471
1.21599
1.21722
1.21829
1.21908
1.21948
1.21944
1.21893
1.21795
1.21654
1.21472
1.21252
1.20999
1.20718
1.20416
1.20101
1.19784
1.19476
1.19193
1.18947
1.18751
1.18614
1.18539
1.18525
1.18566
1.18655
1.18783
1.18939
1.19114
1.19301
1.19491
1.19677
1.19854
1.20015
1.20156
1.20276
1.2037
1.20439
1.20482
1.205
1.20496
1.2047
1.20428
1.20373
1.20312
1.20251
1.20198
1.20158
1.20138
1.2014
1.20164
1.20208
1.20264
1.20326
1.20383
1.20429
1.20457
1.20463
1.20446
1.20407
1.20352
1.20282
1.20201
1.20108
1.20001
1.19872
1.19718
1.19534
1.19324
1.19097
1.18869
1.1866
1.1849
1.18372
1.18309
1.1829
1.18297
1.18313
1.18326
1.18337
1.18357
1.18402
1.18485
1.18608
1.18762
1.18928
1.19087
1.1922
1.19317
1.19375
1.19397
1.19391
1.19367
1.19334
1.19302
1.19274
1.19247
1.19218
1.1918
1.19129
1.1906
1.18974
1.18872
1.18759
1.1864
1.1852
1.18405
1.18299
1.18206
1.18127
1.18065
1.18021
1.17994
1.17987
1.17998
1.18027
1.18075
1.18138
1.18213
1.18296
1.18382
1.18463
1.18531
1.18575
1.18585
1.18548
1.18448
1.18268
1.17989
1.1759
1.17053
1.16374
1.15568
1.14695
1.13865
1.1323
1.12947
1.13097
1.13645
1.14453
1.15351
1.16204
1.16941
1.17539
1.18004
1.18352
1.18595
1.18743
1.18798
1.18758
1.1862
1.18378
1.18029
1.17568
1.16998
1.16323
1.1556
1.14737
1.139
1.13107
1.12417
1.11872
1.11487
1.11247
1.11124
1.11097
1.11166
1.11353
1.11682
1.12161
1.1276
1.13423
1.14087
1.14699
1.1523
1.15669
1.1602
1.16292
1.16499
1.1665
1.16754
1.1682
1.16854
1.16862
1.16847
1.16815
1.1677
1.16715
1.16655
1.16593
1.16532
1.16473
1.16417
1.16366
1.16318
1.16273
1.1623
1.16188
1.16145
1.16102
1.16058
1.16013
1.15967
1.1592
1.15872
1.15822
1.15769
1.1571
1.15643
1.15563
1.15467
1.15353
1.15218
1.15064
1.14895
1.14722
1.14559
1.14427
1.14348
1.14341
1.14417
1.14575
1.14802
1.15078
1.15378
1.15677
1.15958
1.16207
1.1642
1.16596
1.16738
1.16853
1.16947
1.17029
1.17105
1.17178
1.1725
1.17315
1.17367
1.17396
1.1739
1.17341
1.17241
1.1709
1.16895
1.16676
1.16462
1.16288
1.16186
1.16177
1.16265
1.16436
1.16666
1.16926
1.17188
1.17432
1.17643
1.17813
1.1794
1.18024
1.1807
1.18084
1.18074
1.18046
1.18003
1.17944
1.17857
1.17721
1.17498
1.17129
1.16536
1.15634
1.14393
1.12946
1.11679
1.1112
1.11538
1.12682
1.14025
1.15168
1.15972
1.16463
1.16727
1.16845
1.16879
1.16871
1.1685
1.16833
1.16832
1.16851
1.16891
1.16944
1.16998
1.1704
1.1705
1.17012
1.16911
1.16742
1.16513
1.16248
1.1599
1.15792
1.15708
1.1577
1.15983
1.16321
1.16741
1.17191
1.17627
1.18016
1.18339
1.18587
1.18757
1.18853
1.18881
1.18848
1.18762
1.18632
1.1847
1.18291
1.18112
1.17952
1.17834
1.17773
1.17784
1.1787
1.18028
1.18245
1.18501
1.18777
1.19052
1.1931
1.19537
1.19725
1.19868
1.19962
1.20006
1.19998
1.1994
1.19832
1.19679
1.19486
1.19263
1.19025
1.18791
1.18582
1.18424
1.18339
1.18347
1.18454
1.18659
1.18946
1.19293
1.19672
1.20057
1.20425
1.2076
1.21052
1.21296
1.21493
1.21647
1.21761
1.2184
1.21888
1.21905
1.21892
1.21846
1.21765
1.21641
1.21459
1.21195
1.20817
1.20299
1.19635
1.18872
1.18111
1.17479
1.17065
1.16862
1.16786
1.16743
1.16685
1.16632
1.16644
1.16788
1.17105
1.17588
1.18183
1.18814
1.19404
1.199
1.20276
1.20535
1.20702
1.20813
1.20908
1.21024
1.21183
1.21389
1.21626
1.21863
1.22055
1.22158
1.22139
1.21991
1.21752
1.21509
1.21376
1.21456
1.21778
1.22289
1.22882
1.23451
1.23924
1.24272
1.24491
1.24589
1.24577
1.24463
1.2425
1.23937
1.23522
1.23004
1.22391
1.21706
1.20985
1.20286
1.19677
1.19221
1.18966
1.18927
1.19085
1.19387
1.19772
1.20175
1.2055
1.20867
1.21117
1.21306
1.21447
1.21557
1.2165
1.2174
1.21833
1.21933
1.22038
1.22146
1.22253
1.22352
1.22438
1.22505
1.22548
1.22561
1.22543
1.22491
1.22405
1.22287
1.22142
1.21977
1.21799
1.21618
1.21445
1.21289
1.2116
1.21063
1.21002
1.2098
1.20994
1.21044
1.21123
1.21227
1.21348
1.2148
1.21615
1.21747
1.21869
1.21976
1.22065
1.22134
1.22181
1.22208
1.22216
1.22209
1.22191
1.22166
1.22139
1.22114
1.22093
1.22078
1.22066
1.22056
1.22041
1.22018
1.21981
1.21923
1.21842
1.21735
1.21599
1.21435
1.21244
1.21026
1.20789
1.2054
1.20298
1.20086
1.19929
1.19849
1.19857
1.1995
1.2011
1.20314
1.20539
1.20765
1.20979
1.2118
1.21369
1.21556
1.2175
1.21956
1.22169
1.22376
1.22557
1.22689
1.22747
1.22712
1.22571
1.22316
1.21953
1.21506
1.21021
1.20568
1.20223
1.20051
1.2007
1.20258
1.20557
1.20909
1.21268
1.21606
1.21909
1.22169
1.22384
1.22551
1.22673
1.22753
1.22797
1.22815
1.22814
1.22804
1.2279
1.22775
1.22757
1.22732
1.22692
1.22628
1.22532
1.22399
1.2223
1.22029
1.21808
1.21584
1.21377
1.2121
1.21101
1.21059
1.21086
1.21174
1.21307
1.21464
1.21625
1.21772
1.21891
1.21974
1.22018
1.22025
1.21998
1.21944
1.21874
1.21794
1.21714
1.21641
1.2158
1.21537
1.21515
1.21519
1.21556
1.21629
1.2174
1.21886
1.2206
1.22253
1.22455
1.22657
1.22851
1.23029
1.23183
1.23304
1.23379
1.23396
1.23346
1.23218
1.23006
1.22705
1.22314
1.21838
1.21287
1.2068
1.20048
1.19434
1.18896
1.18495
1.18284
1.18287
1.1849
1.18842
1.19271
1.19703
1.20081
1.20369
1.20555
1.20649
1.20683
1.20696
1.20734
1.20834
1.21015
1.21274
1.21586
1.21918
1.22237
1.22513
1.2273
1.22879
1.2296
1.22978
1.22942
1.22864
1.22754
1.22623
1.22477
1.2232
1.22144
1.21942
1.21699
1.21408
1.21075
1.20725
1.20401
1.2015
1.20006
1.19966
1.19995
1.20043
1.2007
1.20056
1.20012
1.19963
1.19944
1.19979
1.20082
1.20249
1.20467
1.20714
1.20975
1.21236
1.21488
1.21726
1.21941
1.22125
1.22265
1.2235
1.22368
1.22315
1.22194
1.22021
1.21825
1.21641
1.215
1.21413
1.21372
1.21348
1.21308
1.21228
1.21098
1.20924
1.2072
1.20506
1.20307
1.20146
1.20049
1.20042
1.20142
1.20354
1.20664
1.21039
1.21432
1.21794
1.22085
1.22275
1.2235
1.22307
1.22154
1.21906
1.21586
1.2122
1.2084
1.2047
1.20133
1.19838
1.19586
1.19371
1.19185
1.19021
1.18877
1.1876
1.18676
1.18635
1.18642
1.18697
1.18789
1.18898
1.19
1.1907
1.19093
1.19068
1.19012
1.1896
1.18954
1.19024
1.1918
1.19405
1.19663
1.19916
1.20133
1.20297
1.204
1.20448
1.20449
1.20412
1.20347
1.20264
1.2017
1.2007
1.19969
1.1987
1.19777
1.19689
1.19609
1.19538
1.19475
1.1942
1.19373
1.19334
1.19303
1.19278
1.19259
1.19245
1.19236
1.19231
1.1923
1.19233
1.19239
1.19248
1.19259
1.19274
1.19291
1.19311
1.19333
1.19357
1.19382
1.19406
1.19429
1.19448
1.19462
1.19469
1.19467
1.19455
1.19432
1.19398
1.19355
1.19303
1.19248
1.19195
1.19149
1.19117
1.19105
1.19118
1.19158
1.19226
1.1932
1.19435
1.19564
1.19703
1.19844
1.19983
1.20116
1.20242
1.20362
1.20478
1.20591
1.20705
1.20821
1.20936
1.2105
1.21158
1.21257
1.21341
1.21408
1.21455
1.21481
1.21488
1.21479
1.21458
1.21434
1.21412
1.21403
1.21415
1.21455
1.21524
1.21625
1.21751
1.21894
1.22045
1.22192
1.22323
1.2243
1.22504
1.22539
1.22531
1.22476
1.2237
1.22213
1.22005
1.2175
1.21459
1.21153
1.2086
1.20615
1.20448
1.20376
1.20395
1.20484
1.2061
1.20743
1.20863
1.20964
1.21054
1.21142
1.2124
1.21355
1.21484
1.21618
1.21739
1.21829
1.2187
1.2185
1.21765
1.2163
1.2147
1.21327
1.21241
1.21245
1.21345
1.21523
1.21743
1.21964
1.22154
1.22292
1.22367
1.22381
1.22338
1.22244
1.2211
1.21942
1.2175
1.21542
1.21325
1.21108
1.20899
1.20708
1.2054
1.20402
1.20296
1.20224
1.20182
1.20166
1.20167
1.20178
1.2019
1.20195
1.20187
1.20161
1.20115
1.20048
1.19961
1.19854
1.19732
1.19597
1.19457
1.1932
1.19197
1.191
1.19036
1.19012
1.19028
1.1908
1.1916
1.19257
1.1936
1.19459
1.19549
1.19625
1.19683
1.19722
1.19739
1.19731
1.19695
1.19632
1.19539
1.19417
1.19268
1.19091
1.18888
1.18658
1.18407
1.18143
1.17875
1.17602
1.17307
1.16964
1.16563
1.16147
1.15833
1.15775
1.16077
1.16713
1.17541
1.18389
1.19129
1.19696
1.20077
1.20282
1.20329
1.20236
1.20021
1.19712
1.19347
1.1898
1.18678
1.18501
1.18486
1.18633
1.1891
1.19264
1.19639
1.1999
1.20286
1.20508
1.2065
1.20713
1.20706
1.20642
1.2054
1.2042
1.20304
1.20204
1.20126
1.20055
1.19963
1.19804
1.19529
1.19091
1.18478
1.17748
1.17052
1.16609
1.16597
1.17026
1.17731
1.18478
1.1909
1.19484
1.19656
1.19647
1.1952
1.19347
1.19202
1.1914
1.19192
1.1935
1.19582
1.19842
1.20087
1.20288
1.20429
1.20508
1.2053
1.20503
1.20438
1.20349
1.20246
1.20142
1.2005
1.19979
1.19938
1.19932
1.19963
1.20028
1.2012
1.20228
1.20342
1.20448
1.20535
1.20591
1.20609
1.20583
1.20514
1.20405
1.20267
1.20111
1.19956
1.19816
1.19704
1.19626
1.19582
1.19565
1.19566
1.1958
1.19603
1.19638
1.19691
1.1977
1.19878
1.20017
1.20183
1.20368
1.20564
1.2076
1.20948
1.21125
1.21286
1.2143
1.21558
1.21669
1.21764
1.21841
1.21897
1.21926
1.2192
1.21868
1.21755
1.21566
1.21282
1.20893
1.20401
1.19831
1.19238
1.18702
1.18302
1.18083
1.18033
1.18095
1.18197
1.1829
1.18354
1.184
1.18454
1.18541
1.18679
1.18872
1.19111
1.19379
1.19652
1.19907
1.20124
1.2029
1.20395
1.20437
1.20418
1.20341
1.20218
1.20066
1.19908
1.19774
1.19694
1.19693
1.19776
1.19936
1.20146
1.20376
1.20592
1.20772
1.209
1.20974
1.20996
1.20978
1.20935
1.20886
1.20849
1.2084
1.2087
1.20941
1.21048
1.21181
1.21323
1.21459
1.21574
1.21658
1.21703
1.21705
1.21663
1.21576
1.21445
1.2127
1.21055
1.20804
1.20525
1.2023
1.19931
1.19645
1.19385
1.19163
1.18988
1.18862
1.18781
1.18738
1.18718
1.18701
1.18669
1.18602
1.18486
1.18317
1.18099
1.17847
1.17582
1.17331
1.17122
1.16981
1.16935
1.17008
1.17215
1.17549
1.17981
1.18458
1.18918
1.19305
1.19582
1.19731
1.19756
1.19679
1.19535
1.19366
1.19214
1.19113
1.19074
1.19089
1.19136
1.19187
1.1922
1.19225
1.19201
1.19158
1.19111
1.1907
1.19044
1.19031
1.19024
1.19015
1.18991
1.18946
1.18878
1.18791
1.18698
1.18615
1.1856
1.18549
1.18591
1.18685
1.18822
1.18989
1.19167
1.1934
1.19494
1.1962
1.19712
1.19767
1.19786
1.19769
1.19718
1.19635
1.19525
1.19388
1.19226
1.19041
1.18829
1.18587
1.18311
1.17998
1.1765
1.17275
1.16896
1.16542
1.16258
1.16085
1.16062
1.16207
1.16515
1.16955
1.17479
1.18034
1.18572
1.19058
1.19471
1.19801
1.20051
1.20226
1.20335
1.20392
1.20406
1.20391
1.20358
1.2032
1.20288
1.2027
1.20274
1.20302
1.20352
1.20418
1.20491
1.2056
1.20613
1.20637
1.20622
1.20562
1.20452
1.20296
1.20103
1.19893
1.19692
1.19532
1.19443
1.19445
1.19535
1.19689
1.19859
1.19982
1.19994
1.19837
1.19478
1.18923
1.18233
1.17522
1.16921
1.16528
1.16362
1.16377
1.16498
1.16669
1.16886
1.17192
1.17629
1.18196
1.18826
1.1943
1.19934
1.20306
1.20552
1.20697
1.2077
1.20792
1.20778
1.20734
1.20663
1.20568
1.20452
1.20322
1.20187
1.20056
1.19939
1.19843
1.19772
1.19727
1.19706
1.19707
1.19723
1.19752
1.1979
1.19834
1.19882
1.19933
1.19985
1.20035
1.20081
1.2012
1.20147
1.20161
1.20157
1.20135
1.20091
1.20025
1.19937
1.19828
1.19699
1.19552
1.19392
1.19221
1.19046
1.18877
1.18725
1.18601
1.18512
1.18456
1.18423
1.18395
1.1835
1.18277
1.18173
1.18055
1.17953
1.17906
1.17948
1.18101
1.1837
1.18737
1.19173
1.19643
1.20114
1.20559
1.20962
1.21311
1.21604
1.21841
1.22025
1.22161
1.22255
1.2231
1.22332
1.22324
1.22288
1.22226
1.22138
1.22024
1.21881
1.21706
1.21495
1.21248
1.20966
1.20658
1.20346
1.20057
1.19829
1.19693
1.19667
1.19745
1.199
1.2009
1.20274
1.20415
1.20492
1.20497
1.20433
1.20312
1.20155
1.19988
1.1984
1.19737
1.19695
1.19722
1.19815
1.19961
1.20142
1.20343
1.20549
1.20749
1.20935
1.21105
1.21253
1.21379
1.2148
1.21554
1.21597
1.21605
1.21574
1.21497
1.21369
1.21188
1.20953
1.20674
1.20367
1.20061
1.19791
1.19592
1.19489
1.19485
1.19563
1.19689
1.19825
1.19936
1.19996
1.19991
1.19916
1.19775
1.19581
1.19351
1.19107
1.18873
1.1867
1.18517
1.18426
1.18402
1.18444
1.18547
1.18698
1.18883
1.19085
1.19292
1.19491
1.19677
1.19849
1.20007
1.20152
1.20286
1.20409
1.20519
1.20612
1.20683
1.20726
1.20732
1.20695
1.20609
1.20472
1.20288
1.20068
1.19839
1.19636
1.19496
1.19454
1.19526
1.19703
1.19959
1.20258
1.20563
1.20849
1.21101
1.21314
1.21487
1.21624
1.21728
1.21806
1.21858
1.21887
1.21895
1.21883
1.21852
1.21803
1.2174
1.21667
1.2159
1.21514
1.21444
1.21384
1.21333
1.21289
1.21244
1.21192
1.21124
1.2103
1.20905
1.20744
1.20544
1.20305
1.20031
1.19732
1.19426
1.19137
1.18896
1.1874
1.18703
1.18806
1.19056
1.19434
1.19903
1.20416
1.20928
1.21406
1.21833
1.222
1.22511
1.22769
1.22981
1.2315
1.23278
1.23367
1.23415
1.23422
1.23391
1.23321
1.23218
1.23085
1.2293
1.22761
1.22586
1.22412
1.22247
1.22095
1.21961
1.21847
1.21755
1.21683
1.21627
1.21581
1.21541
1.21499
1.21455
1.2141
1.21372
1.21348
1.21345
1.21364
1.21401
1.21445
1.21483
1.21506
1.21508
1.21488
1.21449
1.21395
1.21333
1.21267
1.21203
1.21144
1.21093
1.21053
1.21025
1.21013
1.21019
1.21046
1.21098
1.21177
1.21284
1.2142
1.21581
1.21763
1.21961
1.22166
1.2237
1.22566
1.22746
1.22904
1.23032
1.23125
1.23178
1.23186
1.23144
1.23047
1.22892
1.22679
1.22408
1.22085
1.2172
1.21327
1.2092
1.20515
1.20123
1.19749
1.19394
1.19049
1.18705
1.18354
1.17996
1.17648
1.17347
1.17151
1.17122
1.17293
1.17645
1.18106
1.18585
1.19007
1.19334
1.19562
1.1971
1.19805
1.19868
1.19912
1.1994
1.19952
1.19949
1.19931
1.19901
1.19865
1.19826
1.19788
1.19752
1.19718
1.19684
1.19645
1.19599
1.19541
1.19473
1.19396
1.19316
1.19238
1.19164
1.1909
1.19006
1.18895
1.18741
1.18535
1.18292
1.18045
1.17853
1.17772
1.17837
1.18037
1.18319
1.18613
1.18853
1.19
1.1904
1.18988
1.1888
1.18765
1.18693
1.18705
1.18818
1.19021
1.19285
1.19569
1.19839
1.20068
1.20242
1.20355
1.20407
1.20404
1.2035
1.20255
1.20126
1.19972
1.19803
1.19626
1.19447
1.19271
1.191
1.18941
1.188
1.18687
1.1861
1.18572
1.18571
1.18601
1.18651
1.18714
1.18783
1.18856
1.18929
1.18998
1.19057
1.19101
1.19127
1.1914
1.19145
1.19157
1.19186
1.19243
1.19332
1.19452
1.19594
1.19745
1.19889
1.20016
1.2012
1.20205
1.20281
1.20368
1.20483
1.20637
1.20826
1.21028
1.2121
1.21328
1.21332
1.21169
1.20787
1.20149
1.19272
1.18288
1.17466
1.17127
1.17432
1.18247
1.19256
1.20176
1.20864
1.21294
1.21502
1.21534
1.21431
1.21223
1.20932
1.2058
1.20194
1.19811
1.19479
1.1925
1.19161
1.19224
1.19419
1.19704
1.20027
1.20345
1.2063
1.20869
1.21058
1.21204
1.21311
1.2139
1.21446
1.21487
1.21518
1.21543
1.21565
1.21589
1.21615
1.21646
1.21683
1.21729
1.21782
1.21843
1.2191
1.21981
1.22051
1.22112
1.22154
1.22162
1.22116
1.21992
1.21763
1.21406
1.20914
1.20312
1.19676
1.19123
1.18775
1.1869
1.18826
1.19068
1.19293
1.19423
1.19438
1.19364
1.19248
1.1914
1.19074
1.19066
1.1911
1.19186
1.19269
1.19339
1.19393
1.1944
1.19508
1.19624
1.19811
1.20072
1.20396
1.20758
1.21131
1.21487
1.21809
1.22081
1.22296
1.22448
1.22537
1.22565
1.22536
1.2246
1.22349
1.2222
1.2209
1.21976
1.21894
1.2185
1.21845
1.21871
1.21915
1.21965
1.22009
1.2204
1.22054
1.22047
1.22019
1.21965
1.2188
1.21758
1.21593
1.21386
1.21148
1.20901
1.20678
1.20516
1.20448
1.20484
1.20612
1.20795
1.20984
1.21131
1.21203
1.21189
1.21107
1.21002
1.2094
1.20984
1.21172
1.21501
1.21929
1.22394
1.22838
1.23223
1.23527
1.23745
1.23881
1.23942
1.23934
1.23864
1.23736
1.23557
1.2333
1.23062
1.22763
1.22447
1.22135
1.21852
1.21627
1.21486
1.21446
1.21506
1.21649
1.21847
1.22062
1.22261
1.22415
1.22503
1.22509
1.22424
1.22243
1.21969
1.21617
1.21214
1.20804
1.20436
1.20158
1.20006
1.19989
1.20096
1.20305
1.20585
1.20913
1.21265
1.21621
1.21963
1.22276
1.22549
1.22779
1.22967
1.23118
1.2324
1.23339
1.2342
1.23486
1.2354
1.23582
1.23612
1.23629
1.23633
1.23623
1.236
1.23563
1.23513
1.2345
1.23372
1.23282
1.23179
1.23063
1.22938
1.22804
1.22666
1.22528
1.22397
1.22279
1.22179
1.221
1.2204
1.21995
1.21952
1.21895
1.21808
1.21671
1.21469
1.21193
1.20846
1.20445
1.20027
1.19645
1.19354
1.19199
1.19191
1.19308
1.195
1.19715
1.19909
1.20056
1.20148
1.2019
1.20195
1.20174
1.20141
1.201
1.20056
1.20011
1.19969
1.19942
1.19947
1.20008
1.2014
1.20349
1.20621
1.20931
1.21247
1.21539
1.21785
1.21972
1.22093
1.22149
1.22142
1.22074
1.21951
1.21776
1.21553
1.21289
1.20993
1.20674
1.20348
1.20027
1.19722
1.19437
1.19165
1.18883
1.18561
1.18163
1.17675
1.17126
1.16612
1.16287
1.16292
1.16667
1.17318
1.18076
1.18787
1.19359
1.19761
1.20002
1.20104
1.20088
1.19976
1.1978
1.19516
1.19196
1.1884
1.18474
1.18129
1.17839
1.17634
1.17535
1.17544
1.17649
1.17827
1.1805
1.18289
1.18521
1.18726
1.18893
1.19014
1.19087
1.19111
1.1909
1.19026
1.18924
1.1879
1.18628
1.1844
1.18232
1.18009
1.17781
1.17563
1.17378
1.17251
1.17201
1.17234
1.17339
1.17488
1.17645
1.17773
1.17844
1.17836
1.17739
1.17551
1.1728
1.16945
1.16582
1.16235
1.15958
1.15795
1.15769
1.15873
1.16074
1.16327
1.16592
1.16837
1.17047
1.17218
1.17352
1.17456
1.17538
1.17606
1.17664
1.17719
1.17773
1.17829
1.17886
1.17944
1.18004
1.18062
1.18118
1.18171
1.18219
1.18261
1.18296
1.18325
1.18345
1.18356
1.18356
1.18342
1.1831
1.18257
1.18181
1.18086
1.17981
1.17882
1.17815
1.17803
1.17866
1.18006
1.18211
1.18457
1.18712
1.18944
1.19132
1.19259
1.19318
1.19308
1.19233
1.19101
1.18926
1.18724
1.18515
1.18318
1.1815
1.18028
1.17962
1.17957
1.18014
1.18129
1.18292
1.18491
1.18716
1.18954
1.19196
1.19435
1.19663
1.19876
1.20069
1.20238
1.20381
1.20498
1.2059
1.20657
1.20704
1.20735
1.20754
1.20767
1.20774
1.20774
1.20761
1.20728
1.20665
1.20566
1.20431
1.20267
1.20088
1.19914
1.19767
1.19664
1.19614
1.19615
1.19656
1.19718
1.19785
1.19839
1.1987
1.19873
1.1985
1.19807
1.19755
1.19704
1.19666
1.1965
1.19662
1.19704
1.19776
1.19876
1.19997
1.20131
1.20269
1.20399
1.20509
1.20588
1.20625
1.20612
1.20543
1.20416
1.20234
1.20007
1.19751
1.19488
1.19243
1.19042
1.18904
1.18838
1.18846
1.18921
1.19051
1.19226
1.19435
1.19667
1.19911
1.20154
1.20384
1.20591
1.20763
1.20893
1.20971
1.20988
1.20933
1.20797
1.20569
1.20242
1.19821
1.19325
1.18794
1.18288
1.17872
1.17595
1.1747
1.17479
1.17584
1.17759
1.17991
1.18277
1.18608
1.18959
1.19295
1.19581
1.1979
1.19903
1.19917
1.19833
1.1966
1.19411
1.19107
1.18772
1.18436
1.18131
1.17887
1.17722
1.17647
1.17653
1.17722
1.17825
1.17939
1.18046
1.18143
1.18237
1.18337
1.18451
1.18572
1.18689
1.18785
1.18847
1.18871
1.18863
1.18833
1.18795
1.18763
1.18741
1.18732
1.18731
1.1873
1.18721
1.18696
1.1865
1.18582
1.1849
1.18377
1.1825
1.18114
1.1798
1.17858
1.17762
1.177
1.17683
1.17711
1.17784
1.17892
1.18024
1.18166
1.18305
1.18431
1.18536
1.18616
1.18669
1.18697
1.187
1.18682
1.18646
1.18595
1.18531
1.18456
1.18373
1.18281
1.18181
1.18072
1.17952
1.17819
1.1767
1.17501
1.17313
1.17107
1.16889
1.16671
1.1647
1.16307
1.16199
1.16157
1.16181
1.16253
1.16349
1.16438
1.16488
1.16475
1.1638
1.162
1.1594
1.15627
1.153
1.15008
1.14794
1.14683
1.14668
1.14719
1.148
1.14888
1.14986
1.15115
1.15307
1.15582
1.15932
1.16324
1.16715
1.17062
1.17339
1.17539
1.17667
1.17743
1.17788
1.17824
1.17864
1.17917
1.17978
1.18038
1.18082
1.18091
1.18049
1.17939
1.17744
1.17447
1.17033
1.16496
1.15848
1.15146
1.14497
1.14046
1.13912
1.14123
1.14596
1.15191
1.15778
1.16285
1.16687
1.16994
1.17229
1.17415
1.17574
1.17719
1.1786
1.18001
1.1814
1.18275
1.184
1.18509
1.18597
1.1866
1.18697
1.18706
1.1869
1.18652
1.18598
1.18534
1.1847
1.18413
1.18374
1.18359
1.18375
1.18422
1.18501
1.18608
1.18737
1.18881
1.19035
1.19192
1.19348
1.195
1.19644
1.19779
1.19904
1.20015
1.20108
1.20177
1.20211
1.20199
1.20127
1.19978
1.19738
1.19394
1.18947
1.18407
1.17808
1.17208
1.16686
1.16332
1.16223
1.16392
1.1681
1.17397
1.18047
1.18669
1.19203
1.19623
1.19929
1.20134
1.20256
1.20317
1.20337
1.2033
1.20311
1.20289
1.20273
1.20265
1.20269
1.20284
1.20309
1.20339
1.20364
1.20369
1.20327
1.20204
1.19963
1.19567
1.19002
1.1829
1.17515
1.16819
1.16376
1.16313
1.16653
1.17298
1.18081
1.18843
1.19487
1.19978
1.20331
1.20585
1.20777
1.20935
1.21069
1.21176
1.21243
1.21258
1.21209
1.21084
1.20879
1.20592
1.20233
1.19826
1.1942
1.1909
1.18918
1.18965
1.19242
1.19702
1.20262
1.20841
1.21379
1.21846
1.22235
1.22553
1.22812
1.23027
1.23208
1.23365
1.23503
1.23627
1.23737
1.23834
1.23915
1.23978
1.24017
1.2403
1.24012
1.2396
1.23874
1.23757
1.23618
1.23469
1.23324
1.23196
1.23094
1.23018
1.22958
1.22902
1.22833
1.22741
1.22627
1.22503
1.2239
1.2232
1.22321
1.22414
1.22604
1.22876
1.23197
1.23526
1.23817
1.24036
1.24157
1.24174
1.24094
1.23942
1.2375
1.2356
1.23413
1.23339
1.23359
1.23474
1.23671
1.23929
1.2422
1.2452
1.24806
1.25063
1.2528
1.25449
1.25569
1.25639
1.25662
1.25645
1.25596
1.25526
1.25444
1.25362
1.25285
1.25218
1.25165
1.25125
1.25098
1.25086
1.25091
1.25116
1.25164
1.25237
1.25335
1.25456
1.25595
1.25744
1.25895
1.26038
1.26164
1.26264
1.26332
1.2636
1.26341
1.26267
1.26133
1.25929
1.25648
1.25283
1.2483
1.24291
1.23681
1.23025
1.22369
1.21772
1.21299
1.21002
1.20902
1.2098
1.21184
1.21445
1.21701
1.21908
1.22048
1.22125
1.2216
1.22178
1.22206
1.22264
1.22361
1.22492
1.22636
1.22765
1.22846
1.22851
1.22759
1.2256
1.22259
1.21876
1.21456
1.21071
1.20805
1.20733
1.20887
1.21242
1.21725
1.22242
1.2271
1.23069
1.23283
1.23342
1.23249
1.23019
1.22676
1.22251
1.21784
1.21318
1.20898
1.2056
1.20328
1.2021
1.20192
1.20252
1.20358
1.2048
1.20594
1.20689
1.20762
1.20821
1.20879
1.20947
1.21035
1.21147
1.2128
1.21431
1.21592
1.21756
1.21917
1.22072
1.22217
1.22351
1.22472
1.2258
1.22673
1.22751
1.22812
1.22855
1.22875
1.22867
1.22826
1.22742
1.22606
1.22409
1.22143
1.21806
1.21409
1.20975
1.20543
1.2016
1.19868
1.19688
1.19607
1.19584
1.19569
1.19522
1.19424
1.19279
1.19111
1.18952
1.18836
1.18794
1.18853
1.19035
1.19345
1.19763
1.20253
1.20767
1.21265
1.21719
1.22117
1.22457
1.22742
1.2298
1.23178
1.23342
1.23475
1.23583
1.23666
1.23726
1.23762
1.23775
1.23763
1.23724
1.23655
1.23556
1.23425
1.23264
1.23081
1.22888
1.22702
1.22548
1.22449
1.22423
1.22478
1.22609
1.22798
1.23024
1.23263
1.23496
1.23711
1.23902
1.24067
1.24209
1.24329
1.24433
1.24524
1.24605
1.24679
1.24748
1.24813
1.24876
1.24936
1.24994
1.2505
1.25105
1.25157
1.25207
1.25254
1.25296
1.25332
1.25358
1.25372
1.25369
1.25347
1.25299
1.25225
1.2512
1.24984
1.24818
1.24627
1.24417
1.24198
1.23982
1.23784
1.23617
1.23494
1.23426
1.23418
1.23474
1.23593
1.23768
1.23993
1.24255
1.24542
1.24842
1.2514
1.25427
1.2569
1.25923
1.2612
1.26278
1.26395
1.26471
1.26509
1.26512
1.26482
1.26426
1.26347
1.26249
1.26135
1.26007
1.25862
1.25699
1.25514
1.25305
1.25072
1.24819
1.24556
1.24295
1.24053
1.23842
1.23671
1.23541
1.23445
1.23373
1.23311
1.23245
1.23161
1.23043
1.22882
1.22672
1.22429
1.22188
1.22005
1.21933
1.21995
1.22164
1.22374
1.22552
1.22652
1.22676
1.22661
1.22665
1.22733
1.22882
1.23093
1.23331
1.23558
1.2375
1.239
1.24011
1.24093
1.24157
1.2421
1.24256
1.24295
1.24325
1.2434
1.24334
1.24301
1.24233
1.24127
1.23975
1.23776
1.23528
1.23234
1.22901
1.22547
1.22192
1.2186
1.21567
1.21317
1.21096
1.2088
1.20643
1.20373
1.20078
1.19781
1.19509
1.1929
1.19152
1.19133
1.19272
1.19586
1.20051
1.20597
1.21144
1.21625
1.22002
1.22269
1.22434
1.22517
1.22538
1.22516
1.22468
1.22408
1.22347
1.22292
1.22251
1.22226
1.2222
1.22232
1.22262
1.22306
1.22362
1.22424
1.22492
1.22561
1.22629
1.22695
1.22756
1.22811
1.22855
1.22882
1.22885
1.22851
1.22766
1.22615
1.22382
1.2206
1.21659
1.21211
1.20777
1.20434
1.20251
1.20253
1.20415
1.20677
1.20969
1.21243
1.21475
1.21663
1.21816
1.21947
1.22065
1.22178
1.22291
1.22411
1.22543
1.22699
1.22886
1.2311
1.23369
1.23654
1.2395
1.24237
1.24495
1.24711
1.24873
1.24981
1.2504
1.25062
1.25061
1.25055
1.25056
1.25074
1.25111
1.25166
1.25235
1.25314
1.25397
1.25478
1.25546
1.25591
1.25598
1.25553
1.2544
1.25245
1.24954
1.24562
1.24074
1.2351
1.22917
1.22369
1.21962
1.21792
1.21917
1.22335
1.22982
1.23753
1.24546
1.25283
1.25916
1.26425
1.26809
1.27079
1.27245
1.27323
1.27325
1.27262
1.27144
1.26981
1.26784
1.26563
1.26333
1.26107
1.259
1.25723
1.25585
1.25487
1.25425
1.25392
1.25377
1.2537
1.25363
1.25351
1.25329
1.25296
1.25254
1.25202
1.25145
1.25084
1.25024
1.24967
1.24918
1.24878
1.24852
1.2484
1.24843
1.2486
1.24888
1.24925
1.24965
1.25001
1.25025
1.25027
1.24996
1.24919
1.24779
1.24558
1.24237
1.23799
1.23238
1.22567
1.21836
1.21134
1.20576
1.20257
1.2021
1.20389
1.20705
1.21067
1.2142
1.21743
1.22037
1.22317
1.22595
1.22879
1.23172
1.23473
1.23774
1.24071
1.24356
1.24624
1.24871
1.25093
1.25289
1.25458
1.25598
1.25708
1.25786
1.25826
1.25825
1.25777
1.25677
1.25522
1.25314
1.25058
1.24767
1.2446
1.24161
1.23896
1.23692
1.23567
1.23529
1.23573
1.23678
1.23814
1.23942
1.24022
1.24014
1.23882
1.23597
1.23135
1.2248
1.21627
1.20598
1.19461
1.18354
1.17483
1.17073
1.17264
1.18028
1.19178
1.20467
1.21688
1.22714
1.23497
1.24041
1.24376
1.24546
1.24593
1.24557
1.24465
1.24338
1.2419
1.24027
1.23851
1.23664
1.23467
1.2326
1.23049
1.22845
1.22661
1.22517
1.22428
1.22404
1.22443
1.22532
1.22649
1.22765
1.22853
1.22892
1.22863
1.2276
1.22588
1.22367
1.22136
1.21943
1.21839
1.2186
1.22007
1.22254
1.22553
1.22853
1.23115
1.23313
1.23438
1.23488
1.23464
1.2337
1.23209
1.22981
1.22689
1.22334
1.21926
1.21485
1.21048
1.20662
1.20381
1.20247
1.20276
1.2045
1.20726
1.21051
1.21381
1.21682
1.21938
1.22143
1.22298
1.2241
1.22486
1.22532
1.22555
1.22562
1.22556
1.22541
1.22519
1.22489
1.2245
1.224
1.22336
1.22259
1.22169
1.22074
1.21988
1.21924
1.21897
1.21914
1.21975
1.22065
1.22164
1.22246
1.22288
1.22268
1.22169
1.21976
1.21675
1.21262
1.20747
1.20179
1.19657
1.19316
1.19279
1.19585
1.20162
1.20868
1.21564
1.22159
1.22616
1.22934
1.23131
1.23226
1.23241
1.23189
1.23083
1.22933
1.22746
1.22529
1.22291
1.22037
1.21776
1.21517
1.21267
1.21031
1.20815
1.20619
1.20446
1.20293
1.20161
1.20046
1.19944
1.19848
1.1975
1.19645
1.19545
1.19474
1.19477
1.19596
1.19855
1.20242
1.20713
1.21208
1.21673
1.22072
1.22387
1.22621
1.22782
1.22886
1.22948
1.22981
1.22996
1.23003
1.23007
1.23017
1.23038
1.23078
1.23145
1.23247
1.23387
1.23566
1.2378
1.2402
1.24272
1.24521
1.24752
1.2495
1.25103
1.25203
1.25245
1.2523
1.25163
1.25056
1.24924
1.24786
1.2466
1.24558
1.2448
1.24419
1.2436
1.24294
1.24225
1.24175
1.24182
1.24279
1.24479
1.24764
1.25093
1.25416
1.25699
1.25926
1.26098
1.26231
1.26343
1.2645
1.26564
1.26688
1.26818
1.26947
1.27061
1.27142
1.2717
1.27123
1.26979
1.26721
1.26346
1.25872
1.25341
1.24817
1.24378
1.24085
1.23969
1.24017
1.24185
1.24418
1.24667
1.24898
1.25095
1.25252
1.25368
1.25444
1.25482
1.25482
1.25443
1.25369
1.25268
1.25155
1.25051
1.24974
1.24935
1.2493
1.24942
1.2495
1.2494
1.24908
1.24863
1.24825
1.2481
1.24828
1.24879
1.24949
1.25017
1.25059
1.25055
1.24998
1.24892
1.24759
1.24632
1.24538
1.24492
1.24489
1.24503
1.24503
1.24466
1.24383
1.24264
1.24127
1.23988
1.23858
1.23732
1.23593
1.23423
1.23206
1.22942
1.22648
1.22361
1.22125
1.21979
1.21939
1.22
1.22144
1.22347
1.22591
1.22861
1.23138
1.23402
1.23628
1.23796
1.23891
1.23906
1.23839
1.23696
1.23488
1.23232
1.22949
1.22663
1.22399
1.22176
1.22009
1.21903
1.21857
1.21866
1.21924
1.22024
1.22157
1.22312
1.22476
1.22635
1.22775
1.2289
1.22973
1.23022
1.23036
1.23017
1.22964
1.22877
1.22758
1.22609
1.22438
1.22253
1.22068
1.219
1.21762
1.21669
1.21626
1.21633
1.21683
1.21766
1.21868
1.21977
1.22082
1.22178
1.22262
1.22335
1.22397
1.22453
1.22505
1.22554
1.226
1.22643
1.2268
1.2271
1.2273
1.2274
1.22736
1.2272
1.22691
1.2265
1.22595
1.22528
1.22447
1.22352
1.2224
1.22109
1.21956
1.21776
1.21564
1.21315
1.21024
1.20689
1.2031
1.19892
1.19451
1.1901
1.18605
1.18274
1.18057
1.17974
1.18028
1.18195
1.18437
1.18713
1.1899
1.19242
1.19459
1.19637
1.19782
1.19898
1.19993
1.20073
1.20143
1.20207
1.20267
1.20323
1.20374
1.20419
1.20455
1.20478
1.20483
1.20466
1.20422
1.20346
1.20233
1.20082
1.19895
1.1968
1.19452
1.19232
1.19048
1.18924
1.18875
1.18904
1.18999
1.19138
1.19297
1.19454
1.19595
1.19711
1.19798
1.19859
1.19893
1.19904
1.19894
1.19866
1.1982
1.19763
1.19697
1.1963
1.19569
1.19523
1.19501
1.19512
1.19563
1.19656
1.19791
1.19961
1.20156
1.20359
1.2055
1.20708
1.20812
1.20847
1.20803
1.20683
1.20509
1.20318
1.2016
1.20082
1.20105
1.20218
1.20382
1.20555
1.2071
1.20847
1.20989
1.2116
1.21372
1.2161
1.21845
1.22035
1.2215
1.22168
1.22092
1.2194
1.21747
1.21557
1.21412
1.21336
1.21329
1.21373
1.21437
1.2149
1.2151
1.21479
1.21388
1.21237
1.21044
1.20867
1.20798
1.20939
1.2134
1.21956
1.22668
1.23334
1.23847
1.2415
1.24231
1.24105
1.23804
1.23372
1.22867
1.22354
1.21893
1.21531
1.21288
1.2116
1.21129
1.21182
1.21309
1.2151
1.2178
1.22104
1.22458
1.22812
1.23134
1.234
1.23594
1.23712
1.23755
1.23736
1.23671
1.23583
1.23495
1.23428
1.23397
1.23407
1.23457
1.23535
1.23627
1.2372
1.23803
1.23868
1.23914
1.23942
1.23957
1.23966
1.23974
1.2399
1.24015
1.24049
1.24089
1.2413
1.24163
1.24184
1.24187
1.24171
1.24135
1.24082
1.24014
1.23935
1.23848
1.23755
1.23659
1.23564
1.23476
1.23402
1.23355
1.2335
1.23403
1.23527
1.23721
1.23973
1.24252
1.24523
1.24748
1.24899
1.24959
1.24929
1.24821
1.24653
1.24447
1.2422
1.23983
1.23748
1.23531
1.23352
1.23236
1.23199
1.23243
1.23356
1.23516
1.23694
1.23867
1.24014
1.24121
1.2418
1.24189
1.24146
1.2405
1.23902
1.2371
1.23493
1.23293
1.23163
1.23151
1.23279
1.23526
1.23841
1.24163
1.24446
1.24665
1.24825
1.24947
1.25064
1.2521
1.25407
1.25662
1.25963
1.26286
1.26604
1.26896
1.27146
1.27349
1.27504
1.27616
1.27692
1.27735
1.27752
1.27746
1.27718
1.27669
1.27596
1.27497
1.27371
1.27214
1.27025
1.26806
1.26561
1.26298
1.26031
1.25774
1.25544
1.25356
1.2522
1.25139
1.25111
1.2513
1.2519
1.25281
1.25398
1.25534
1.25681
1.25832
1.25976
1.261
1.26192
1.26242
1.26251
1.26228
1.26197
1.26187
1.26227
1.26332
1.26494
1.2669
1.26886
1.27054
1.27171
1.27232
1.27237
1.27195
1.27118
1.27017
1.26904
1.26785
1.26669
1.26563
1.26473
1.26406
1.26368
1.26363
1.26387
1.26434
1.2649
1.26537
1.26558
1.26539
1.2647
1.26354
1.26199
1.26019
1.25828
1.25637
1.25456
1.25297
1.25179
1.25124
1.25157
1.25293
1.25537
1.25875
1.26279
1.26714
1.27142
1.27527
1.27844
1.28077
1.28219
1.28268
1.28229
1.28113
1.27933
1.27704
1.27444
1.27172
1.26905
1.26656
1.26437
1.26252
1.26103
1.25987
1.259
1.25836
1.2579
1.25758
1.25737
1.25726
1.25725
1.25732
1.25749
1.25776
1.25811
1.25854
1.25904
1.25957
1.26009
1.26056
1.26094
1.2612
1.26134
1.26136
1.26128
1.26113
1.26091
1.26062
1.26026
1.2598
1.2592
1.2584
1.25735
1.25598
1.2543
1.25234
1.25019
1.24801
1.24597
1.24423
1.24294
1.24215
1.24185
1.24197
1.24239
1.24297
1.24357
1.24407
1.24441
1.24453
1.24445
1.24418
1.24378
1.24329
1.24275
1.24215
1.2415
1.24079
1.24001
1.23916
1.23828
1.2374
1.23659
1.2359
1.23536
1.23497
1.23465
1.23429
1.23375
1.23286
1.23154
1.22979
1.2278
1.22591
1.22458
1.22422
1.22499
1.22676
1.22911
1.23152
1.23353
1.23482
1.23521
1.23465
1.23321
1.23098
1.22812
1.22488
1.22153
1.21847
1.21607
1.21465
1.21436
1.21514
1.21674
1.21878
1.22091
1.22284
1.2244
1.22552
1.22621
1.22653
1.22656
1.22637
1.22606
1.22571
1.22539
1.22516
1.22509
1.22522
1.22557
1.22616
1.22694
1.22788
1.2289
1.22994
1.23091
1.23176
1.23243
1.23289
1.23313
1.23315
1.23298
1.23265
1.23219
1.23164
1.23105
1.23042
1.22979
1.22913
1.22844
1.2277
1.22686
1.22591
1.22479
1.22349
1.22199
1.22031
1.21845
1.2165
1.21453
1.21265
1.21096
1.20955
1.20841
1.2075
1.20667
1.20576
1.20462
1.20314
1.20132
1.19925
1.19715
1.1953
1.194
1.19348
1.19379
1.19482
1.19627
1.19779
1.19908
1.19992
1.20028
1.20029
1.20017
1.20021
1.20066
1.2016
1.20296
1.20452
1.20598
1.20703
1.20745
1.20706
1.2058
1.20367
1.20076
1.19728
1.19353
1.1899
1.18681
1.1846
1.18346
1.18334
1.18401
1.18515
1.18644
1.18763
1.1886
1.18928
1.18967
1.18982
1.18977
1.18957
1.18926
1.18888
1.18847
1.18804
1.18765
1.18731
1.18707
1.18696
1.18699
1.18719
1.18754
1.18804
1.18863
1.18928
1.18993
1.19053
1.19104
1.19142
1.19166
1.19172
1.19161
1.19131
1.19084
1.19018
1.18936
1.18838
1.18728
1.18607
1.18481
1.18355
1.18234
1.18121
1.18021
1.17935
1.17863
1.17807
1.17769
1.17757
1.17775
1.17826
1.17909
1.18012
1.18116
1.18198
1.18232
1.18195
1.18072
1.17857
1.17552
1.17171
1.16738
1.16284
1.15845
1.15457
1.15151
1.14949
1.14862
1.1489
1.15025
1.1525
1.1555
1.15906
1.16302
1.16722
1.17149
1.17567
1.17959
1.18312
1.18617
1.18869
1.19066
1.1921
1.19307
1.19362
1.19382
1.19375
1.19346
1.19301
1.19246
1.19185
1.19121
1.19058
1.18997
1.18941
1.18889
1.18843
1.18802
1.18766
1.18734
1.18705
1.18678
1.18652
1.18626
1.18601
1.18576
1.18551
1.18529
1.1851
1.18495
1.18488
1.1849
1.18502
1.18526
1.18561
1.18606
1.18654
1.18696
1.18718
1.18702
1.1863
1.18487
1.18266
1.17975
1.17635
1.17279
1.16941
1.16648
1.16422
1.1628
1.16242
1.1632
1.16514
1.16807
1.17164
1.17552
1.17939
1.183
1.18618
1.18879
1.1908
1.19218
1.19298
1.19327
1.19312
1.19261
1.19183
1.19086
1.18979
1.18871
1.18771
1.18687
1.18626
1.18592
1.18589
1.18618
1.18682
1.18783
1.18922
1.19097
1.19305
1.19536
1.19776
1.20008
1.20209
1.20352
1.20409
1.20348
1.20138
1.19754
1.19188
1.18459
1.17634
1.16819
1.16147
1.15736
1.15651
1.15887
1.16378
1.17025
1.17733
1.1843
1.19075
1.19642
1.20113
1.20474
1.20717
1.20834
1.20831
1.20716
1.20511
1.20242
1.19944
1.19653
1.19405
1.19231
1.19151
1.19172
1.19282
1.19454
1.19651
1.19837
1.19985
1.20077
1.2011
1.20096
1.20062
1.20049
1.20099
1.20248
1.20502
1.20842
1.21224
1.21599
1.21924
1.22169
1.2232
1.22373
1.22332
1.22207
1.22007
1.21749
1.21451
1.21142
1.20853
1.2062
1.20473
1.20432
1.20495
1.20641
1.20841
1.2106
1.2127
1.21457
1.21612
1.21741
1.21849
1.21948
1.22044
1.22146
1.22254
1.22368
1.2248
1.22581
1.22656
1.22691
1.22665
1.22558
1.22355
1.22045
1.2164
1.21178
1.20736
1.20413
1.203
1.20436
1.20789
1.21277
1.21807
1.2231
1.22749
1.23115
1.23415
1.23661
1.23864
1.24036
1.24182
1.24307
1.24415
1.24507
1.24586
1.24653
1.24711
1.24761
1.24804
1.24843
1.24878
1.24908
1.24933
1.2495
1.24958
1.24953
1.24935
1.24902
1.24855
1.24796
1.2473
1.24661
1.24591
1.24522
1.2445
1.24367
1.24262
1.24122
1.23933
1.23681
1.23357
1.22961
1.225
1.21997
1.21491
1.21029
1.20666
1.20447
1.204
1.20529
1.20816
1.2122
1.21695
1.22196
1.22686
1.23141
1.23544
1.23884
1.24155
1.24359
1.24504
1.24603
1.24675
1.24737
1.24801
1.24875
1.24955
1.25035
1.25105
1.25153
1.2517
1.25149
1.25085
1.24976
1.24821
1.24625
1.24395
1.24145
1.23896
1.23668
1.23483
1.23353
1.23278
1.23245
1.23233
1.23218
1.23178
1.23101
1.22978
1.2281
1.22604
1.22368
1.22112
1.21847
1.21577
1.21307
1.21037
1.20764
1.2049
1.20221
1.19973
1.19772
1.19652
1.19645
1.19763
1.19996
1.20314
1.20671
1.21025
1.21342
1.21606
1.21809
1.21952
1.22044
1.22094
1.22111
1.22105
1.22086
1.2206
1.22036
1.2202
1.22014
1.22023
1.22044
1.22075
1.2211
1.22142
1.22162
1.22161
1.22131
1.22066
1.21962
1.21818
1.21635
1.21418
1.21173
1.20912
1.20648
1.20394
1.20171
1.19995
1.19884
1.19851
1.19905
1.20045
1.20263
1.20545
1.20872
1.21225
1.21584
1.21936
1.22267
1.22571
1.22841
1.23074
1.23268
1.23423
1.23542
1.23629
1.23686
1.23721
1.23737
1.23741
1.23739
1.23741
1.23753
1.23782
1.23834
1.23908
1.24002
1.24111
1.24227
1.24343
1.24451
1.24547
1.24627
1.24688
1.24728
1.24746
1.24736
1.24694
1.24614
1.24489
1.24313
1.24086
1.23809
1.23492
1.23152
1.22815
1.22515
1.22292
1.22181
1.22213
1.224
1.22735
1.23193
1.23737
1.24322
1.2491
1.25469
1.25977
1.26422
1.26795
1.27097
1.27328
1.27493
1.27599
1.2765
1.27655
1.27619
1.27551
1.27454
1.27333
1.27191
1.27028
1.26842
1.26627
1.26376
1.26081
1.25733
1.25326
1.24864
1.2436
1.23843
1.23357
1.22945
1.22635
1.22426
1.22287
1.22178
1.22078
1.22007
1.22022
1.22188
1.22537
1.23037
1.23611
1.2417
1.24646
1.25006
1.25248
1.25388
1.25451
1.25461
1.25437
1.2539
1.25324
1.25236
1.2512
1.2497
1.24784
1.24564
1.24315
1.24047
1.2377
1.23494
1.23223
1.22955
1.22683
1.22395
1.22077
1.2172
1.21318
1.20884
1.20449
1.20066
1.19797
1.19692
1.19766
1.19997
1.20336
1.20731
1.21144
1.21545
1.2192
1.22258
1.22554
1.22801
1.22997
1.23137
1.23219
1.23242
1.23205
1.23109
1.22954
1.22746
1.22489
1.22194
1.21875
1.21551
1.21246
1.20984
1.20786
1.20664
1.20617
1.2063
1.20678
1.20731
1.20759
1.20739
1.20656
1.20506
1.20293
1.20033
1.19743
1.19443
1.19146
1.18861
1.18591
1.18342
1.18124
1.17953
1.17849
1.17831
1.1791
1.18087
1.1835
1.18677
1.19038
1.19404
1.19746
1.20044
1.20282
1.20456
1.20567
1.20623
1.20638
1.20623
1.20593
1.20555
1.20515
1.20472
1.20422
1.20361
1.20285
1.20192
1.20085
1.19967
1.19846
1.1973
1.19627
1.19546
1.19494
1.19477
1.19498
1.19559
1.19655
1.1978
1.19922
1.20069
1.20209
1.20334
1.20435
1.20508
1.20553
1.2057
1.2056
1.20525
1.20467
1.2039
1.20294
1.2018
1.20051
1.19907
1.19749
1.19581
1.19405
1.1923
1.19063
1.18918
1.18807
1.18741
1.18729
1.18775
1.18875
1.19021
1.19196
1.19386
1.19572
1.19738
1.19871
1.1996
1.19998
1.1998
1.1991
1.19798
1.19664
1.19537
1.19453
1.19443
1.19522
1.19686
1.19908
1.20153
1.20385
1.20577
1.20715
1.20799
1.20836
1.2084
1.20826
1.20811
1.20803
1.20808
1.20821
1.20835
1.20838
1.20816
1.20763
1.20679
1.20575
1.20474
1.204
1.20372
1.20392
1.20442
1.20488
1.2049
1.20425
1.20296
1.20136
1.19997
1.19932
1.19967
1.20095
1.20279
1.20476
1.20656
1.20805
1.20925
1.21026
1.21115
1.21192
1.21253
1.2129
1.21295
1.21267
1.21211
1.21137
1.21062
1.21003
1.20973
1.2098
1.2102
1.21075
1.21124
1.21139
1.21097
1.20981
1.20785
1.20512
1.20171
1.1977
1.19317
1.18825
1.18326
1.17889
1.17614
1.1759
1.17852
1.18349
1.18987
1.19665
1.2031
1.2088
1.21351
1.21714
1.2197
1.22123
1.22187
1.22173
1.22097
1.21972
1.21813
1.21631
1.21439
1.21245
1.2106
1.20889
1.20737
1.20605
1.20494
1.204
1.20322
1.20253
1.2019
1.20128
1.20065
1.19998
1.19927
1.19852
1.19775
1.19698
1.19622
1.1955
1.19481
1.19414
1.19344
1.19265
1.19164
1.19022
1.18818
1.18533
1.18162
1.17729
1.17307
1.1701
1.16959
1.17212
1.17728
1.18388
1.1906
1.19648
1.20108
1.20433
1.20638
1.20742
1.20767
1.20729
1.20645
1.20526
1.20385
1.20231
1.20066
1.19888
1.19684
1.19434
1.19109
1.18676
1.18115
1.17435
1.16708
1.16083
1.15762
1.15896
1.16491
1.174
1.18414
1.19366
1.20168
1.20796
1.21259
1.21582
1.2179
1.21905
1.21946
1.2193
1.2187
1.21781
1.21674
1.21563
1.21459
1.2137
1.21304
1.21264
1.2125
1.21257
1.21278
1.21305
1.21332
1.21349
1.21353
1.21337
1.213
1.21241
1.21158
1.21052
1.20924
1.20777
1.20615
1.20442
1.20264
1.20087
1.1992
1.19769
1.19643
1.19547
1.19482
1.1945
1.19444
1.19459
1.19483
1.19509
1.19527
1.19534
1.1953
1.19517
1.19502
1.19495
1.19504
1.19536
1.19596
1.19684
1.19796
1.19924
1.2006
1.20194
1.2032
1.20434
1.20535
1.20621
1.20696
1.20762
1.20818
1.20868
1.20911
1.20949
1.20981
1.21008
1.21031
1.2105
1.21065
1.21076
1.21082
1.21082
1.21072
1.2105
1.2101
1.20945
1.20848
1.20712
1.20531
1.20303
1.20032
1.19729
1.19414
1.19108
1.18833
1.18602
1.18424
1.18301
1.18238
1.1824
1.18311
1.18449
1.18643
1.18878
1.19139
1.19411
1.19679
1.19932
1.20157
1.20344
1.20486
1.20579
1.20627
1.20633
1.20604
1.2055
1.20478
1.20394
1.20306
1.20217
1.20132
1.20051
1.19977
1.19908
1.19845
1.19789
1.19738
1.19696
1.19665
1.19649
1.19653
1.19684
1.19743
1.19834
1.19953
1.20094
1.20247
1.20402
1.20547
1.20674
1.20775
1.20845
1.20884
1.20893
1.20876
1.20839
1.20789
1.20732
1.20673
1.20612
1.20549
1.20478
1.20395
1.20297
1.20184
1.20058
1.19924
1.19784
1.19636
1.19473
1.19285
1.19064
1.1881
1.18538
1.18283
1.18091
1.18005
1.18049
1.1822
1.18487
1.18812
1.19156
1.19492
1.19799
1.20064
1.2028
1.20444
1.20556
1.20622
1.20649
1.20642
1.20607
1.2055
1.20472
1.20375
1.20259
1.20123
1.19967
1.19788
1.19587
1.19361
1.19111
1.18836
1.18536
1.18215
1.17882
1.1756
1.17282
1.17094
1.17042
1.17149
1.17408
1.17778
1.18199
1.18615
1.18983
1.19282
1.19504
1.19654
1.19738
1.19765
1.19744
1.19681
1.19582
1.1945
1.19291
1.1911
1.18914
1.18712
1.18515
1.18334
1.1818
1.18061
1.17982
1.1794
1.17928
1.17937
1.17954
1.17967
1.17966
1.17946
1.17903
1.17837
1.17753
1.17659
1.17568
1.17493
1.17445
1.17432
1.17453
1.17502
1.17567
1.17634
1.17695
1.1775
1.17805
1.17872
1.17966
1.18096
1.1826
1.18449
1.18646
1.18828
1.18976
1.19071
1.19099
1.19055
1.18938
1.18761
1.18552
1.1835
1.18203
1.18153
1.18223
1.18406
1.18668
1.18966
1.19256
1.19509
1.1971
1.19854
1.1995
1.20007
1.20041
1.20063
1.20087
1.20122
1.20171
1.20235
1.20311
1.2039
1.20464
1.20525
1.20564
1.20576
1.20557
1.20509
1.20433
1.20335
1.20219
1.20089
1.19946
1.19788
1.19611
1.19412
1.19192
1.18957
1.18722
1.18508
1.1834
1.1824
1.18222
1.18288
1.18429
1.18627
1.18859
1.19104
1.19344
1.19567
1.19765
1.19932
1.20067
1.20167
1.2023
1.20259
1.20256
1.20228
1.20187
1.2015
1.20134
1.20156
1.20225
1.20344
1.20505
1.20693
1.2089
1.21079
1.21245
1.21378
1.21475
1.21532
1.21552
1.21538
1.21495
1.21429
1.21347
1.21255
1.21159
1.21066
1.20976
1.20892
1.20809
1.20722
1.20624
1.20506
1.2036
1.2018
1.19962
1.19708
1.19425
1.19125
1.18827
1.18554
1.18331
1.1818
1.18113
1.18132
1.18228
1.18376
1.18551
1.18722
1.18867
1.18971
1.1903
1.19047
1.19034
1.19001
1.18958
1.18908
1.1885
1.1878
1.18691
1.18581
1.1845
1.18298
1.18132
1.17956
1.17774
1.17591
1.1742
1.17274
1.17178
1.17155
1.17222
1.1738
1.17607
1.17871
1.18132
1.18356
1.18517
1.186
1.18597
1.18502
1.18311
1.18025
1.17646
1.17187
1.16676
1.16165
1.15719
1.15405
1.15264
1.15295
1.15454
1.15678
1.15906
1.16099
1.16237
1.16318
1.1635
1.16344
1.16313
1.16266
1.1621
1.16153
1.16095
1.1604
1.15987
1.15937
1.15891
1.15849
1.15813
1.15786
1.1577
1.15769
1.15784
1.15817
1.15868
1.15936
1.16017
1.16109
1.16207
1.16307
1.16404
1.16496
1.16579
1.1665
1.16707
1.16749
1.16771
1.16774
1.16755
1.16713
1.16649
1.16567
1.1647
1.1637
1.16279
1.16212
1.16185
1.1621
1.1629
1.16422
1.16595
1.1679
1.16991
1.17179
1.17341
1.17466
1.17549
1.17584
1.17571
1.17511
1.1741
1.17276
1.17125
1.16976
1.16852
1.16774
1.1676
1.16818
1.16944
1.17126
1.17347
1.17588
1.17833
1.1807
1.18292
1.18496
1.18683
1.18852
1.19005
1.19143
1.19263
1.19365
1.19445
1.19499
1.19526
1.19523
1.19489
1.19426
1.19337
1.19226
1.19096
1.18954
1.18804
1.18653
1.18507
1.18371
1.1825
1.18147
1.18061
1.17989
1.17929
1.17883
1.17857
1.17863
1.17911
1.18006
1.1814
1.183
1.18466
1.18624
1.18765
1.18887
1.18991
1.19081
1.19163
1.19239
1.19313
1.19387
1.19464
1.19546
1.19629
1.19712
1.19788
1.19848
1.19885
1.19892
1.19864
1.198
1.19699
1.19563
1.19397
1.19204
1.18988
1.18755
1.18509
1.1826
1.18023
1.17816
1.17659
1.17572
1.17568
1.17647
1.17798
1.18004
1.1824
1.18484
1.1872
1.18935
1.19124
1.19283
1.19415
1.19523
1.1961
1.1968
1.19737
1.19785
1.19826
1.19862
1.19895
1.19925
1.19952
1.19976
1.19996
1.20008
1.20012
1.20003
1.19978
1.19936
1.19871
1.19782
1.19668
1.19529
1.19366
1.19186
1.18995
1.18805
1.18628
1.18479
1.18372
1.18318
1.18323
1.1839
1.18513
1.18685
1.18891
1.19116
1.1934
1.19546
1.19714
1.19829
1.1988
1.19865
1.19795
1.197
1.19622
1.19609
1.197
1.19907
1.20211
1.20572
1.20943
1.21284
1.2157
1.2179
1.21943
1.22034
1.22069
1.22054
1.21996
1.21897
1.21763
1.21595
1.21398
1.21177
1.20939
1.20692
1.20448
1.20218
1.20015
1.1985
1.1973
1.19655
1.19617
1.19602
1.19594
1.19575
1.19538
1.1948
1.19412
1.19351
1.19316
1.19331
1.19413
1.19575
1.19816
1.20122
1.20468
1.20822
1.21151
1.21431
1.21643
1.21781
1.21847
1.21849
1.21798
1.21707
1.2159
1.21456
1.21317
1.2118
1.21054
1.20946
1.20865
1.20818
1.20811
1.20844
1.20914
1.21012
1.21124
1.21236
1.21336
1.21414
1.21469
1.21502
1.21521
1.21536
1.21554
1.2158
1.21611
1.21639
1.21649
1.21624
1.21543
1.2139
1.21153
1.2083
1.20435
1.20005
1.19601
1.19295
1.19149
1.19188
1.19389
1.1969
1.20018
1.20309
1.20527
1.20657
1.20705
1.20688
1.20633
1.20567
1.20522
1.20525
1.20598
1.20753
1.20988
1.21287
1.21625
1.21976
1.22314
1.22621
1.22886
1.23105
1.23277
1.23403
1.23483
1.23517
1.23504
1.23442
1.23332
1.23177
1.22987
1.22781
1.22588
1.2244
1.22368
1.22393
1.22515
1.2272
1.22979
1.23261
1.23539
1.23794
1.24013
1.24192
1.24328
1.24421
1.24472
1.2448
1.24445
1.24365
1.24238
1.24064
1.23841
1.23569
1.23253
1.22897
1.22515
1.22121
1.21738
1.21391
1.21107
1.2091
1.20816
1.20827
1.20927
1.21088
1.21274
1.21449
1.21589
1.21686
1.21746
1.21792
1.2185
1.21947
1.22095
1.22288
1.22505
1.2272
1.22907
1.23054
1.23162
1.23241
1.23306
1.23372
1.23449
1.23542
1.23649
1.23763
1.23875
1.23978
1.24061
1.24119
1.24145
1.24135
1.24086
1.23998
1.23875
1.23723
1.23553
1.2338
1.23221
1.23092
1.23004
1.22961
1.22957
1.22979
1.23008
1.23026
1.23017
1.22972
1.22886
1.22761
1.22607
1.22435
1.22263
1.22107
1.21983
1.219
1.21859
1.21856
1.21877
1.2191
1.2194
1.21956
1.21951
1.2192
1.21864
1.21786
1.21691
1.21583
1.21472
1.21364
1.21266
1.21186
1.21128
1.21096
1.2109
1.2111
1.2115
1.21205
1.21269
1.21333
1.21393
1.21442
1.21478
1.21497
1.215
1.21488
1.21462
1.21426
1.21384
1.21341
1.21304
1.2128
1.21275
1.21296
1.21345
1.21424
1.2153
1.21655
1.2179
1.21923
1.22043
1.22139
1.22203
1.22229
1.22217
1.22166
1.22079
1.21958
1.21803
1.21611
1.21379
1.21102
1.20776
1.20403
1.19983
1.19526
1.19044
1.18561
1.18113
1.1775
1.17526
1.17476
1.17598
1.17851
1.18169
1.1849
1.18767
1.18979
1.19125
1.19218
1.19282
1.19345
1.19434
1.19565
1.19743
1.19957
1.20187
1.20407
1.20595
1.20736
1.20822
1.20852
1.20829
1.20761
1.20656
1.20523
1.20373
1.20214
1.20055
1.19905
1.19768
1.1965
1.19553
1.19478
1.19422
1.19382
1.19351
1.19325
1.19295
1.19257
1.19206
1.19136
1.19045
1.18932
1.18797
1.18642
1.18468
1.18279
1.18081
1.17878
1.17674
1.17473
1.17277
1.17089
1.16911
1.16746
1.16601
1.16485
1.16411
1.1639
1.16432
1.16542
1.16715
1.1694
1.17199
1.17475
1.1775
1.18011
1.18247
1.18452
1.18626
1.18767
1.18877
1.1896
1.1902
1.19059
1.19081
1.1909
1.19088
1.19079
1.19064
1.19047
1.19028
1.1901
1.18995
1.18985
1.18981
1.18983
1.18991
1.19005
1.19023
1.19042
1.19058
1.19067
1.19066
1.1905
1.19018
1.18969
1.18905
1.18829
1.18749
1.18673
1.18608
1.18564
1.18546
1.18559
1.186
1.18669
1.1876
1.18865
1.18977
1.19088
1.19193
1.19285
1.19362
1.19421
1.19463
1.19489
1.19499
1.19498
1.19488
1.19474
1.1946
1.19451
1.19453
1.19472
1.19514
1.19582
1.1968
1.19806
1.19956
1.20125
1.20307
1.20493
1.2068
1.20864
1.21044
1.2122
1.21394
1.21568
1.21743
1.21917
1.2209
1.22259
1.2242
1.2257
1.22705
1.22823
1.2292
1.22995
1.23044
1.23068
1.23064
1.23034
1.22977
1.22894
1.22786
1.22654
1.22499
1.2232
1.22116
1.21888
1.21638
1.21369
1.21093
1.20825
1.20584
1.20393
1.20272
1.20234
1.20285
1.20416
1.20614
1.20858
1.21129
1.21407
1.21678
1.21929
1.22153
1.22345
1.22503
1.22627
1.22723
1.22797
1.22855
1.22907
1.22959
1.23014
1.23075
1.2314
1.23201
1.23249
1.23271
1.23252
1.23179
1.23042
1.22843
1.22597
1.22342
1.22134
1.22035
1.22101
1.22355
1.22779
1.23317
1.23898
1.24454
1.24935
1.2531
1.25565
1.25697
1.25711
1.25613
1.25411
1.25117
1.24744
1.2431
1.23836
1.2335
1.22885
1.22475
1.22152
1.21941
1.21854
1.21887
1.22016
1.22205
1.2241
1.2259
1.22711
1.22753
1.22708
1.22586
1.22408
1.22212
1.22042
1.21936
1.21918
1.21992
1.22139
1.22333
1.22542
1.22744
1.22922
1.23071
1.23191
1.23286
1.23361
1.23419
1.23462
1.23491
1.23505
1.23504
1.23491
1.23467
1.23435
1.23399
1.23361
1.23323
1.23284
1.23244
1.232
1.2315
1.2309
1.23017
1.22927
1.22818
1.22685
1.22526
1.2234
1.22125
1.21882
1.21613
1.21322
1.21011
1.20686
1.20351
1.20016
1.19695
1.1941
1.19183
1.19036
1.18974
1.1899
1.19061
1.19158
1.19254
1.19329
1.19371
1.1938
1.19359
1.19323
1.19289
1.19279
1.19318
1.19424
1.19605
1.19852
1.20141
1.2044
1.20713
1.20931
1.21071
1.2112
1.21072
1.20926
1.20691
1.20385
1.20038
1.19696
1.19408
1.1922
1.19159
1.1922
1.19376
1.19585
1.19805
1.20007
1.20174
1.203
1.20386
1.20435
1.20453
1.20444
1.2041
1.20353
1.20274
1.20171
1.20042
1.19885
1.19698
1.1948
1.19232
1.18959
1.18671
1.18386
1.18126
1.17918
1.17783
1.17737
1.17784
1.17915
1.18115
1.18363
1.18637
1.18917
1.19187
1.19435
1.19653
1.19838
1.19989
1.20109
1.20204
1.20278
1.20337
1.20385
1.20427
1.20464
1.20499
1.20531
1.20561
1.20587
1.20609
1.20625
1.20634
1.20634
1.20624
1.20602
1.20567
1.20515
1.20447
1.20361
1.20256
1.20133
1.19994
1.19842
1.19685
1.1953
1.19388
1.19271
1.19192
1.19162
1.19192
1.19287
1.19445
1.1966
1.19921
1.20211
1.20514
1.20815
1.21097
1.21348
1.21558
1.21716
1.21816
1.21851
1.21817
1.21713
1.21543
1.21315
1.21048
1.20765
1.20495
1.20266
1.20104
1.20026
1.20041
1.20147
1.20333
1.20577
1.20849
1.21118
1.21353
1.21529
1.21632
1.21656
1.21602
1.21478
1.21294
1.21061
1.20788
1.2048
1.20142
1.19781
1.19414
1.19067
1.18777
1.18584
1.18518
1.18591
1.18791
1.19084
1.1943
1.19792
1.2014
1.20458
1.20737
1.20977
1.21181
1.21354
1.21501
1.21629
1.21746
1.21857
1.21965
1.22071
1.22173
1.22264
1.22338
1.22386
1.22405
1.22391
1.22347
1.22279
1.22199
1.2212
1.2206
1.22032
1.22046
1.22101
1.22192
1.22305
1.22423
1.22531
1.22618
1.22676
1.22705
1.22705
1.22681
1.22637
1.22576
1.22497
1.22395
1.2226
1.22082
1.2185
1.21552
1.21182
1.20739
1.20229
1.1967
1.1911
1.18639
1.18387
1.18476
1.18943
1.19703
1.2059
1.21439
1.22146
1.22673
1.23025
1.23232
1.23327
1.23342
1.23304
