           0           0           0
   0.0230664           0           0
   0.0461329           0           0
   0.0691993           0           0
   0.0922657           0           0
    0.115332           0           0
    0.138399           0           0
    0.161465           0           0
    0.184531           0           0
    0.207598           0           0
    0.230664           0           0
    0.253731           0           0
    0.276797           0           0
    0.299864           0           0
     0.32293           0           0
    0.345996           0           0
    0.369063           0           0
    0.392129           0           0
    0.415196           0           0
    0.438262           0           0
    0.461329           0           0
    0.484395           0           0
    0.507461           0           0
    0.530528           0           0
    0.553594           0           0
    0.576661           0           0
    0.599727           0           0
    0.622794           0           0
     0.64586           0           0
    0.668926           0           0
    0.691993           0           0
    0.715059           0           0
    0.738126           0           0
    0.761192           0           0
    0.784259           0           0
    0.807325           0           0
    0.830391           0           0
    0.853458           0           0
    0.876524 7.25359e-05 8.06146e-06
    0.899591   0.0034308 5.79448e-05
    0.922657   0.0471241 0.000242583
    0.945724    0.293177 0.000685129
     0.96879     1.00408   0.0014602
    0.991856     2.23811  0.00170529
     1.01492     3.62305  0.00157022
     1.03799     4.61961  0.00162891
     1.06106     4.90316  0.00247263
     1.08412     4.49286   0.0026384
     1.10719     3.66136   0.0019906
     1.13026     2.69633  0.00135085
     1.15332     1.81499  0.00105397
     1.17639     1.12879 0.000877631
     1.19945    0.653243 0.000835216
     1.22252    0.351829 0.000773704
     1.24559    0.179448 0.000573091
     1.26865   0.0887162  0.00036801
     1.29172   0.0488901 0.000298581
     1.31479   0.0415767 0.000283301
     1.33785   0.0603527 0.000302574
     1.36092    0.105788 0.000376796
     1.38399    0.183463 0.000443016
     1.40705    0.300134 0.000508856
     1.43012    0.452964 0.000457934
     1.45319    0.628297 0.000449494
     1.47625    0.797605 0.000642989
     1.49932    0.922011 0.000881613
     1.52238    0.971767 0.000925523
     1.54545     0.93029 0.000880045
     1.56852    0.810085 0.000692638
     1.59158    0.641586 0.000433522
     1.61465    0.464762 0.000396488
     1.63772    0.315854 0.000480554
     1.66078    0.218343  0.00053473
     1.68385    0.191161 0.000612359
     1.70692    0.254357 0.000741772
     1.72998    0.432441 0.000861555
     1.75305    0.748843 0.000898861
     1.77612     1.19744 0.000806037
     1.79918     1.72776 0.000687443
     1.82225     2.23679 0.000922487
     1.84531     2.59716  0.00148575
     1.86838     2.71587  0.00167249
     1.89145     2.55918  0.00165099
     1.91451     2.18274  0.00114459
     1.93758      1.6904 0.000651562
     1.96065     1.19991 0.000590982
     1.98371    0.800716 0.000790271
     2.00678    0.541259 0.000879108
     2.02985    0.432881 0.000880431
     2.05291    0.460162 0.000760873
     2.07598    0.586163 0.000541024
     2.09905     0.75807 0.000358705
     2.12211    0.918173 0.000427497
     2.14518       1.015 0.000631653
     2.16824     1.02272 0.000679906
     2.19131    0.920064 0.000573679
     2.21438    0.780429 0.000376719
     2.23744    0.653218 0.000486776
     2.26051    0.571384 0.000745384
     2.28358    0.571563 0.000891098
