           1    -7.56434    -7.56434           0
           2     -7.5495    -7.55692  0.00742176
           3    -7.54389    -7.55257  0.00610143
           4    -7.55725    -7.55374  0.00447005
           5    -7.54204     -7.5514  0.00417925
           6    -7.55861     -7.5526  0.00361781
           7     -7.5324    -7.54972  0.00420449
           8    -7.56402    -7.55151  0.00405658
           9    -7.55776     -7.5522  0.00364445
          10    -7.54092    -7.55107  0.00344949
          11    -7.56927    -7.55273  0.00353156
          12    -7.54943    -7.55245  0.00323558
          13    -7.53143    -7.55084  0.00338741
          14    -7.55195    -7.55091  0.00313715
          15    -7.55482    -7.55117  0.00293208
          16    -7.53609    -7.55023  0.00290026
          17    -7.55657     -7.5506  0.00274972
          18    -7.53568    -7.54978  0.00272189
          19    -7.54886    -7.54973   0.0025751
          20    -7.55554    -7.55002  0.00246016
          21    -7.56482    -7.55072   0.0024439
          22    -7.56118     -7.5512  0.00237811
          23     -7.5602    -7.55159  0.00230579
          24     -7.5566     -7.5518  0.00221746
          25    -7.53714    -7.55121  0.00220619
          26    -7.54531    -7.55098  0.00213178
          27     -7.5286    -7.55016  0.00221252
          28     -7.5389    -7.54975  0.00216963
          29     -7.5445    -7.54957   0.0021013
          30    -7.56428    -7.55006  0.00208845
          31    -7.55522    -7.55023  0.00202678
          32    -7.57844    -7.55111  0.00215133
          33    -7.55904    -7.55135  0.00209891
          34    -7.53037    -7.55073  0.00212769
          35     -7.5514    -7.55075  0.00206609
          36    -7.54376    -7.55056  0.00201725
          37    -7.55132    -7.55058  0.00196208
          38     -7.5296    -7.55003  0.00198797
          39    -7.56636    -7.55045  0.00198112
          40    -7.54897    -7.55041  0.00193131
          41     -7.5673    -7.55082  0.00192816
          42    -7.55734    -7.55098  0.00188809
          43      -7.541    -7.55074   0.0018582
          44    -7.56297    -7.55102  0.00183663
          45    -7.55325    -7.55107  0.00179603
          46    -7.53963    -7.55082  0.00177408
          47     -7.5533    -7.55088  0.00173672
          48    -7.53288     -7.5505  0.00174099
          49    -7.54607    -7.55041  0.00170748
          50    -7.54926    -7.55039  0.00167314
          51    -7.55417    -7.55046  0.00164168
          52    -7.53674     -7.5502  0.00163129
          53    -7.53902    -7.54999  0.00161405
          54    -7.54823    -7.54995  0.00158421
          55    -7.55966    -7.55013  0.00156511
          56    -7.51882    -7.54957  0.00163547
          57     -7.5709    -7.54995  0.00164955
          58    -7.56076    -7.55013  0.00163155
          59     -7.5652    -7.55039  0.00162387
          60    -7.54978    -7.55038  0.00159661
          61    -7.54894    -7.55035  0.00157039
          62    -7.54068     -7.5502  0.00155272
          63    -7.54527    -7.55012  0.00152987
          64    -7.56355    -7.55033  0.00152033
          65    -7.55862    -7.55046  0.00150218
          66    -7.55995     -7.5506  0.00148622
          67    -7.55017    -7.55059  0.00146389
          68    -7.55981    -7.55073  0.00144855
          69    -7.53751    -7.55054  0.00144021
          70    -7.54408    -7.55045  0.00142248
          71    -7.55265    -7.55048  0.00140264
          72    -7.55495    -7.55054  0.00138442
          73    -7.56659    -7.55076  0.00138291
          74    -7.53225    -7.55051  0.00138683
          75    -7.53639    -7.55032  0.00138111
          76    -7.53769    -7.55015  0.00137292
          77    -7.56881     -7.5504  0.00137645
          78      -7.539    -7.55025  0.00136652
          79    -7.53714    -7.55008  0.00135927
          80    -7.55949     -7.5502  0.00134731
          81    -7.53845    -7.55006  0.00133846
          82    -7.54794    -7.55003  0.00132229
          83    -7.55183    -7.55005  0.00130644
          84    -7.55296    -7.55009  0.00129126
          85    -7.53709    -7.54993   0.0012851
          86     -7.5412    -7.54983  0.00127413
          87    -7.54311    -7.54976  0.00126176
          88    -7.54303    -7.54968  0.00124968
          89    -7.55376    -7.54972  0.00123641
          90     -7.5421    -7.54964  0.00122552
          91    -7.55949    -7.54975  0.00121681
          92    -7.52055    -7.54943  0.00124466
          93    -7.55199    -7.54946  0.00123151
          94    -7.53272    -7.54928  0.00123129
          95     -7.5371    -7.54915  0.00122498
          96    -7.54135    -7.54907  0.00121487
          97    -7.54779    -7.54906  0.00120236
          98    -7.54785    -7.54905  0.00119009
          99    -7.56587    -7.54922  0.00119019
         100    -7.53331    -7.54906  0.00118892
         101    -7.55635    -7.54913  0.00117931
         102    -7.52437    -7.54889  0.00119265
         103    -7.54041     -7.5488  0.00118388
         104    -7.55326    -7.54885  0.00117322
         105    -7.54601    -7.54882  0.00116231
         106    -7.53531    -7.54869  0.00115832
         107    -7.53363    -7.54855  0.00115604
         108     -7.5445    -7.54851   0.0011459
         109    -7.53917    -7.54843  0.00113857
         110    -7.55059    -7.54845  0.00112834
         111    -7.55212    -7.54848  0.00111862
         112    -7.54523    -7.54845  0.00110897
         113    -7.52832    -7.54827  0.00111346
         114    -7.54757    -7.54827  0.00110367
         115    -7.56105    -7.54838  0.00109966
         116    -7.53777    -7.54829  0.00109397
         117    -7.53201    -7.54815  0.00109346
         118    -7.54777    -7.54814  0.00108416
         119    -7.54067    -7.54808  0.00107684
         120    -7.55366    -7.54813  0.00106884
         121    -7.54683    -7.54812  0.00106002
         122    -7.57393    -7.54833  0.00107238
         123    -7.53258     -7.5482   0.0010713
         124    -7.55208    -7.54823  0.00106309
         125    -7.55305    -7.54827  0.00105525
         126    -7.52284    -7.54807  0.00106612
         127    -7.54588    -7.54805  0.00105784
         128    -7.54043    -7.54799  0.00105123
         129     -7.5296    -7.54785  0.00105275
         130    -7.54021    -7.54779  0.00104627
         131    -7.53739    -7.54771  0.00104129
         132    -7.55102    -7.54774  0.00103367
         133    -7.55058    -7.54776   0.0010261
         134    -7.54108    -7.54771  0.00101963
         135    -7.54368    -7.54768  0.00101248
         136    -7.54462    -7.54766  0.00100526
         137    -7.55882    -7.54774  0.00100122
         138    -7.54494    -7.54772 0.000994144
         139    -7.53136     -7.5476 0.000993957
         140    -7.54702     -7.5476 0.000986841
         141    -7.54028    -7.54754 0.000981189
         142    -7.54655    -7.54754  0.00097428
         143    -7.51437     -7.5473 0.000994858
         144    -7.52949    -7.54718 0.000995638
         145    -7.53431    -7.54709 0.000992725
         146     -7.5366    -7.54702 0.000988516
         147    -7.56056    -7.54711 0.000986079
         148    -7.54957    -7.54713 0.000979534
         149    -7.54347     -7.5471 0.000973249
         150    -7.54305    -7.54708 0.000967116
         151    -7.55606    -7.54714 0.000962532
         152     -7.5632    -7.54724 0.000962002
         153    -7.55368    -7.54728 0.000956619
         154    -7.55294    -7.54732 0.000951096
         155     -7.5598     -7.5474 0.000948365
         156    -7.54073    -7.54736 0.000943235
         157    -7.55495    -7.54741 0.000938455
         158    -7.55503    -7.54746 0.000933744
         159    -7.55519     -7.5475 0.000929127
         160     -7.5424    -7.54747 0.000923853
         161    -7.54799    -7.54748 0.000918102
         162    -7.56614    -7.54759 0.000919663
         163    -7.54806    -7.54759 0.000914008
         164    -7.55441    -7.54764 0.000909369
         165    -7.55257    -7.54767 0.000904336
         166    -7.55053    -7.54768 0.000899037
         167    -7.54987     -7.5477 0.000893733
         168    -7.55935    -7.54776 0.000891102
         169    -7.54089    -7.54772 0.000886747
         170    -7.53659    -7.54766 0.000883944
         171    -7.54569    -7.54765 0.000878835
         172    -7.53778    -7.54759 0.000875591
         173     -7.5511    -7.54761 0.000870751
         174    -7.55813    -7.54767 0.000867839
         175    -7.54193    -7.54764 0.000863489
         176    -7.53928    -7.54759 0.000859882
         177    -7.54746    -7.54759  0.00085501
         178    -7.54129    -7.54755  0.00085093
         179      -7.551    -7.54757 0.000846382
         180    -7.56361    -7.54766 0.000846366
         181    -7.56937    -7.54778  0.00085018
         182    -7.53674    -7.54772 0.000847669
         183    -7.55581    -7.54777 0.000844182
         184     -7.5616    -7.54784 0.000842939
         185    -7.56247    -7.54792 0.000842093
         186    -7.54876    -7.54792 0.000837566
         187    -7.51873    -7.54777 0.000847574
         188    -7.54675    -7.54776 0.000843071
         189    -7.53685    -7.54771 0.000840584
         190    -7.52528    -7.54759 0.000844438
         191    -7.55344    -7.54762 0.000840564
         192    -7.54702    -7.54762  0.00083618
         193    -7.52868    -7.54752   0.0008376
         194     -7.5491    -7.54753 0.000833312
         195    -7.53958    -7.54748 0.000830028
         196    -7.55356    -7.54752 0.000826364
         197    -7.56794    -7.54762 0.000828669
         198     -7.5544    -7.54765 0.000825183
         199    -7.56233    -7.54773 0.000824331
         200    -7.55576    -7.54777 0.000821182
