           1     7.49175     7.49175           0
           2     7.57148     7.53162   0.0398658
           3     7.61208     7.55844   0.0353433
           4     7.53665     7.55299   0.0255783
           5     7.61321     7.56504   0.0231861
           6     7.52761      7.5588   0.0199325
           7     7.67398     7.57525   0.0235484
           8      7.4957     7.56531   0.0226887
           9     7.53209     7.56162   0.0203471
          10     7.62301     7.56776   0.0192067
          11     7.46987     7.55886   0.0195197
          12     7.57887     7.56053   0.0178968
          13     7.67577     7.56939   0.0186976
          14     7.56524     7.56909   0.0173131
          15      7.5478     7.56767   0.0161801
          16     7.65252     7.57298   0.0160372
          17     7.54018     7.57105   0.0151873
          18     7.64793     7.57532   0.0149422
          19     7.57744     7.57543   0.0141344
          20     7.54624     7.57397   0.0134883
          21     7.49676     7.57029   0.0133463
          22     7.50755     7.56744   0.0130409
          23     7.51999     7.56538   0.0126306
          24     7.53852     7.56426   0.0121446
          25     7.64461     7.56747   0.0120839
          26     7.60169     7.56879   0.0116842
          27     7.69394     7.57342   0.0121612
          28     7.64345     7.57593   0.0119827
          29      7.6049     7.57692   0.0116052
          30     7.49619     7.57423   0.0115302
          31     7.54467     7.57328   0.0111927
          32     7.41909     7.56846   0.0118602
          33     7.52382     7.56711   0.0115745
          34     7.68075     7.57045   0.0117158
          35     7.56576     7.57032   0.0113769
          36     7.60535     7.57129   0.0110991
          37     7.56587     7.57114   0.0107959
          38     7.68883     7.57424   0.0109549
          39     7.48725     7.57201   0.0109009
          40      7.5813     7.57224   0.0106275
          41      7.4808     7.57001   0.0106023
          42     7.53507     7.56918   0.0103801
          43     7.62531     7.57049   0.0102196
          44     7.50508       7.569   0.0100947
          45       7.553     7.56864  0.00987418
          46     7.62832     7.56994  0.00974388
          47     7.55965     7.56972  0.00953682
          48     7.67227     7.57186  0.00957735
          49     7.59515     7.57233  0.00939189
          50     7.57991     7.57249  0.00920338
          51     7.54699     7.57199  0.00903496
          52     7.65136     7.57351  0.00899003
          53     7.63162     7.57461  0.00888666
          54     7.58546     7.57481  0.00872286
          55     7.52096     7.57383  0.00861858
          56     7.74912     7.57696  0.00902357
          57     7.46005     7.57491  0.00909804
          58     7.51271     7.57384   0.0090039
          59     7.48567     7.57234  0.00897526
          60     7.57552      7.5724  0.00882457
          61     7.58485      7.5726   0.0086811
          62     7.62266     7.57341  0.00857802
          63     7.60228     7.57387  0.00845319
          64     7.50354     7.57277  0.00839231
          65     7.52469     7.57203  0.00829524
          66     7.52712     7.57135  0.00819688
          67     7.57166     7.57135  0.00807361
          68     7.51883     7.57058  0.00799141
          69      7.6455     7.57166  0.00794924
          70     7.61425     7.57227  0.00785844
          71     7.56208     7.57213   0.0077483
          72     7.54851      7.5718  0.00764696
          73     7.48081     7.57055  0.00764379
          74     7.67421     7.57196   0.0076688
          75      7.6465     7.57295  0.00763087
          76     7.64122     7.57385  0.00758319
          77     7.46998      7.5725  0.00760465
          78     7.63172     7.57326  0.00754482
          79     7.63993      7.5741  0.00749636
          80     7.52414     7.57348  0.00742836
          81     7.63352     7.57422  0.00737344
          82     7.59315     7.57445  0.00728662
          83     7.56458     7.57433  0.00719928
          84     7.55927     7.57415  0.00711531
          85     7.64651       7.575  0.00708246
          86     7.61539     7.57547  0.00701535
          87     7.61522     7.57593  0.00694928
          88     7.61022     7.57632   0.0068809
          89     7.55955     7.57613  0.00680576
          90     7.61677     7.57658  0.00674485
          91     7.52156     7.57598  0.00669766
          92     7.73167     7.57767  0.00683722
          93     7.55851     7.57746  0.00676644
          94     7.67289     7.57848  0.00677061
          95     7.64466     7.57918  0.00673509
          96     7.61948      7.5796  0.00667778
          97     7.58628     7.57966  0.00660893
          98     7.58531     7.57972   0.0065414
          99     7.48358     7.57875  0.00654741
         100     7.66818     7.57965  0.00654301
         101     7.54027     7.57926  0.00648962
         102       7.716      7.5806  0.00656405
         103     7.62654     7.58104   0.0065153
         104     7.55488     7.58079  0.00645725
         105     7.59895     7.58096   0.0063978
         106     7.65514     7.58166  0.00637568
         107     7.66618     7.58245  0.00636501
         108     7.60277     7.58264  0.00630861
         109     7.63849     7.58315  0.00627143
         110     7.56789     7.58302   0.0062157
         111     7.55749     7.58279  0.00616374
         112     7.59885     7.58293  0.00611015
         113     7.68965     7.58387  0.00612904
         114     7.59216     7.58395  0.00607547
         115     7.51076     7.58331  0.00605594
         116     7.64144     7.58381  0.00602439
         117     7.67454     7.58459   0.0060228
         118      7.5831     7.58457  0.00597156
         119     7.62217     7.58489  0.00592959
         120     7.55465     7.58464  0.00588536
         121     7.59717     7.58474  0.00583744
         122     7.44209     7.58357  0.00590629
         123     7.67444     7.58431  0.00590448
         124     7.56406     7.58415  0.00585894
         125     7.55655     7.58393  0.00581608
         126     7.72444     7.58504  0.00587651
         127     7.59439     7.58511  0.00583052
         128     7.63332     7.58549  0.00579704
         129       7.685     7.58626  0.00580342
         130     7.62462     7.58656  0.00576616
         131     7.64163     7.58698   0.0057374
         132     7.56942     7.58685  0.00569532
         133     7.57526     7.58676  0.00565301
         134     7.62274     7.58703  0.00561709
         135     7.60997      7.5872  0.00557791
         136     7.59917     7.58728  0.00553745
         137     7.52817     7.58685  0.00551379
         138     7.60098     7.58696  0.00547464
         139     7.67568     7.58759  0.00547247
         140      7.5896     7.58761  0.00543326
         141     7.63077     7.58791  0.00540326
         142     7.59522     7.58797  0.00536532
         143     7.76443      7.5892  0.00546872
         144     7.68692     7.58988  0.00547285
         145     7.66113     7.59037  0.00545714
         146     7.64718     7.59076  0.00543359
         147     7.51424     7.59024  0.00542154
         148     7.57599     7.59014  0.00538564
         149     7.60823     7.59026  0.00535075
         150     7.61132      7.5904  0.00531682
         151     7.54201     7.59008   0.0052912
         152     7.49662     7.58947  0.00529212
         153     7.54821      7.5892  0.00526433
         154     7.55858       7.589  0.00523381
         155     7.51688     7.58853  0.00522071
         156      7.6228     7.58875  0.00519178
         157     7.55244     7.58852  0.00516379
         158     7.54287     7.58823  0.00513914
         159     7.55381     7.58802   0.0051113
         160     7.61534     7.58819  0.00508212
         161     7.58734     7.58818  0.00505046
         162     7.48472     7.58754  0.00505966
         163     7.58954     7.58756  0.00502853
         164     7.55125     7.58734  0.00500268
         165     7.56087     7.58718  0.00497485
         166     7.57034     7.58707  0.00494584
         167     7.57619     7.58701  0.00491656
         168     7.52774     7.58666  0.00489992
         169     7.62651     7.58689  0.00487655
         170     7.65434     7.58729  0.00486399
         171     7.60104     7.58737  0.00483613
         172     7.64401      7.5877  0.00481919
         173     7.56949     7.58759  0.00479241
         174     7.52868     7.58725  0.00477681
         175     7.61822     7.58743  0.00475273
         176     7.63192     7.58768   0.0047324
         177     7.58934     7.58769   0.0047056
         178     7.62152     7.58788  0.00468294
         179     7.57259      7.5878  0.00465749
         180     7.49539     7.58728  0.00465991
         181     7.47165     7.58665  0.00467792
         182     7.65013     7.58699  0.00466521
         183      7.5442     7.58676  0.00464553
         184      7.5101     7.58634  0.00463896
         185     7.51084     7.58594  0.00463183
         186     7.58346     7.58592  0.00460688
         187       7.745     7.58677  0.00466048
         188     7.59666     7.58683  0.00463592
         189     7.64553     7.58714  0.00462178
         190     7.70524     7.58776  0.00463922
         191      7.5547     7.58758  0.00461811
         192     7.59328     7.58761  0.00459409
         193     7.69537     7.58817   0.0046042
         194     7.58529     7.58816  0.00458043
         195     7.63288     7.58839  0.00456265
         196     7.55554     7.58822  0.00454241
         197     7.47452     7.58764    0.004556
         198     7.55202     7.58746   0.0045365
         199     7.51239     7.58709  0.00452938
         200     7.54476     7.58687  0.00451164
