0
0.0270563
0.322048
0.229683
0.201228
0.166745
0.141461
0.129482
0.118445
0.11387
0.105181
0.0984646
0.0978471
0.095985
0.0903437
0.0848468
0.0827229
0.0818023
0.077686
0.0742274
0.0706491
0.0681051
0.0655645
0.06408
0.0628435
0.0605425
0.0609473
0.0587333
0.0583414
0.0563632
0.0554659
0.0542207
0.0532187
0.0565257
0.0550333
0.0548217
0.0533294
0.0519651
0.051182
0.0507887
0.0495958
0.048701
0.0515569
0.0504243
0.0504507
0.0502217
0.049952
0.0490247
0.0481304
0.0471639
0.0462691
0.0461395
0.0454421
0.0459431
0.0452284
0.0450975
0.0443669
0.0437172
0.0430001
0.0427024
0.0423645
0.0420785
0.0414074
0.0407778
0.0401488
0.0395951
0.0390211
0.0384977
0.0379588
0.0397985
0.0392831
0.0388977
0.0384652
0.0380436
0.0378142
0.0374818
0.0369921
0.036615
0.0361489
0.0357822
0.0353757
0.0349417
0.034939
0.0350868
0.0363918
0.0359873
0.0357027
0.0353028
0.034934
0.0345653
0.0342127
0.0338859
0.0337435
0.0334011
0.0331144
0.0327678
0.0331174
0.0328354
0.0326053
0.0325433
