2.97619
3.00325
3.32492
3.29497
3.20095
3.17251
3.16021
3.11829
3.14974
3.10799
3.08668
3.06486
3.10188
3.13361
3.14692
3.15449
3.13233
3.10766
3.10074
3.0919
3.09441
3.08437
3.09235
3.10523
3.09213
3.08767
3.06976
3.07036
3.08422
3.08429
3.09452
3.10198
3.09358
3.1166
3.11258
3.12463
3.12359
3.12114
3.11354
3.10401
3.10647
3.11188
3.13179
3.12949
3.11873
3.10937
3.10041
3.1039
3.10725
3.108
3.1099
3.11829
3.12235
3.11129
3.10788
3.11571
3.11326
3.11
3.11161
3.11762
3.11205
3.11786
3.11828
3.11964
3.11913
3.11696
3.11567
3.11362
3.11495
3.12852
3.13048
3.12691
3.12974
3.12696
3.13156
3.13511
3.13524
3.13253
3.13268
3.13519
3.13683
3.13693
3.13152
3.12524
3.1363
3.13507
3.13813
3.13889
3.14034
3.13912
3.14053
3.13875
3.13486
3.13375
3.13585
3.13594
3.14267
3.14461
3.1472
3.14305
