0.0834513
0.0850092
0.0842106
0.0845043
0.0843446
0.0846083
0.0846445
0.084177
0.0834475
0.0832638
0.0835553
0.0836006
0.0837441
0.0836596
0.0839415
0.0839132
0.0838156
0.0838038
0.083942
0.0838018
0.0835998
0.0833151
0.0833948
0.0834068
0.0834739
0.0835221
0.0835314
0.0836058
0.0835875
0.0834983
0.0834878
0.0835711
0.0834754
0.0835034
0.0836028
0.0835265
0.0834949
0.0834624
0.0834326
0.0834716
0.0834109
0.0833969
0.0834137
0.0834706
0.0834866
0.0833964
0.0833529
0.0834293
0.0834559
0.083479
0.083462
0.0835263
0.0835415
0.0835627
0.0835847
0.0836109
0.0836901
0.0837155
0.0837698
0.083751
0.0837098
0.0837425
0.0837413
0.0837719
0.0837149
0.0836848
0.0837012
0.0837017
0.0837484
0.083762
0.0837782
0.0837687
0.0837388
0.0837595
0.0837463
0.083732
0.0837214
0.0837232
0.0836985
0.0836932
0.0836787
0.0836142
0.0836109
0.0836137
0.0835998
0.083634
0.0836132
0.0836399
0.0836279
0.0836221
0.0836534
0.0836021
0.0835979
0.0835908
0.0835617
0.0835615
0.0835774
0.0835446
0.0835353
0.0835406
