0.193833   -0.469925   -0.23379
-0.456368   0.397213   0.292727
-0.350352   -0.146973   -0.117797
-0.442158   0.281357   0.496301
-0.131042   0.421786   0.4534
0.125948   0.242219   -0.451072
-0.228594   -0.349074   -0.264084
-0.275239   0.490635   -0.398255
-0.115139   0.0529605   -0.46144
0.0861105   0.45787   -0.437785
0.29402   -0.163121   -0.115432
-0.035938   0.483886   -0.284826
0.354471   -0.43644   -0.36808
0.46702   -0.286776   -0.47361
0.248275   -0.00478028   -0.261102
-0.395305   -0.231732   0.0909567
-0.404348   -0.171188   0.387965
0.31947   -0.0862395   -0.454903
-0.021802   -0.111966   0.0939426
-0.420095   -0.368387   -0.320049
-0.113955   -0.243928   0.345845
0.250257   -0.176181   0.393321
0.0746862   -0.125692   -0.161041
-0.0221323   -0.298026   -0.258348
-0.495989   0.168278   -0.304691
-0.124304   0.248079   -0.157218
0.0966039   0.337154   -0.275354
-0.377775   -0.178333   -0.371276
-0.138579   -0.185068   -0.410167
-0.271622   -0.0684356   0.482245
-0.111704   0.30481   -0.361424
0.0439122   -0.244437   -0.495939
0.0465973   -0.0719553   -0.348796
0.284349   0.370908   -0.310767
0.0433012   0.123321   -0.308484
-0.249297   0.250194   0.49742
0.453474   0.287378   -0.16428
-0.246168   -0.463784   0.0242059
-0.485561   -0.450008   0.143329
-0.390473   0.422691   -0.0703468
0.496308   0.425494   -0.328747
-0.147438   -0.15365   -0.0976734
-0.275047   -0.318561   -0.494086
-0.210207   0.474587   -0.185185
-0.082774   -0.391692   -0.456126
0.392993   0.486314   -0.0913863
0.135039   -0.303597   -0.0711553
0.216661   0.198812   -0.148196
-0.25738   0.0180184   -0.00485687
-0.315164   0.0904075   -0.372628
0.379399   -0.296722   -0.00695067
0.499959   0.120175   0.246267
0.202525   -0.139254   0.0864091
0.100661   0.00456022   -0.0265702
-0.130276   0.130717   0.145824
-0.240319   -0.113198   0.239321
0.420454   -0.272777   -0.243393
0.219891   -0.18373   -0.312695
0.375556   -0.242422   0.22786
-0.371974   -0.383222   -0.0938549
0.474871   -0.0461945   -0.097342
-0.356082   0.187622   -0.108204
0.465516   0.13198   0.0294079
-0.197566   0.297681   0.0260058
0.461817   -0.0917011   0.127719
-0.236194   -0.0647763   -0.297061
-0.1717   -0.453523   0.211338
-0.0923195   0.0151648   -0.164693
0.289854   0.0264726   -0.0276731
0.0621742   0.209091   -0.00707131
0.143872   0.442756   -0.0397701
0.324202   0.0437069   0.196669
0.338017   -0.479909   0.272497
-0.292752   -0.29638   0.26874
0.467038   0.488363   0.463564
-0.284785   0.369553   0.187412
-0.0618406   0.442514   -0.060465
-0.0968617   -0.366908   -0.0767313
0.167905   -0.35361   -0.384012
-0.159916   -0.257209   0.116649
0.14568   0.365636   0.36153
0.237275   -0.419743   0.0779288
0.080374   -0.436478   0.386092
0.310841   0.368012   -0.494868
-0.47622   -0.358102   0.339474
-0.382754   0.100622   0.394616
0.278683   -0.374603   0.416861
0.435124   -0.0951342   -0.283983
-0.292638   -0.482707   0.376541
0.0815809   0.0317886   0.488578
-0.0770384   0.00118391   0.30682
0.160972   -0.0279598   0.294079
0.0354426   -0.394214   0.117963
0.449152   -0.0609026   0.355745
0.245149   0.123303   0.40107
0.158812   -0.283405   0.253981
-0.344525   0.174044   0.102966
0.474596   0.362182   0.0996136
-0.304591   0.28832   -0.29137
-0.489769   -0.00706875   -0.465557
-0.240022   0.208267   0.289689
0.145492   0.457803   0.194336
-0.0516607   0.221493   0.42992
-0.0605743   0.346185   0.215366
0.278049   0.310715   0.0317314
0.348494   0.320832   0.232695
0.313949   0.154007   -0.406005
0.141835   0.116076   0.168279
