           0           0           0
   0.0230664           0           0
   0.0461329           0           0
   0.0691993           0           0
   0.0922657           0           0
    0.115332           0           0
    0.138399           0           0
    0.161465           0           0
    0.184531           0           0
    0.207598           0           0
    0.230664           0           0
    0.253731           0           0
    0.276797           0           0
    0.299864           0           0
     0.32293           0           0
    0.345996           0           0
    0.369063           0           0
    0.392129           0           0
    0.415196           0           0
    0.438262           0           0
    0.461329           0           0
    0.484395           0           0
    0.507461           0           0
    0.530528           0           0
    0.553594           0           0
    0.576661           0           0
    0.599727           0           0
    0.622794           0           0
     0.64586           0           0
    0.668926           0           0
    0.691993           0           0
    0.715059           0           0
    0.738126           0           0
    0.761192           0           0
    0.784259           0           0
    0.807325           0           0
    0.830391           0           0
    0.853458           0           0
    0.876524           0           0
    0.899591  0.00363788 0.000834787
    0.922657   0.0459176  0.00286348
    0.945724    0.286727  0.00814846
     0.96879     1.02891   0.0151138
    0.991856     2.27193   0.0227299
     1.01492     3.67818   0.0272323
     1.03799     4.59457   0.0265054
     1.06106     4.78841   0.0269437
     1.08412     4.50048   0.0341153
     1.10719     3.63967   0.0295794
     1.13026     2.68407   0.0197901
     1.15332     1.83133   0.0166276
     1.17639      1.1222   0.0131316
     1.19945    0.671315  0.00948985
     1.22252    0.369735  0.00756221
     1.24559     0.18669  0.00561171
     1.26865   0.0917835  0.00460882
     1.29172   0.0533432   0.0029254
     1.31479    0.045231   0.0026142
     1.33785   0.0704908  0.00314208
     1.36092    0.117012  0.00381483
     1.38399    0.212007  0.00536369
     1.40705     0.31784  0.00543806
     1.43012    0.455883  0.00614159
     1.45319    0.631488  0.00740122
     1.47625    0.785546  0.00885008
     1.49932    0.900842   0.0110218
     1.52238    0.929294  0.00993573
     1.54545    0.886631   0.0087265
     1.56852    0.776929  0.00805567
     1.59158    0.644224   0.0072419
     1.61465    0.478821  0.00622432
     1.63772    0.329892  0.00550681
     1.66078    0.240257  0.00541309
     1.68385    0.214588  0.00550361
     1.70692    0.279865  0.00582128
     1.72998    0.463787  0.00716975
     1.75305    0.770137  0.00847719
     1.77612     1.19969  0.00937422
     1.79918     1.74001   0.0110338
     1.82225     2.21477    0.010761
     1.84531     2.55594   0.0149452
     1.86838     2.66956   0.0153214
     1.89145     2.52194   0.0155429
     1.91451     2.17374   0.0125213
     1.93758     1.67857   0.0107836
     1.96065     1.19695   0.0080786
     1.98371    0.809369  0.00726614
     2.00678    0.569328  0.00726204
     2.02985    0.460759   0.0075354
     2.05291    0.480774  0.00661885
     2.07598      0.6021  0.00633068
     2.09905    0.776852  0.00610442
     2.12211    0.904411  0.00638069
     2.14518     0.99892  0.00802759
     2.16824    0.995444  0.00753944
     2.19131     0.90792  0.00645787
     2.21438    0.782319  0.00527752
     2.23744    0.680703  0.00578169
     2.26051    0.608245    0.006391
     2.28358    0.608121  0.00716256
