-7.01792
-6.97557
-6.94063
-6.91829
-6.91154
-6.92053
-6.94261
-6.97302
-7.00604
-7.03617
-7.05917
-7.07279
-7.07705
-7.07398
-7.06684
-7.05866
-7.05115
-7.04434
-7.03691
-7.02725
-7.01441
-6.99879
-6.98203
-6.9666
-6.95476
-6.94779
-6.94562
-6.94695
-6.94981
-6.95243
-6.95367
-6.95309
-6.951
-6.94812
-6.94543
-6.94405
-6.94494
-6.94867
-6.95525
-6.9642
-6.97462
-6.98543
-6.99582
-7.00534
-7.01394
-7.02155
-7.02789
-7.03265
-7.03573
-7.03767
-7.03965
-7.04315
-7.04939
-7.05915
-7.07238
-7.08818
-7.10471
-7.11955
-7.13013
-7.13456
-7.13261
-7.12575
-7.11646
-7.10673
-7.09738
-7.08835
-7.07929
-7.07003
-7.06094
-7.05274
-7.04614
-7.04116
-7.03681
-7.03165
-7.0245
-7.01497
-7.0034
-6.99052
-6.97707
-6.96398
-6.95241
-6.9438
-6.93949
-6.9402
-6.94557
-6.95427
-6.96458
-6.97538
-6.98689
-7.00052
-7.0178
-7.0386
-7.06039
-7.07888
-7.08988
-7.0909
-7.082
-7.06538
-7.04454
-7.02316
-7.00439
-6.99046
-6.98259
-6.98125
-6.98627
-6.99669
-7.01093
-7.02696
-7.0426
-7.05611
-7.06644
-7.07338
-7.07755
-7.08002
-7.08189
-7.08394
-7.08632
-7.08836
-7.08913
-7.08759
-7.08293
-7.07466
-7.06283
-7.04789
-7.03062
-7.01206
-6.9936
-6.97704
-6.96446
-6.9579
-6.95898
-6.96828
-6.9848
-7.00578
-7.02709
-7.04435
-7.05412
-7.05464
-7.04612
-7.03057
-7.01137
-6.99257
-6.97817
-6.97109
-6.97238
-6.98121
-6.99557
-7.01339
-7.03304
-7.05339
-7.07347
-7.09203
-7.10759
-7.11871
-7.12441
-7.12441
-7.11913
-7.10966
-7.09752
-7.08419
-7.0706
-7.05688
-7.04243
-7.02642
-7.0083
-6.98818
-6.96715
-6.94727
-6.93122
-6.92172
-6.92108
-6.93057
-6.95033
-6.97938
-7.01598
-7.05749
-7.10035
-7.14007
-7.17195
-7.19211
-7.19814
-7.18965
-7.16805
-7.13637
-7.09846
-7.05837
-7.01959
-6.98469
-6.95512
-6.93133
-6.91324
-6.90063
-6.89344
-6.89156
-6.8946
-6.90154
-6.91077
-6.92052
-6.92927
-6.93608
-6.94079
-6.94422
-6.94802
-6.95426
-6.9647
-6.98014
-7.00006
-7.02248
-7.04448
-7.0632
-7.07672
-7.08442
-7.08684
-7.08511
-7.08049
-7.07435
-7.06857
-7.06569
-7.06845
-7.07883
-7.09701
-7.12115
-7.14784
-7.1733
-7.19405
-7.20733
-7.21107
-7.20389
-7.1849
-7.1541
-7.11268
-7.06332
-7.01006
-6.9578
-6.91147
-6.87534
-6.85268
-6.84558
-6.855
-6.88035
-6.91922
-6.96729
-7.01882
-7.06754
-7.10769
-7.13495
-7.14673
-7.14236
-7.12322
-7.09248
-7.05504
-7.01699
-6.98452
-6.96233
-6.95253
-6.95438
-6.9653
-6.982
-7.00123
-7.02011
-7.03611
-7.04715
-7.05197
-7.05055
-7.04405
-7.03473
-7.02558
-7.01959
-7.01897
-7.02455
-7.03551
-7.04965
-7.06402
-7.07557
-7.08175
-7.0811
-7.07339
-7.05964
-7.04174
-7.0219
-7.00218
-6.98417
-6.96911
-6.95809
-6.95206
-6.95178
-6.95756
-6.96898
-6.98454
-7.00176
-7.01758
-7.02896
-7.03363
-7.03038
-7.01919
-7.00118
-6.97857
-6.95451
-6.93274
-6.91723
-6.91126
-6.91673
-6.93364
-6.96009
-6.99262
-7.02716
-7.05966
-7.08693
-7.10733
-7.12086
-7.12889
-7.13346
-7.13633
-7.1383
-7.13888
-7.13674
-7.13067
-7.12014
-7.10548
-7.08788
-7.06903
-7.05083
-7.03525
-7.02387
-7.01754
-7.01609
-7.01824
-7.02178
-7.02372
-7.02105
-7.01167
-6.99531
-6.9739
-6.95138
-6.93239
-6.92118
-6.92046
-6.93095
-6.95137
-6.9788
-7.00932
-7.03863
-7.06248
-7.07732
-7.08111
-7.07445
-7.06097
-7.04621
-7.03505
-7.02935
-7.0283
-7.03039
-7.03511
-7.04297
-7.0543
-7.06835
-7.0831
-7.09595
-7.10488
-7.10901
-7.10873
-7.10529
-7.10045
-7.09574
-7.09218
-7.09005
-7.0891
-7.08856
-7.0874
-7.0846
-7.07925
-7.07064
-7.05828
-7.04199
-7.0219
-6.99873
-6.974
-6.95015
-6.93015
-6.91711
-6.91338
-6.91955
-6.93424
-6.95444
-6.97675
-6.99877
-7.01943
-7.03828
-7.05473
-7.06809
-7.07806
-7.08498
-7.08955
-7.09243
-7.09404
-7.09445
-7.09338
-7.08986
-7.08209
-7.06792
-7.04582
-7.01618
-6.98183
-6.94706
-6.91605
-6.892
-6.8771
-6.87287
-6.87988
-6.89733
-6.92289
-6.9529
-6.98299
-7.00904
-7.02845
-7.04057
-7.04632
-7.04736
-7.04531
-7.04137
-7.03634
-7.0309
-7.02595
-7.02251
-7.02153
-7.02334
-7.02739
-7.03251
-7.03768
-7.04257
-7.04735
-7.05218
-7.05669
-7.06033
-7.06289
-7.06465
-7.06589
-7.06683
-7.06781
-7.06943
-7.07232
-7.07672
-7.08193
-7.08662
-7.0895
-7.0899
-7.0878
-7.08352
-7.07723
-7.06885
-7.0583
-7.04568
-7.03131
-7.016
-7.00103
-6.98811
-6.97874
-6.97365
-6.97249
-6.97406
-6.97697
-6.98021
-6.98329
-6.98642
-6.99038
-6.99614
-7.00412
-7.01359
-7.02254
-7.02811
-7.02765
-7.01965
-7.00457
-6.98481
-6.96441
-6.94831
-6.94106
-6.94585
-6.96317
-6.99068
-7.0238
-7.05684
-7.08469
-7.10391
-7.11355
-7.11461
-7.1093
-7.10025
-7.08992
-7.0805
-7.07379
-7.07108
-7.07279
-7.07834
-7.0862
-7.09406
-7.09936
-7.09997
-7.09452
-7.08291
-7.06621
-7.04675
-7.02795
-7.01324
-7.00473
-7.00237
-7.00394
-7.00648
-7.00753
-7.00578
-7.00096
-6.99345
-6.98389
-6.97311
-6.96192
-6.95125
-6.94201
-6.93505
-6.93108
-6.93065
-6.9343
-6.94249
-6.95524
-6.97187
-6.99071
-7.00922
-7.02472
-7.03554
-7.04205
-7.04678
-7.05301
-7.06282
-7.07605
-7.09111
-7.10582
-7.11822
-7.12683
-7.13065
-7.12898
-7.12143
-7.10795
-7.08927
-7.06691
-7.04257
-7.01778
-6.99365
-6.97129
-6.95177
-6.93621
-6.9255
-6.92009
-6.92017
-6.92577
-6.93694
-6.95367
-6.97553
-7.00139
-7.02943
-7.05753
-7.08352
-7.10537
-7.12118
-7.1294
-7.12924
-7.12098
-7.1061
-7.0867
-7.06503
-7.04305
-7.02236
-7.00456
-6.99177
-6.98671
-6.99144
-7.00597
-7.02783
-7.05288
-7.07689
-7.09646
-7.10931
-7.11427
-7.11129
-7.10161
-7.08725
-7.07055
-7.05361
-7.03768
-7.02308
-7.00969
-6.99731
-6.9862
-6.97702
-6.97062
-6.96779
-6.96921
-6.97539
-6.98656
-7.00229
-7.02139
-7.04214
-7.06265
-7.08114
-7.09612
-7.10626
-7.11047
-7.10816
-7.09926
-7.08441
-7.06481
-7.04205
-7.01805
-6.99512
-6.97578
-6.96248
-6.95719
-6.96062
-6.97162
-6.98731
-7.00391
-7.01793
-7.0272
-7.0317
-7.03347
-7.03567
-7.04113
-7.05083
-7.06334
-7.0756
-7.08411
-7.08631
-7.08114
-7.06933
-7.05288
-7.03417
-7.01544
-6.99848
-6.98475
-6.97543
-6.97107
-6.97127
-6.97468
-6.97938
-6.98366
-6.98657
-6.98792
-6.9881
-6.98794
-6.98874
-6.99211
-6.99955
-7.01187
-7.0286
-7.04802
-7.0676
-7.0846
-7.09643
-7.10107
-7.09739
-7.08533
-7.06607
-7.04192
-7.01652
-6.99444
-6.9805
-6.97826
-6.98886
-7.01074
-7.04022
-7.07219
-7.10114
-7.1224
-7.13301
-7.13227
-7.12135
-7.10272
-7.07927
-7.0536
-7.02773
-7.00288
-6.98012
-6.96068
-6.94605
-6.93739
-6.93516
-6.93895
-6.94758
-6.95952
-6.97308
-6.98661
-6.99919
-7.01107
-7.02353
-7.03799
-7.05477
-7.0726
-7.08904
-7.10157
-7.10878
-7.11089
-7.10932
-7.10574
-7.10146
-7.09735
-7.09421
-7.09266
-7.09269
-7.09339
-7.09347
-7.09169
-7.08739
-7.08023
-7.07008
-7.05714
-7.04195
-7.02545
-7.00907
-6.99466
-6.9844
-6.98036
-6.98359
-6.99326
-7.00654
-7.01964
-7.0291
-7.0332
-7.03196
-7.02679
-7.01982
-7.013
-7.00781
-7.00504
-7.00471
-7.00634
-7.00916
-7.01249
-7.01586
-7.01865
-7.02004
-7.01912
-7.0152
-7.00809
-6.9983
-6.9867
-6.97452
-6.96312
-6.95418
-6.94938
-6.95024
-6.9577
-6.97153
-6.98994
-7.00993
-7.02818
-7.04212
-7.05066
-7.05423
-7.05462
-7.0546
-7.05722
-7.0649
-7.07858
-7.09733
-7.11846
-7.13829
-7.15315
-7.16052
-7.15969
-7.15159
-7.13827
-7.12194
-7.10423
-7.08609
-7.068
-7.05012
-7.03287
-7.01701
-7.00338
-6.9924
-6.98334
-6.97474
-6.9652
-6.95468
-6.9448
-6.93827
-6.9378
-6.94495
-6.95974
-6.98085
-7.00601
-7.03254
-7.05795
-7.08036
-7.09858
-7.11202
-7.12022
-7.1227
-7.11892
-7.10873
-7.09268
-7.07224
-7.04971
-7.02788
-7.00944
-6.99647
-6.98994
-6.98936
-6.99301
-6.99832
-7.00271
-7.00477
-7.0047
-7.00393
-7.00417
-7.00635
-7.01016
-7.01466
-7.01878
-7.02195
-7.02436
-7.02682
-7.03038
-7.03591
-7.04371
-7.05328
-7.06337
-7.07213
-7.07769
-7.07844
-7.07344
-7.06267
-7.04678
-7.02672
-7.0038
-6.97966
-6.95636
-6.93661
-6.92348
-6.91987
-6.92729
-6.94541
-6.97194
-7.00325
-7.03547
-7.0651
-7.0898
-7.10839
-7.12077
-7.12763
-7.12981
-7.12779
-7.12154
-7.11069
-7.09485
-7.07384
-7.04815
-7.01926
-6.98963
-6.96184
-6.93769
-6.91775
-6.902
-6.89081
-6.88535
-6.88691
-6.89582
-6.91095
-6.93044
-6.95303
-6.97867
-7.00754
-7.03875
-7.0695
-7.09564
-7.11321
-7.11964
-7.11459
-7.10007
-7.08002
-7.05945
-7.04324
-7.03492
-7.03584
-7.04489
-7.05917
-7.07476
-7.08785
-7.09551
-7.09617
-7.08991
-7.07836
-7.06408
-7.04945
-7.03571
-7.02285
-7.01015
-6.99716
-6.9844
-6.97331
-6.96603
-6.96487
-6.97158
-6.98676
-7.00901
-7.03516
-7.06095
-7.08196
-7.09453
-7.09678
-7.08886
-7.07284
-7.0519
-7.0293
-7.00769
-6.98899
-6.97445
-6.96479
-6.96013
-6.96007
-6.96403
-6.97173
-6.98345
-6.99986
-7.02129
-7.04688
-7.07442
-7.10085
-7.1231
-7.13881
-7.14664
-7.14614
-7.13781
-7.12334
-7.10567
-7.08879
-7.07663
-7.07184
-7.07482
-7.08374
-7.09542
-7.10633
-7.11344
-7.11441
-7.10777
-7.0928
-7.06992
-7.04092
-7.00902
-6.97825
-6.95268
-6.93516
-6.92619
-6.92397
-6.92592
-6.93095
-6.94
-6.95447
-6.97382
-6.99545
-7.01643
-7.035
-7.05078
-7.06413
-7.07529
-7.08394
-7.08923
-7.09011
-7.08597
-7.07716
-7.06504
-7.05186
-7.04011
-7.03174
-7.02749
-7.02675
-7.02773
-7.02812
-7.02574
-7.01928
-7.00851
-6.99433
-6.97826
-6.96216
-6.94769
-6.9362
-6.92864
-6.92568
-6.92798
-6.93546
-6.9465
-6.9581
-6.96717
-6.9726
-6.97575
-6.97955
-6.98674
-6.99892
-7.01668
-7.03971
-7.06699
-7.09675
