1.15848
1.11613
1.0812
1.05886
1.05211
1.0611
1.08318
1.11358
1.1466
1.17672
1.19972
1.21335
1.2176
1.21454
1.2074
1.19922
1.19171
1.1849
1.17747
1.16781
1.15497
1.13935
1.12259
1.10717
1.09533
1.08835
1.08619
1.08751
1.09038
1.09299
1.09423
1.09365
1.09156
1.08868
1.08599
1.08462
1.0855
1.08924
1.09582
1.10477
1.11518
1.12599
1.13638
1.1459
1.1545
1.16211
1.16846
1.17322
1.1763
1.17823
1.18022
1.18372
1.18996
1.19972
1.21295
1.22875
1.24528
1.26012
1.27069
1.27512
1.27317
1.26632
1.25703
1.2473
1.23794
1.22891
1.21985
1.21059
1.2015
1.19331
1.1867
1.18172
1.17737
1.1722
1.16506
1.15553
1.14396
1.13107
1.11763
1.10453
1.09296
1.08436
1.08005
1.08076
1.08613
1.09483
1.10514
1.11594
1.12745
1.14108
1.15836
1.17916
1.20095
1.21943
1.23043
1.23145
1.22255
1.20593
1.18509
1.16371
1.14494
1.13101
1.12314
1.12181
1.12682
1.13725
1.15148
1.16751
1.18315
1.19665
1.20699
1.21392
1.2181
1.22057
1.22244
1.22449
1.22686
1.22891
1.22968
1.22813
1.22347
1.2152
1.20337
1.18843
1.17117
1.15261
1.13414
1.11759
1.10501
1.09845
1.09953
1.10882
1.12535
1.14633
1.16764
1.18489
1.19466
1.19518
1.18666
1.17111
1.15192
1.13312
1.11872
1.11164
1.11293
1.12176
1.13612
1.15393
1.17358
1.19393
1.21402
1.23258
1.24813
1.25926
1.26496
1.26495
1.25968
1.2502
1.23807
1.22474
1.21115
1.19742
1.18298
1.16696
1.14884
1.12873
1.10769
1.08782
1.07177
1.06227
1.06163
1.07113
1.09089
1.11994
1.15653
1.19804
1.24089
1.28062
1.3125
1.33266
1.33868
1.33019
1.3086
1.27692
1.23901
1.19892
1.16015
1.12524
1.09567
1.07188
1.05378
1.04118
1.03399
1.03211
1.03515
1.04209
1.05132
1.06106
1.06981
1.07662
1.08134
1.08476
1.08857
1.09481
1.10525
1.12068
1.14061
1.16303
1.18502
1.20375
1.21727
1.22496
1.22739
1.22566
1.22103
1.21489
1.20911
1.20624
1.209
1.21938
1.23755
1.26169
1.28839
1.31384
1.33459
1.34787
1.35161
1.34442
1.32543
1.29463
1.25322
1.20386
1.1506
1.09834
1.05201
1.01589
0.993228
0.98613
0.995551
1.0209
1.05977
1.10783
1.15936
1.20807
1.24822
1.27548
1.28726
1.28289
1.26375
1.23301
1.19557
1.15754
1.12507
1.10288
1.09307
1.09493
1.10585
1.12254
1.14177
1.16065
1.17665
1.18769
1.19251
1.19109
1.1846
1.17528
1.16613
1.16013
1.15952
1.1651
1.17606
1.19019
1.20456
1.21612
1.22229
1.22164
1.21393
1.20018
1.18228
1.16245
1.14273
1.12471
1.10966
1.09864
1.09261
1.09232
1.0981
1.10953
1.12509
1.1423
1.15812
1.1695
1.17416
1.17092
1.15973
1.14172
1.11911
1.09505
1.07328
1.05777
1.05181
1.05727
1.07418
1.10063
1.13316
1.1677
1.20019
1.22747
1.24787
1.2614
1.26943
1.274
1.27687
1.27884
1.27941
1.27728
1.27121
1.26068
1.24602
1.22842
1.20957
1.19138
1.1758
1.16441
1.15809
1.15664
1.15878
1.16232
1.16427
1.16159
1.15221
1.13585
1.11445
1.09193
1.07294
1.06173
1.06102
1.0715
1.09193
1.11935
1.14987
1.17917
1.20302
1.21786
1.22165
1.21499
1.20152
1.18676
1.17559
1.1699
1.16885
1.17094
1.17565
1.18351
1.19485
1.20889
1.22364
1.23649
1.24542
1.24955
1.24927
1.24583
1.24099
1.23628
1.23272
1.2306
1.22965
1.22911
1.22795
1.22514
1.21979
1.21117
1.19881
1.18253
1.16244
1.13927
1.11454
1.09069
1.07069
1.05765
1.05392
1.0601
1.07478
1.09498
1.11729
1.13931
1.15997
1.17882
1.19527
1.20863
1.2186
1.22551
1.23009
1.23296
1.23457
1.23499
1.23392
1.23039
1.22262
1.20845
1.18635
1.15671
1.12236
1.08759
1.05659
1.03254
1.01764
1.01342
1.02042
1.03787
1.06343
1.09344
1.12352
1.14957
1.16898
1.1811
1.18686
1.1879
1.18585
1.18191
1.17688
1.17144
1.16649
1.16305
1.16207
1.16388
1.16793
1.17305
1.17822
1.18311
1.18789
1.19272
1.19723
1.20087
1.20343
1.20519
1.20643
1.20736
1.20835
1.20997
1.21286
1.21726
1.22247
1.22716
1.23004
1.23043
1.22834
1.22406
1.21777
1.20939
1.19884
1.18622
1.17185
1.15654
1.14157
1.12865
1.11928
1.1142
1.11303
1.1146
1.11751
1.12074
1.12382
1.12696
1.13091
1.13667
1.14466
1.15413
1.16308
1.16865
1.16818
1.16018
1.1451
1.12535
1.10495
1.08885
1.0816
1.08639
1.10371
1.13122
1.16433
1.19738
1.22522
1.24444
1.25408
1.25514
1.24983
1.24078
1.23046
1.22103
1.21433
1.21162
1.21333
1.21888
1.22674
1.2346
1.2399
1.2405
1.23505
1.22344
1.20674
1.18729
1.16849
1.15378
1.14527
1.14291
1.14448
1.14702
1.14806
1.14631
1.1415
1.13398
1.12443
1.11365
1.10246
1.09179
1.08255
1.07558
1.07162
1.07119
1.07484
1.08303
1.09578
1.11241
1.13125
1.14975
1.16525
1.17607
1.18259
1.18732
1.19356
1.20336
1.2166
1.23165
1.24636
1.25876
1.26736
1.27119
1.26952
1.26197
1.24849
1.22981
1.20745
1.18312
1.15832
1.13419
1.11183
1.09232
1.07676
1.06604
1.06064
1.06072
1.06632
1.07749
1.09422
1.11607
1.14193
1.16997
1.19807
1.22406
1.24591
1.26171
1.26994
1.26978
1.26152
1.24664
1.22724
1.20557
1.18359
1.1629
1.14511
1.13231
1.12726
1.13198
1.14652
1.16837
1.19342
1.21743
1.237
1.24985
1.25481
1.25183
1.24215
1.22779
1.21109
1.19416
1.17822
1.16362
1.15023
1.13785
1.12674
1.11756
1.11117
1.10834
1.10976
1.11593
1.12711
1.14283
1.16193
1.18268
1.2032
1.22168
1.23667
1.2468
1.25101
1.2487
1.2398
1.22495
1.20536
1.18259
1.1586
1.13567
1.11632
1.10303
1.09774
1.10117
1.11217
1.12786
1.14446
1.15847
1.16774
1.17224
1.17401
1.17622
1.18168
1.19137
1.20389
1.21614
1.22465
1.22685
1.22168
1.20987
1.19342
1.17471
1.15598
1.13903
1.1253
1.11598
1.11162
1.11182
1.11522
1.11993
1.1242
1.12711
1.12847
1.12864
1.12849
1.12929
1.13266
1.1401
1.15242
1.16915
1.18857
1.20815
1.22515
1.23697
1.24161
1.23793
1.22587
1.20661
1.18247
1.15707
1.13499
1.12105
1.11882
1.12941
1.15129
1.18077
1.21273
1.24168
1.26294
1.27355
1.2728
1.26189
1.24326
1.21981
1.19414
1.16827
1.14343
1.12067
1.10123
1.08659
1.07794
1.07571
1.07949
1.08812
1.10006
1.11362
1.12714
1.13973
1.15161
1.16406
1.17853
1.19531
1.21313
1.22957
1.2421
1.24931
1.25143
1.24985
1.24627
1.24199
1.23788
1.23474
1.23319
1.23322
1.23393
1.23401
1.23222
1.22793
1.22077
1.21062
1.19767
1.18249
1.16599
1.14961
1.1352
1.12494
1.12091
1.12413
1.1338
1.14708
1.16018
1.16964
1.17374
1.1725
1.16734
1.16036
1.15354
1.14835
1.14559
1.14526
1.14689
1.1497
1.15304
1.15641
1.15919
1.16058
1.15967
1.15575
1.14864
1.13884
1.12725
1.11506
1.10366
1.09473
1.08993
1.09079
1.09825
1.11208
1.13049
1.15048
1.16872
1.18266
1.1912
1.19477
1.19517
1.19515
1.19777
1.20545
1.21913
1.23787
1.259
1.27883
1.29368
1.30106
1.30023
1.29212
1.27881
1.26248
1.24477
1.22663
1.20854
1.19066
1.17341
1.15755
1.14392
1.13294
1.12388
1.11527
1.10574
1.09521
1.08534
1.07881
1.07834
1.08549
1.10028
1.12139
1.14655
1.17308
1.19849
1.22089
1.23912
1.25255
1.26075
1.26323
1.25945
1.24926
1.23321
1.21277
1.19025
1.16842
1.14998
1.13702
1.13048
1.1299
1.13355
1.13885
1.14325
1.14531
1.14524
1.14447
1.14471
1.14688
1.1507
1.1552
1.15932
1.16249
1.1649
1.16736
1.17092
1.17645
1.18425
1.19382
1.20391
1.21267
1.21823
1.21897
1.21398
1.20321
1.18731
1.16726
1.14434
1.1202
1.0969
1.07715
1.06402
1.06042
1.06784
1.08595
1.11247
1.14378
1.176
1.20563
1.23033
1.24892
1.2613
1.26816
1.27034
1.26832
1.26207
1.25122
1.23538
1.21437
1.18869
1.1598
1.13017
1.10238
1.07823
1.05829
1.04254
1.03135
1.02589
1.02745
1.03636
1.05149
1.07097
1.09357
1.11921
1.14808
1.17929
1.21003
1.23617
1.25374
1.26017
1.25512
1.24059
1.22055
1.19998
1.18377
1.17546
1.17637
1.18542
1.1997
1.21528
1.22837
1.23604
1.2367
1.23044
1.21889
1.20462
1.18998
1.17624
1.16338
1.15069
1.13769
1.12493
1.11385
1.10657
1.10541
1.11212
1.1273
1.14955
1.17569
1.20149
1.22249
1.23506
1.23731
1.22939
1.21337
1.19243
1.16983
1.14823
1.12953
1.11498
1.10533
1.10066
1.10061
1.10456
1.11226
1.12398
1.14039
1.16183
1.18742
1.21496
1.24138
1.26363
1.27933
1.28716
1.28667
1.27834
1.26387
1.2462
1.22932
1.21716
1.21237
1.21535
1.22427
1.23594
1.24686
1.25396
1.25493
1.24829
1.23332
1.21044
1.18145
1.14955
1.11878
1.09321
1.07569
1.06672
1.0645
1.06645
1.07148
1.08053
1.095
1.11435
1.13597
1.15696
1.17553
1.19131
1.20466
1.21582
1.22447
1.22975
1.23064
1.2265
1.21769
1.20557
1.19239
1.18064
1.17227
1.16802
1.16728
1.16826
1.16865
1.16627
1.1598
1.14903
1.13485
1.11879
1.10269
1.08822
1.07674
1.06917
1.06621
1.06851
1.07598
1.08703
1.09862
1.10769
1.11312
1.11628
1.12009
1.12727
1.13946
1.15721
1.18024
1.20752
1.23728
