0.77232
0.744088
0.720798
0.705908
0.701409
0.707401
0.722117
0.742387
0.764398
0.784483
0.799815
0.808898
0.811736
0.809697
0.804936
0.799481
0.794475
0.789932
0.784983
0.778539
0.76998
0.759569
0.748396
0.738112
0.73022
0.72557
0.724126
0.725008
0.726918
0.728663
0.729485
0.729099
0.727707
0.725789
0.723995
0.723078
0.72367
0.726158
0.730547
0.736512
0.743456
0.750662
0.757587
0.763936
0.76967
0.774741
0.778973
0.782146
0.7842
0.785489
0.786811
0.789145
0.793308
0.799812
0.808633
0.819165
0.830187
0.840078
0.847128
0.85008
0.84878
0.84421
0.838019
0.831531
0.825296
0.819274
0.813236
0.80706
0.801002
0.795538
0.791135
0.787814
0.784911
0.781469
0.776704
0.770354
0.762638
0.754046
0.745086
0.736356
0.728642
0.722904
0.720034
0.720505
0.724086
0.729889
0.736759
0.743957
0.75163
0.760723
0.772241
0.786105
0.800631
0.812954
0.820285
0.82097
0.815033
0.803954
0.79006
0.775808
0.763297
0.754009
0.748762
0.747873
0.751216
0.758163
0.767651
0.778338
0.788764
0.797768
0.804657
0.809282
0.812068
0.813714
0.814957
0.816328
0.817909
0.819273
0.819786
0.818755
0.815647
0.810135
0.802247
0.792288
0.780777
0.768403
0.756095
0.745058
0.736673
0.732297
0.733021
0.739216
0.750232
0.764217
0.778424
0.789926
0.796443
0.796789
0.791105
0.780743
0.767944
0.755412
0.745813
0.741091
0.741953
0.747837
0.757413
0.769287
0.782389
0.795955
0.809344
0.821719
0.832088
0.839507
0.843305
0.843303
0.839784
0.83347
0.82538
0.816491
0.807432
0.798281
0.788651
0.777975
0.765894
0.752484
0.738463
0.72521
0.71451
0.708178
0.707757
0.714085
0.727258
0.746624
0.771021
0.798696
0.827263
0.853747
0.874999
0.888438
0.892454
0.886795
0.872399
0.851281
0.826007
0.79928
0.773431
0.750163
0.730445
0.714585
0.702523
0.69412
0.689329
0.688071
0.690097
0.694726
0.700877
0.707373
0.713207
0.717748
0.720892
0.723177
0.725712
0.729873
0.736833
0.747123
0.760404
0.775351
0.790014
0.802497
0.81151
0.816642
0.818257
0.817105
0.814023
0.809929
0.806076
0.804157
0.806
0.812919
0.825036
0.841129
0.858924
0.875893
0.889728
0.898579
0.901073
0.89628
0.883621
0.86309
0.835479
0.802573
0.767068
0.732227
0.701343
0.677261
0.662152
0.65742
0.663701
0.680599
0.706512
0.738556
0.772906
0.80538
0.832148
0.85032
0.858172
0.855259
0.842502
0.822007
0.797049
0.771691
0.750045
0.735253
0.728716
0.729953
0.73723
0.74836
0.76118
0.773764
0.784431
0.791793
0.79501
0.794061
0.78973
0.783518
0.77742
0.773423
0.773014
0.77673
0.78404
0.79346
0.803043
0.810744
0.814862
0.814428
0.80929
0.800121
0.788187
0.774965
0.76182
0.749809
0.739774
0.732424
0.728407
0.728216
0.732068
0.739684
0.750057
0.761534
0.772078
0.779666
0.782775
0.780611
0.773151
0.761144
0.746072
0.730033
0.715522
0.705181
0.701205
0.70485
0.716122
0.733753
0.755442
0.778465
0.800129
0.818311
0.831911
0.840931
0.846285
0.849333
0.851249
0.85256
0.852943
0.851518
0.84747
0.840452
0.830677
0.818947
0.806382
0.794251
0.783863
0.776275
0.772061
0.771091
0.772522
0.77488
0.776177
0.774397
0.76814
0.757232
0.742966
0.727953
0.715296
0.707823
0.707347
0.714335
0.72795
0.746234
0.766579
0.786116
0.802014
0.811907
0.814431
0.80999
0.801011
0.791172
0.783728
0.779931
0.779233
0.780623
0.783769
0.789008
0.796564
0.805929
0.81576
0.824324
0.830277
0.833034
0.832846
0.830552
0.82733
0.82419
0.821812
0.820398
0.819765
0.819404
0.81863
0.816759
0.813193
0.80745
0.799209
0.788351
0.774957
0.75951
0.743027
0.727127
0.713794
0.705102
0.702616
0.706732
0.716523
0.729989
0.74486
0.759537
0.773312
0.785878
0.796844
0.80575
0.8124
0.817009
0.82006
0.821976
0.823049
0.823327
0.822612
0.820261
0.815081
0.805633
0.790903
0.771141
0.748239
0.725063
0.704391
0.688361
0.678427
0.67561
0.680281
0.691913
0.708952
0.728959
0.749013
0.76638
0.779322
0.7874
0.791237
0.791932
0.790566
0.787938
0.784584
0.780958
0.77766
0.775367
0.774715
0.775918
0.77862
0.782033
0.78548
0.788739
0.791926
0.795146
0.798155
0.800581
0.802289
0.803459
0.804285
0.80491
0.805566
0.806645
0.808575
0.811509
0.814978
0.818104
0.820026
0.82029
0.818891
0.816041
0.811846
0.806257
0.799226
0.790812
0.781233
0.771026
0.761044
0.752434
0.746184
0.742797
0.742021
0.743064
0.745008
0.747161
0.749215
0.751306
0.753942
0.757782
0.763104
0.76942
0.775383
0.779098
0.778785
0.773453
0.763401
0.750231
0.736634
0.725899
0.721069
0.724263
0.73581
0.754148
0.776223
0.798251
0.816815
0.829628
0.836055
0.836758
0.833221
0.827188
0.820305
0.814022
0.809554
0.807746
0.808886
0.812588
0.817823
0.823064
0.826597
0.826998
0.823367
0.815628
0.804496
0.791529
0.778996
0.769187
0.763515
0.761942
0.762988
0.764678
0.765376
0.764209
0.760998
0.75599
0.74962
0.74243
0.734971
0.727862
0.7217
0.717056
0.714413
0.71413
0.716562
0.722018
0.730523
0.741607
0.754165
0.766503
0.776836
0.784049
0.788392
0.791546
0.795705
0.802241
0.811065
0.821099
0.830905
0.839174
0.844909
0.847458
0.846347
0.841312
0.832325
0.819874
0.804965
0.788743
0.772212
0.756127
0.74122
0.728213
0.71784
0.710696
0.70709
0.707147
0.710878
0.718326
0.72948
0.744047
0.761286
0.779983
0.798711
0.81604
0.830605
0.841142
0.846627
0.846519
0.841015
0.831092
0.818162
0.803713
0.78906
0.775268
0.763405
0.754874
0.751504
0.754655
0.764344
0.778916
0.795613
0.811621
0.824665
0.833236
0.83654
0.834553
0.8281
0.818528
0.807396
0.796104
0.78548
0.775749
0.76682
0.75857
0.751162
0.745041
0.740777
0.738893
0.739837
0.743954
0.751404
0.761889
0.774623
0.788455
0.802132
0.814456
0.824444
0.831198
0.834008
0.832465
0.826536
0.816634
0.803572
0.788396
0.772399
0.757111
0.744217
0.735354
0.731828
0.734111
0.741446
0.751906
0.76297
0.772316
0.778496
0.781496
0.782673
0.784146
0.787785
0.794246
0.802592
0.810759
0.816433
0.817898
0.814455
0.806579
0.795612
0.783141
0.770656
0.75935
0.750201
0.743986
0.741079
0.741212
0.74348
0.746618
0.74947
0.751409
0.752314
0.752428
0.752327
0.752858
0.755105
0.760067
0.768282
0.779434
0.79238
0.80543
0.816765
0.824649
0.827742
0.825288
0.817249
0.804407
0.788313
0.771378
0.756662
0.747366
0.745877
0.752941
0.767527
0.78718
0.808489
0.827789
0.841959
0.849032
0.848536
0.84126
0.828842
0.813204
0.796096
0.778848
0.762284
0.747111
0.734152
0.724396
0.718624
0.717137
0.719658
0.725415
0.733376
0.742411
0.751429
0.75982
0.76774
0.776042
0.785687
0.796872
0.808756
0.819716
0.828066
0.832871
0.834284
0.833232
0.830848
0.827996
0.825254
0.823162
0.822127
0.822149
0.822619
0.822672
0.821483
0.818617
0.813846
0.807079
0.798449
0.788326
0.777329
0.76641
0.756799
0.749962
0.747272
0.749421
0.755867
0.764723
0.773451
0.779761
0.782491
0.781666
0.778224
0.773574
0.769029
0.765569
0.763728
0.763504
0.764593
0.766469
0.768693
0.770937
0.772795
0.773723
0.77311
0.770498
0.76576
0.759227
0.751499
0.743374
0.735775
0.729818
0.72662
0.727192
0.732165
0.741389
0.753659
0.766986
0.77915
0.788443
0.794135
0.796514
0.796777
0.796763
0.798512
0.80363
0.812753
0.825248
0.839334
0.852551
0.862456
0.867371
0.866817
0.861416
0.852541
0.841655
0.829847
0.817753
0.805691
0.793773
0.782273
0.771697
0.762616
0.755293
0.749251
0.743514
0.737159
0.730142
0.723559
0.71921
0.718894
0.723659
0.73352
0.747592
0.764368
0.782054
0.798994
0.813927
0.826077
0.835032
0.8405
0.842153
0.839632
0.832841
0.822143
0.808515
0.793497
0.77895
0.766656
0.758012
0.753652
0.753265
0.755698
0.759235
0.762166
0.763537
0.76349
0.762977
0.76314
0.76459
0.767133
0.770132
0.772877
0.774991
0.7766
0.778238
0.780612
0.784301
0.789501
0.795881
0.802606
0.808445
0.81215
0.812649
0.80932
0.802139
0.791543
0.778171
0.762894
0.746799
0.731266
0.718101
0.709348
0.706944
0.711891
0.723967
0.741649
0.762523
0.784001
0.803755
0.82022
0.832611
0.840869
0.845442
0.846896
0.84555
0.841383
0.83415
0.823588
0.809583
0.792457
0.773198
0.753445
0.734921
0.718818
0.705529
0.695028
0.687565
0.683928
0.684966
0.690906
0.70099
0.713982
0.729046
0.746137
0.765386
0.786192
0.806686
0.824113
0.835824
0.840112
0.836745
0.827063
0.813703
0.799987
0.789183
0.78364
0.784248
0.790279
0.799798
0.810189
0.818916
0.824024
0.824464
0.82029
0.812591
0.803077
0.793321
0.78416
0.775589
0.767124
0.758458
0.749952
0.742564
0.737711
0.736937
0.741412
0.751533
0.766364
0.783797
0.80099
0.814993
0.823371
0.82487
0.819593
0.808916
0.794953
0.77989
0.765483
0.753019
0.743321
0.736884
0.733776
0.733739
0.736377
0.741509
0.749323
0.76026
0.774551
0.791611
0.80997
0.827587
0.84242
0.852889
0.858109
0.857779
0.852224
0.842578
0.830801
0.819546
0.811441
0.808248
0.810232
0.816181
0.823963
0.831238
0.835976
0.836623
0.832191
0.822212
0.80696
0.787632
0.766363
0.74585
0.728809
0.717124
0.71115
0.709667
0.710965
0.714319
0.720356
0.73
0.742899
0.757317
0.771305
0.783685
0.794207
0.803105
0.810544
0.816312
0.819836
0.820425
0.817665
0.811792
0.803712
0.794927
0.787092
0.781514
0.778681
0.778185
0.778838
0.779098
0.777512
0.773201
0.766022
0.756569
0.745859
0.735129
0.725482
0.717824
0.712781
0.71081
0.712339
0.717323
0.724687
0.732416
0.738461
0.742083
0.744184
0.746724
0.751516
0.759637
0.771472
0.786826
0.805011
0.824852
