-0.48095   -0.490226   -0.494202
-0.311635   -0.33128   -0.48093
0.480739   -0.324801   -0.305161
-0.313878   0.48015   -0.318138
-0.166577   -0.495755   0.496543
0.00206591   -0.3476   -0.494676
-0.150029   -0.332765   -0.33743
0.0229666   0.491578   -0.337355
0.163491   0.480646   -0.488625
0.330624   -0.354956   -0.480562
0.145692   -0.334944   -0.312083
0.328675   0.471556   -0.33469
-0.496584   -0.225929   -0.49122
-0.316811   -0.00705321   0.498342
-0.472081   -0.0183983   -0.329033
-0.321508   -0.178467   -0.341235
-0.170818   -0.174384   0.45882
-0.00847779   -0.00973986   -0.495494
-0.171346   -0.00579226   -0.346327
0.00430637   -0.147794   -0.328437
0.169408   -0.192267   -0.494538
0.335288   -0.0522435   -0.499497
0.168419   0.0227773   -0.344464
0.334636   -0.181489   -0.310625
0.493444   0.13265   -0.495187
-0.301039   0.336346   -0.499204
-0.478405   0.307965   -0.36856
-0.319553   0.155637   -0.335828
-0.1566   0.182189   0.465309
-0.00143884   0.334179   -0.499305
-0.160379   0.333584   -0.337903
-0.0179963   0.14959   -0.356587
0.160799   0.171865   -0.490289
0.33332   0.336974   0.495269
0.161279   0.316206   -0.331019
0.332813   0.15217   -0.346424
-0.482378   0.456615   -0.206275
-0.336219   -0.350797   -0.185507
0.494215   -0.330777   0.00933781
-0.337221   0.477102   -0.0121584
-0.145638   -0.492605   -0.179296
-0.026149   -0.302015   -0.147732
-0.194376   -0.33613   -0.00355821
-0.0198078   -0.485096   -0.00799088
0.175664   -0.47586   -0.155506
0.320367   -0.305172   -0.130894
0.150052   -0.339541   0.00564259
0.353605   0.494292   -0.0311758
0.497959   -0.157898   -0.128983
-0.324169   0.0134642   -0.165564
-0.488957   0.00740912   0.0233203
-0.31908   -0.127777   0.00499912
-0.184754   -0.150355   -0.167468
-0.00391962   -0.000611252   -0.148507
-0.145137   0.0247298   0.0111943
-0.00770466   -0.167217   0.0157666
0.145179   -0.143312   -0.16878
0.324229   0.00313815   -0.177379
0.159678   0.0130644   0.01482
0.337742   -0.171157   0.03621
-0.472461   0.155521   -0.184055
-0.321548   0.306659   -0.178631
0.491617   0.329127   -0.0137251
-0.331492   0.197521   0.00300272
-0.150988   0.18212   -0.193262
-0.00518777   0.329258   -0.178628
-0.160841   0.342976   -0.0313632
0.0202023   0.182218   -0.00123582
0.16315   0.171305   -0.16237
0.339408   0.299393   -0.168009
0.179044   0.331609   -0.0132095
0.335899   0.161517   0.00621368
-0.495094   0.493837   0.146417
-0.350801   -0.30293   0.15581
0.488942   -0.339951   0.310411
-0.361251   -0.480136   0.335685
-0.196809   -0.46635   0.16551
-0.0171463   -0.327145   0.156277
-0.182215   -0.354988   0.345657
0.00645156   -0.474042   0.327832
0.161689   -0.498916   0.176371
0.309464   -0.354391   0.167454
0.182263   -0.334181   0.353291
0.335443   0.49988   0.327751
-0.496656   -0.147875   0.179567
-0.343546   0.0432911   0.180257
0.474476   -0.00744843   0.337627
-0.345625   -0.164617   0.336
-0.168949   -0.170582   0.165667
0.0114947   -0.00475725   0.190248
-0.168811   0.00284157   0.338281
-0.00236848   -0.184961   0.335769
0.14672   -0.175447   0.176258
0.316808   0.00972665   0.16798
0.15488   -0.0414309   0.35386
0.318854   -0.185625   0.289947
0.476438   0.181335   0.170047
-0.329158   0.343385   0.156488
0.498517   0.339133   0.327156
-0.323689   0.182702   0.35556
-0.152038   0.168208   0.177863
0.00874779   0.341473   0.148124
-0.152195   0.377214   0.311467
0.0155598   0.177108   0.326387
0.177668   0.192586   0.186656
0.327508   0.353504   0.13978
0.159514   0.343407   0.355609
0.326838   0.180241   0.345447
