-3.79277
-3.79405
-3.79405
-3.79503
-3.7973
-3.79893
-3.79958
-3.7999
-3.79699
-3.79699
-3.79731
-3.79569
-3.79699
-3.79796
-3.79861
-3.80055
-3.79958
-3.80055
-3.7999
-3.80022
-3.79957
-3.80087
-3.79795
-3.7973
-3.79762
-3.79568
-3.79568
-3.79471
-3.79407
-3.79407
-3.79569
-3.79795
-3.79666
-3.79536
-3.79439
-3.79277
-3.79406
-3.79342
-3.79245
-3.79504
-3.79569
-3.79472
-3.7944
-3.79634
-3.79796
-3.7957
-3.79602
-3.79569
-3.79504
-3.79633
-3.79437
-3.79307
-3.79049
-3.79081
-3.79179
-3.79536
-3.79731
-3.79666
-3.79763
-3.79666
-3.79634
-3.79634
-3.79634
-3.79536
-3.79665
-3.79827
-3.79794
-3.80054
-3.79989
-3.79989
-3.79925
-3.79601
-3.79763
-3.79828
-3.79536
-3.79342
-3.79406
-3.79406
-3.79471
-3.79569
-3.79472
-3.79634
-3.79537
-3.79666
-3.79504
-3.79439
-3.79406
-3.79439
-3.79698
-3.79925
-3.79893
-3.79893
-3.80023
-3.80087
-3.80086
-3.80312
-3.80247
-3.8041
-3.80216
-3.80151
-3.80087
-3.80088
-3.80153
-3.80087
-3.80022
-3.80021
-3.79892
-3.79794
-3.79762
-3.79697
-3.79405
-3.79534
-3.79534
-3.79534
-3.79567
-3.79341
-3.79439
-3.79634
-3.79763
-3.79892
-3.79795
-3.79665
-3.79762
-3.79827
-3.7986
-3.79699
-3.79666
-3.79666
-3.79828
-3.79665
-3.796
-3.79924
-3.80118
-3.79957
-3.79957
-3.7986
-3.79828
-3.79958
-3.7999
-3.79828
-3.79828
-3.79699
-3.79699
-3.79699
-3.79602
-3.79537
-3.79698
-3.79763
-3.79504
-3.79568
-3.79374
-3.79439
-3.79439
-3.79439
-3.79666
-3.79796
-3.79732
-3.79894
-3.7983
-3.79667
-3.79505
-3.7931
-3.79504
-3.79633
-3.79406
-3.79277
-3.79374
-3.79212
-3.79504
-3.79439
-3.79343
-3.79505
-3.79408
-3.79473
-3.79537
-3.79537
-3.79537
-3.79504
-3.79375
-3.7931
-3.79375
-3.79407
-3.79116
-3.79277
-3.79439
-3.79569
-3.79634
-3.79828
-3.79795
-3.79731
-3.79893
-3.79861
-3.79829
-3.79926
-3.79797
-3.79732
-3.79763
-3.79601
-3.79632
-3.79535
-3.79438
-3.79374
-3.79407
-3.79504
-3.79601
-3.79925
-3.79893
-3.79795
-3.7973
-3.79633
-3.79827
-3.79762
-3.79601
-3.79633
-3.79277
-3.79375
-3.79666
-3.79925
-3.80314
-3.80087
-3.79958
-3.7999
-3.80119
-3.7986
-3.79892
-3.79956
-3.79923
-3.79794
-3.79698
-3.79699
-3.79828
-3.79699
-3.79795
-3.79925
-3.79633
-3.79537
-3.79602
-3.79731
-3.79892
-3.80021
-3.80151
-3.80313
-3.80313
-3.80151
-3.80119
-3.80152
-3.80087
-3.80087
-3.80022
-3.79925
-3.79601
-3.79632
-3.79665
-3.79633
-3.79504
-3.79795
-3.79666
-3.79504
-3.79503
-3.79568
-3.79407
-3.79246
-3.79278
-3.79408
-3.79407
-3.79439
-3.79277
-3.79536
-3.79472
-3.79504
-3.79343
-3.79311
-3.79472
-3.79406
-3.79276
-3.79503
-3.79375
-3.79473
-3.7957
-3.79537
-3.79278
-3.79343
-3.79376
-3.79571
-3.79538
-3.79408
-3.79343
-3.79473
-3.79278
-3.79278
-3.79311
-3.79472
-3.79472
-3.79472
-3.79731
-3.79926
-3.80024
-3.80057
-3.80025
-3.79993
-3.79992
-3.80088
-3.80119
-3.79958
-3.80024
-3.79765
-3.79765
-3.79667
-3.79506
-3.79377
-3.79377
-3.79506
-3.79635
-3.79764
-3.79635
-3.7983
-3.79733
-3.797
-3.79797
-3.79732
-3.79732
-3.79895
-3.79636
-3.79669
-3.79669
-3.79572
-3.79637
-3.79443
-3.79346
-3.79345
-3.79248
-3.79279
-3.79182
-3.79376
-3.79473
-3.79474
-3.79377
-3.79216
-3.79151
-3.78957
-3.79055
-3.79055
-3.7912
-3.79249
-3.79346
-3.7954
-3.79378
-3.79442
-3.79183
-3.79216
-3.79378
-3.79379
-3.79282
-3.79185
-3.79152
-3.79281
-3.79572
-3.79539
-3.79443
-3.79476
-3.79411
-3.79475
-3.79475
-3.79605
-3.79572
-3.79637
-3.79669
-3.79863
-3.79701
-3.79637
-3.7954
-3.7941
-3.79572
-3.79604
-3.79702
-3.79702
-3.79864
-3.79766
-3.79798
-3.79766
-3.79604
-3.79701
-3.79831
-3.79895
-3.79895
-3.7996
-3.79766
-3.79896
-3.79928
-3.80123
-3.79961
-3.79896
-3.80025
-3.80058
-3.80123
-3.80252
-3.80187
-3.79896
-3.79928
-3.79895
-3.79862
-3.79862
-3.79667
-3.79506
-3.79797
-3.79765
-3.79927
-3.79798
-3.79798
-3.79798
-3.79701
-3.79474
-3.79636
-3.79863
-3.79669
-3.79409
-3.79539
-3.79538
-3.79409
-3.79571
-3.79669
-3.79637
-3.79735
-3.79832
-3.80025
-3.80025
-3.7996
-3.79959
-3.79829
-3.79894
-3.80089
-3.7996
-3.79733
-3.79831
-3.79734
-3.79863
-3.7996
-3.80122
-3.80122
-3.80057
-3.7983
-3.79408
-3.79149
-3.79084
-3.79279
-3.79214
-3.79344
-3.79377
-3.79668
-3.79894
-3.79829
-3.79634
-3.79602
-3.79408
-3.79473
-3.79668
-3.79862
-3.79862
-3.80477
-3.80542
-3.80509
-3.8025
-3.8025
-3.80218
-3.80122
-3.79896
-3.80123
-3.80155
-3.80285
-3.80252
-3.80348
-3.8038
-3.80541
-3.80379
-3.80348
-3.80089
-3.80154
-3.80251
-3.80153
-3.8012
-3.80056
-3.8012
-3.8025
-3.80283
-3.80057
-3.7996
-3.79928
-3.79928
-3.79993
-3.7996
-3.80153
-3.80088
-3.80056
-3.79959
-3.79798
-3.7983
-3.79863
-3.79863
-3.7996
-3.79992
-3.79863
-3.7983
-3.79635
-3.79246
-3.7944
-3.79602
-3.79538
-3.79506
-3.79766
-3.79766
-3.79927
-3.79701
-3.79798
-3.79603
-3.79571
-3.79441
-3.79246
-3.79214
-3.79343
-3.79344
-3.78988
-3.79117
-3.79086
-3.7941
-3.79216
-3.79216
-3.79474
-3.79506
-3.79668
-3.79668
-3.7957
-3.79635
-3.79603
-3.7983
-3.79959
-3.79959
-3.79732
-3.79635
-3.79733
-3.7983
-3.79604
-3.79539
-3.79668
-3.79733
-3.79798
-3.80024
-3.80089
-3.79862
-3.79895
-3.79928
-3.7954
-3.79313
-3.79442
-3.79636
-3.79927
-3.80024
-3.80252
-3.80123
-3.79864
-3.79928
-3.80121
-3.80283
-3.80088
-3.80056
-3.80057
-3.8009
-3.80058
-3.79961
-3.79766
-3.79961
-3.79831
-3.79572
-3.79605
-3.79507
-3.79442
-3.79571
-3.79669
-3.79734
-3.79669
-3.79572
-3.79346
-3.79249
-3.79411
-3.79217
-3.79282
-3.7912
-3.79087
-3.79183
-3.79118
-3.79247
-3.79085
-3.79149
-3.79215
-3.7928
-3.79313
-3.79507
-3.79475
-3.79411
-3.7941
-3.79572
-3.79636
-3.79538
-3.7957
-3.79473
-3.79409
-3.79538
-3.79344
-3.79311
-3.79279
-3.79279
-3.79344
-3.79539
-3.79733
-3.79928
-3.80089
-3.80057
-3.80154
-3.80348
-3.80316
-3.80186
-3.79959
-3.79765
-3.79797
-3.7983
-3.80122
-3.7996
-3.79863
-3.79992
-3.80057
-3.80121
-3.80057
-3.80089
-3.79959
-3.7983
-3.79798
-3.79863
-3.79863
-3.79798
-3.79797
-3.79796
-3.79731
-3.79764
-3.80056
-3.80219
-3.8022
-3.80252
-3.80219
-3.80056
-3.80121
-3.8025
-3.80088
-3.80185
-3.80121
-3.79895
-3.80024
-3.80025
-3.80057
-3.7996
-3.80057
-3.79862
-3.80023
-3.79764
-3.79667
-3.79828
-3.79893
-3.79797
-3.79862
-3.79895
-3.79928
-3.79863
-3.80025
-3.80089
-3.80024
-3.80023
-3.80088
-3.79958
-3.79991
-3.80121
-3.80057
-3.7996
-3.79927
-3.79862
-3.79699
-3.79764
-3.79797
-3.797
-3.79732
-3.79829
-3.79635
-3.79473
-3.79409
-3.79377
-3.79443
-3.79379
-3.79508
-3.79637
-3.79831
-3.79992
-3.7983
-3.79926
-3.79829
-3.797
-3.79635
-3.79247
-3.79377
-3.79248
-3.79216
-3.79345
-3.79637
-3.79604
-3.79636
-3.79862
-3.79894
-3.79958
-3.7957
-3.79441
-3.79506
-3.79409
-3.79442
-3.79571
-3.79635
-3.79797
-3.79765
-3.7996
-3.8009
-3.79897
-3.79734
-3.79766
-3.79701
-3.79733
-3.79635
-3.79635
-3.79473
-3.79376
-3.7957
-3.79538
-3.79667
-3.7957
-3.79376
-3.79214
-3.79182
-3.79215
-3.7941
-3.79637
-3.79573
-3.7954
-3.79702
-3.79669
-3.79733
-3.79765
-3.79732
-3.79797
-3.79894
-3.79959
-3.80025
-3.79734
-3.79411
-3.79379
-3.79703
-3.79703
-3.7954
-3.79442
-3.79442
-3.79507
-3.79863
-3.79831
-3.79831
-3.79831
-3.79895
-3.79831
-3.79929
-3.80091
-3.80123
-3.8022
-3.80123
-3.8009
-3.80122
-3.80025
-3.79798
-3.79572
-3.79508
-3.79379
-3.7938
-3.79347
-3.79444
-3.79347
-3.79411
-3.79767
-3.79896
-3.79734
-3.79669
-3.79637
-3.79929
-3.7993
-3.79963
-3.80157
-3.80124
-3.80124
-3.79961
-3.79993
-3.80025
-3.79928
-3.79799
-3.79767
-3.79962
-3.79767
-3.79703
-3.79962
-3.79963
-3.79963
-3.79995
-3.80189
-3.80351
-3.80221
-3.80124
-3.79768
-3.79865
-3.79799
-3.79896
-3.79929
-3.79801
-3.798
-3.79832
-3.79605
-3.79508
-3.79573
-3.79508
-3.79444
-3.79379
-3.79314
-3.79217
-3.79313
-3.79249
-3.79572
-3.79572
-3.79572
-3.79507
-3.79702
-3.7967
-3.79605
-3.79735
-3.7967
-3.7967
-3.79604
-3.79636
-3.79701
-3.79734
-3.79637
-3.79605
-3.79508
-3.79605
-3.79799
-3.79799
-3.79993
-3.79993
-3.79831
-3.79799
-3.79897
-3.79832
-3.7967
-3.798
-3.79865
-3.79768
-3.79864
-3.7967
-3.79703
-3.7967
-3.7967
-3.79605
-3.79605
-3.79604
-3.79928
-3.79864
-3.798
-3.7967
-3.79736
-3.79897
-3.79735
-3.79734
-3.79604
-3.79733
-3.79831
-3.7967
-3.79541
-3.79541
-3.79508
-3.79411
-3.79573
-3.79346
-3.79604
-3.79831
-3.79636
-3.79571
-3.79668
-3.7957
-3.79798
-3.79637
-3.79605
-3.79379
-3.79184
-3.79508
-3.79443
-3.79184
-3.79314
-3.79313
-3.79474
-3.79474
-3.7915
-3.79538
-3.79409
-3.7954
-3.798
-3.79832
-3.79735
-3.79864
-3.79637
-3.79539
-3.79409
-3.79668
-3.79733
-3.79766
-3.79766
-3.79734
-3.7967
-3.79508
-3.79605
-3.79701
-3.79603
-3.79506
-3.79376
-3.79441
-3.79442
-3.79476
-3.79379
-3.79314
-3.79346
-3.79345
-3.79766
-3.79733
-3.79766
-3.79734
-3.79798
-3.79636
-3.79507
-3.79508
-3.79282
-3.79508
-3.79799
-3.79831
-3.79766
-3.79765
-3.79927
-3.80025
-3.8009
-3.80252
-3.80317
-3.80156
-3.80059
-3.80156
-3.79929
-3.79799
-3.79929
-3.79896
-3.79928
-3.79668
-3.79636
-3.79636
-3.79637
-3.79735
-3.798
-3.79962
-3.80124
-3.80253
-3.8022
-3.80188
-3.80221
-3.80221
-3.80092
-3.79736
-3.79444
-3.7954
-3.79572
-3.79442
-3.79539
-3.79443
-3.79508
-3.79509
-3.79769
-3.79671
-3.79704
-3.79671
-3.79445
-3.79574
-3.79735
-3.79929
-3.79767
-3.7967
-3.79444
-3.79541
-3.79638
-3.79831
-3.79896
-3.80026
-3.79962
-3.80028
-3.80093
-3.80061
-3.79996
-3.80319
-3.80059
-3.80155
-3.8009
-3.80155
-3.80383
-3.80287
-3.8019
-3.80191
-3.80093
-3.79931
-3.79931
-3.7993
-3.79995
-3.79898
-3.79866
-3.79996
-3.7977
-3.7977
-3.79737
-3.79931
-3.79574
-3.79638
-3.79476
-3.79542
-3.79445
-3.79575
-3.79705
-3.79576
-3.79447
-3.79511
-3.79543
-3.7951
-3.79737
-3.79833
-3.79606
-3.798
-3.79768
-3.79833
-3.79737
-3.79608
-3.79543
-3.79705
-3.79607
-3.79477
-3.79639
-3.79801
-3.7977
-3.79933
-3.8003
-3.79933
-3.79933
-3.79965
-3.8003
-3.79738
-3.79737
-3.79801
-3.798
-3.79639
-3.79705
-3.7977
-3.79737
-3.79705
-3.79738
-3.79512
-3.79512
-3.79512
-3.79479
-3.79251
-3.79284
-3.79381
-3.79413
-3.79478
-3.79382
-3.79414
-3.79641
-3.79447
-3.79576
-3.79706
-3.79478
-3.79348
-3.79347
-3.79444
-3.79444
-3.79736
-3.79705
-3.799
-3.79965
-3.79965
-3.79998
-3.79997
-3.79738
-3.79835
-3.79738
-3.79576
-3.79673
-3.79737
-3.79639
-3.79768
-3.79735
-3.79864
-3.79768
-3.79639
-3.79672
-3.79705
-3.79834
-3.79672
-3.79575
-3.79575
-3.79606
-3.79541
-3.79638
-3.79833
-3.80059
-3.79994
-3.80188
-3.80026
-3.79897
-3.798
-3.79898
-3.79898
-3.79769
-3.79834
-3.80029
-3.79802
-3.79672
-3.79672
-3.7993
-3.79866
-3.79866
-3.79866
-3.79672
-3.79931
-3.79865
-3.79735
-3.79864
-3.80059
-3.8019
-3.80093
-3.79964
-3.79996
-3.80092
-3.80092
-3.79834
-3.79737
-3.7977
-3.79705
-3.79867
-3.80094
-3.79997
-3.80386
-3.80321
-3.8045
-3.80449
-3.80286
-3.80189
-3.79963
-3.79705
-3.79706
-3.79803
-3.79933
-3.799
-3.79996
-3.80157
-3.79931
-3.79834
-3.79802
-3.79674
-3.79836
-3.79901
-3.79674
-3.79479
-3.79575
-3.79639
-3.79574
-3.79607
-3.79543
-3.79641
-3.79802
-3.79899
-3.79964
-3.80093
-3.80125
-3.80125
-3.80189
-3.80222
-3.80157
-3.8006
-3.80028
-3.79866
-3.79737
-3.79607
-3.79962
-3.79832
-3.79734
-3.79734
-3.79702
-3.79541
-3.79639
-3.79866
-3.79963
-3.79898
-3.79735
-3.798
-3.79929
-3.80123
-3.79994
-3.79671
-3.79542
-3.79639
-3.79445
-3.79445
-3.79607
-3.79833
-3.79833
-3.79315
-3.79639
-3.79444
-3.79509
-3.79574
-3.79768
-3.79542
-3.79801
-3.79703
-3.79768
-3.798
-3.79833
-3.79606
-3.79606
-3.79477
-3.79736
-3.79671
-3.79606
-3.79412
-3.79218
-3.79154
-3.79186
-3.78992
-3.79088
-3.79347
-3.79411
-3.79476
-3.79508
-3.79541
-3.79508
-3.79605
-3.798
-3.79767
-3.79865
-3.79865
-3.798
-3.7993
-3.79897
-3.79703
-3.79735
-3.80027
-3.79995
-3.79995
-3.7993
-3.79865
-3.79833
-3.79768
-3.79897
-3.79864
-3.79961
-3.79702
-3.79476
-3.79605
-3.79443
-3.79411
-3.79605
-3.79703
-3.79735
-3.798
-3.79962
-3.80059
-3.80124
-3.80157
-3.80221
-3.80254
-3.80092
-3.79768
-3.79833
-3.79833
-3.79735
-3.80058
-3.80122
-3.79928
-3.79897
-3.79865
-3.79801
-3.79704
-3.79478
-3.79608
-3.79576
-3.79639
-3.79638
-3.79605
-3.79378
-3.79217
-3.7925
-3.7938
-3.79348
-3.79543
-3.7951
-3.79478
-3.79477
-3.79412
-3.79607
-3.79542
-3.7951
-3.79121
-3.79251
-3.79251
-3.79316
-3.79445
-3.79445
-3.79704
-3.79736
-3.79736
-3.79866
-3.79834
-3.79835
-3.79609
-3.79576
-3.79738
-3.79543
-3.79607
-3.79768
-3.7967
-3.79669
-3.79605
-3.79605
-3.79897
-3.79898
-3.79769
-3.79639
-3.79737
-3.79899
-3.79899
-3.80061
-3.79963
-3.79962
-3.79735
-3.8009
-3.8022
-3.80221
-3.80189
-3.80189
-3.80092
-3.7993
-3.79929
-3.79929
-3.79799
-3.79703
-3.79574
-3.79801
-3.79802
-3.79801
-3.79704
-3.79541
-3.79508
-3.79734
-3.79766
-3.79734
-3.79507
-3.79442
-3.79444
-3.79381
-3.79511
-3.79641
-3.7964
-3.79737
-3.79672
-3.79672
-3.79671
-3.79573
-3.7967
-3.79735
-3.79412
-3.79477
-3.79218
-3.79315
-3.79283
-3.79186
-3.79283
-3.79347
-3.79314
-3.79574
-3.79639
-3.79542
-3.79639
-3.79639
-3.79574
-3.79736
-3.79606
-3.79672
-3.79801
-3.79736
-3.79768
-3.79736
-3.79768
-3.79897
-3.79898
-3.80092
-3.80027
-3.79865
-3.79929
-3.79864
-3.79767
-3.79864
-3.79703
-3.79606
-3.79477
-3.79316
-3.79381
-3.7951
-3.79284
-3.79349
-3.79186
-3.7938
-3.79444
-3.79412
-3.79348
-3.79381
-3.79413
-3.79413
-3.79704
-3.79671
-3.79736
-3.79737
-3.79737
-3.80029
-3.79802
-3.80094
-3.79835
-3.79673
-3.79672
-3.79542
-3.79607
-3.79542
-3.79413
-3.79349
-3.7935
-3.79285
-3.79252
-3.7922
-3.79349
-3.79381
-3.79511
-3.79608
-3.79835
-3.79997
-3.80062
-3.79997
-3.80224
-3.80029
-3.80093
-3.80061
-3.80093
-3.79964
-3.79802
-3.79932
-3.79997
-3.79674
-3.79706
-3.79544
-3.79706
-3.79932
-3.79802
-3.7964
-3.79478
-3.79511
-3.79674
-3.79706
-3.79804
-3.79577
-3.7961
-3.7948
-3.79706
-3.79544
-3.79512
-3.79479
-3.79576
-3.79641
-3.79771
-3.79771
-3.79642
-3.79544
-3.7935
-3.7935
-3.79319
-3.79319
-3.79417
-3.79319
-3.79481
-3.79546
-3.79546
-3.7974
-3.79643
-3.79513
-3.79675
-3.79707
-3.7974
-3.7961
-3.79351
-3.79286
-3.79319
-3.79513
-3.7961
-3.79578
-3.79643
-3.7961
-3.79642
-3.79512
-3.7948
-3.79513
-3.79449
-3.79482
-3.79676
-3.79741
-3.79709
-3.79709
-3.79708
-3.79836
-3.79771
-3.79739
-3.79967
-3.79774
-3.79903
-3.79676
-3.79481
-3.79513
-3.79481
-3.79611
-3.79805
-3.79806
-3.79806
-3.79807
-3.79807
-3.79711
-3.79581
-3.79645
-3.79578
-3.79674
-3.79478
-3.79609
-3.79513
-3.79676
-3.79708
-3.79837
-3.79675
-3.7961
-3.79804
-3.79643
-3.79837
-3.79773
-3.7974
-3.79837
-3.79967
-3.80161
-3.80258
-3.80257
-3.80225
-3.79967
-3.79967
-3.80032
-3.80032
-3.79999
-3.80095
-3.80192
-3.80095
-3.80095
-3.79965
-3.79545
-3.79545
-3.79546
-3.79644
-3.79644
-3.79515
-3.79806
-3.79742
-3.79774
-3.79579
-3.7987
-3.79838
-3.79935
-3.8
-3.79644
-3.7958
-3.79709
-3.7958
-3.79743
-3.79937
-3.79839
-3.8
-3.80162
-3.79903
-3.79935
-3.8
-3.80097
-3.80031
-3.80129
-3.80162
-3.8013
-3.80131
-3.80261
-3.80066
-3.79904
-3.79871
-3.80097
-3.79935
-3.79709
-3.79871
-3.79903
-3.79936
-3.8013
-3.80292
-3.8026
-3.8013
-3.80065
-3.79999
-3.79902
-3.79838
-3.79806
-3.79968
-3.79968
-3.79904
-3.79904
-3.79969
-3.79872
-3.79871
-3.79806
-3.79805
-3.79772
-3.79804
-3.79934
-3.80259
-3.80325
-3.80098
-3.80066
-3.80033
-3.8
-3.79935
-3.79773
-3.7974
-3.79578
-3.79675
-3.79643
-3.79481
-3.79481
-3.79481
-3.7932
-3.79579
-3.79935
-3.79902
-3.79869
-3.79966
-3.79902
-3.79611
-3.79611
-3.79707
-3.79383
-3.79383
-3.79481
-3.79449
-3.79676
-3.79708
-3.79902
-3.79869
-3.79707
-3.79901
-3.79869
-3.79902
-3.79967
-3.7974
-3.7987
-3.79837
-3.79772
-3.79674
-3.79674
-3.79513
-3.79546
-3.79546
-3.79416
-3.79577
-3.79577
-3.79576
-3.79706
-3.79706
-3.79707
-3.79934
-3.7987
-3.7987
-3.7974
-3.79708
-3.79481
-3.7948
-3.7948
-3.79253
-3.79059
-3.7906
-3.79221
-3.79059
-3.79092
-3.79351
-3.79318
-3.79642
-3.79707
-3.80063
-3.80161
-3.79966
-3.79707
-3.79965
-3.79998
-3.79933
-3.79934
-3.79869
-3.80129
-3.79902
-3.79772
-3.79837
-3.79868
-3.79739
-3.79835
-3.79803
-3.79835
-3.79835
-3.79997
-3.79965
-3.79803
-3.79868
-3.80062
-3.80063
-3.80258
-3.80064
-3.79901
-3.79772
-3.79642
-3.79285
-3.79155
-3.79285
-3.79349
-3.79317
-3.79674
-3.79739
-3.79804
-3.79772
-3.79675
-3.79708
-3.7974
-3.7961
-3.79415
-3.79544
-3.79706
-3.79642
-3.79609
-3.79512
-3.79545
-3.79512
-3.79512
-3.7948
-3.79642
-3.79578
-3.79739
-3.79836
-3.79771
-3.79642
-3.7948
-3.7935
-3.79188
-3.79285
-3.79318
-3.79544
-3.79446
-3.79576
-3.79478
-3.79446
-3.79479
-3.7948
-3.79544
-3.79609
-3.79609
-3.79771
-3.79609
-3.79577
-3.7948
-3.79642
-3.79642
-3.79544
-3.79705
-3.79673
-3.7977
-3.80094
-3.8003
-3.79706
-3.79577
-3.7961
-3.79545
-3.79544
-3.79576
-3.7977
-3.79673
-3.79608
-3.7964
-3.79769
-3.7964
-3.79543
-3.79769
-3.79834
-3.79931
-3.79802
-3.79576
-3.79447
-3.79447
-3.79382
-3.79253
-3.79188
-3.79317
-3.79543
-3.79445
-3.79541
-3.79735
-3.7993
-3.79833
-3.79671
-3.79769
-3.79867
-3.799
-3.7977
-3.79835
-3.79478
-3.79446
-3.7951
-3.79575
-3.79477
-3.79639
-3.79607
-3.79705
-3.79803
-3.79738
-3.79738
-3.79867
-3.79802
-3.79608
-3.79575
-3.79672
-3.79607
-3.79575
-3.79607
-3.79704
-3.79705
-3.79608
-3.79478
-3.79284
-3.79154
-3.79348
-3.79186
-3.79283
-3.79121
-3.79122
-3.79122
-3.7909
-3.79122
-3.79122
-3.7909
-3.79122
-3.79121
-3.79314
-3.79346
-3.79508
-3.79509
-3.79413
-3.79252
-3.79446
-3.79381
-3.79704
-3.79542
-3.79607
-3.79704
-3.79673
-3.79607
-3.79542
-3.79477
-3.79509
-3.79574
-3.79509
-3.79445
-3.79607
-3.79574
-3.79509
-3.79671
-3.7951
-3.79511
-3.79576
-3.79673
-3.79608
-3.79606
-3.79637
-3.79572
-3.79508
-3.79735
-3.79671
-3.79704
-3.79769
-3.79704
-3.79575
-3.79574
-3.79639
-3.79767
-3.79929
-3.79929
-3.79605
-3.79735
-3.79833
-3.79931
-3.80125
-3.80255
-3.80352
-3.8019
-3.80093
-3.79898
-3.79865
-3.79897
-3.79832
-3.79897
-3.79832
-3.7993
-3.80157
-3.8032
-3.8032
-3.80223
-3.79995
-3.80124
-3.79929
-3.79994
-3.79832
-3.79445
-3.7951
-3.79607
-3.79445
-3.79574
-3.79412
-3.79541
-3.79703
-3.79735
-3.79832
-3.798
-3.798
-3.79638
-3.79606
-3.79703
-3.79541
-3.79573
-3.79962
-3.79864
-3.79962
-3.79703
-3.7993
-3.79769
-3.79607
-3.79542
-3.79542
-3.79477
-3.79541
-3.79638
-3.79573
-3.79832
-3.79832
-3.79768
-3.798
-3.80059
-3.79866
-3.79704
-3.7951
-3.79542
-3.79801
-3.79865
-3.79962
-3.79962
-3.79929
-3.79864
-3.79929
-3.79994
-3.79865
-3.79898
-3.79995
-3.80028
-3.8019
-3.80029
-3.79964
-3.79963
-3.79898
-3.79995
-3.79898
-3.79995
-3.79865
-3.79769
-3.79801
-3.79736
-3.79898
-3.79931
-3.79866
-3.79704
-3.79639
-3.79444
-3.79606
-3.79574
-3.79768
-3.79606
-3.79574
-3.79768
-3.79703
-3.79833
-3.80189
-3.8006
-3.80125
-3.80093
-3.79834
-3.79899
-3.79964
-3.80029
-3.80028
-3.79801
-3.79607
-3.79477
-3.79379
-3.79444
-3.79573
-3.79412
-3.79574
-3.79478
-3.7951
-3.7964
-3.79381
-3.79219
-3.79316
-3.79509
-3.7938
-3.79608
-3.79673
-3.79511
-3.79737
-3.79769
-3.7951
-3.7951
-3.79477
-3.79445
-3.79348
-3.79284
-3.79478
-3.79414
-3.79284
-3.79511
-3.79544
-3.79608
-3.7977
-3.79899
-3.79898
-3.79866
-3.79671
-3.79542
-3.79542
-3.79575
-3.79737
-3.79769
-3.7964
-3.79931
-3.79801
-3.80092
-3.79897
-3.79833
-3.7993
-3.79671
-3.79704
-3.79705
-3.79381
-3.79543
-3.79446
-3.79574
-3.79509
-3.79347
-3.79412
-3.79413
-3.79607
-3.7951
-3.79445
-3.79672
-3.79768
-3.798
-3.798
-3.79833
-3.79931
-3.80062
-3.79868
-3.79738
-3.7977
-3.79705
-3.79639
-3.79671
-3.79898
-3.7993
-3.79898
-3.79801
-3.79769
-3.79639
-3.79672
-3.79671
-3.79574
-3.79445
-3.79316
-3.79186
-3.79122
-3.78992
-3.7883
-3.78959
-3.79218
-3.79314
-3.79314
-3.79606
-3.79736
-3.8006
-3.80158
-3.80255
-3.79996
-3.80028
-3.79963
-3.79898
-3.80028
-3.80287
-3.8032
-3.80191
-3.79931
-3.80223
-3.80061
-3.79834
-3.79801
-3.79769
-3.7964
-3.79705
-3.79738
-3.79931
-3.79801
-3.7993
-3.79995
-3.80125
-3.79867
-3.79802
-3.79802
-3.79738
-3.79803
-3.799
-3.79964
-3.79834
-3.79834
-3.79963
-3.79833
-3.79574
-3.79768
-3.798
-3.79866
-3.79672
-3.79867
-3.79641
-3.79706
-3.79576
-3.79608
-3.79866
-3.79769
-3.7964
-3.79575
-3.79478
-3.79576
-3.79608
-3.79673
-3.7977
-3.79835
-3.79705
-3.79835
-3.79609
-3.79674
-3.79836
-3.79901
-3.79868
-3.79673
-3.7964
-3.79737
-3.79801
-3.79704
-3.79576
-3.79544
-3.79675
-3.79642
-3.79545
-3.79447
-3.79544
-3.79478
-3.79413
-3.79348
-3.79543
-3.79608
-3.79511
-3.79641
-3.79576
-3.79512
-3.79577
-3.79771
-3.79512
-3.79253
-3.79221
-3.79545
-3.79577
-3.79544
-3.79511
-3.79479
-3.79479
-3.79155
-3.79317
-3.79285
-3.7935
-3.7935
-3.79415
-3.79512
-3.79414
-3.79446
-3.79349
-3.79382
-3.79252
-3.79447
-3.79155
-3.79317
-3.79317
-3.79317
-3.79349
-3.79479
-3.79446
-3.7951
-3.79381
-3.79154
-3.79414
-3.79641
-3.79447
-3.79706
-3.7964
-3.79673
-3.79543
-3.79382
-3.79382
-3.7935
-3.79285
-3.7948
-3.79577
-3.79673
-3.79543
-3.79316
-3.79316
-3.79705
-3.79835
-3.79706
-3.79512
-3.7935
-3.79512
-3.79543
-3.79511
-3.79381
-3.79413
-3.79543
-3.79737
-3.79511
-3.79609
-3.79836
-3.79998
-3.79933
-3.79803
-3.79835
-3.79705
-3.79608
-3.7977
-3.79738
-3.79641
-3.79479
-3.79317
-3.79188
-3.79091
-3.79123
-3.79188
-3.79156
-3.79123
-3.79058
-3.7896
-3.79089
-3.79315
-3.79542
-3.79543
-3.79705
-3.79673
-3.79737
-3.79705
-3.79704
-3.79769
-3.79899
-3.79964
-3.79965
-3.79966
-3.80063
-3.80192
-3.80127
-3.80094
-3.80256
-3.80321
-3.79997
-3.79997
-3.80029
-3.79866
-3.79639
-3.79705
-3.79802
-3.79705
-3.79511
-3.79478
-3.79738
-3.79803
-3.79706
-3.79901
-3.79933
-3.79933
-3.7977
-3.79673
-3.79641
-3.79771
-3.79771
-3.79447
-3.79318
-3.7922
-3.79285
-3.79253
-3.79221
-3.79415
-3.79545
-3.79642
-3.7948
-3.79544
-3.79674
-3.79415
-3.79738
-3.7977
-3.79899
-3.79932
-3.79997
-3.79836
-3.79836
-3.79803
-3.799
-3.79835
-3.7977
-3.79835
-3.79964
-3.79836
-3.79706
-3.79544
-3.79641
-3.79479
-3.79608
-3.79673
-3.79543
-3.79576
-3.79576
-3.7935
-3.79382
-3.79479
-3.79674
-3.79415
-3.79512
-3.79479
-3.79576
-3.79673
-3.79478
-3.79608
-3.79705
-3.799
-3.80062
-3.80225
-3.80193
-3.80063
-3.80192
-3.80224
-3.79997
-3.79802
-3.79478
-3.79672
-3.79575
-3.79543
-3.79576
-3.79608
-3.7977
-3.79673
-3.79576
-3.79511
-3.79478
-3.79575
-3.7977
-3.79868
-3.79965
-3.79868
-3.79836
-3.79674
-3.79577
-3.79512
-3.79512
-3.79511
-3.79705
-3.79834
-3.79737
-3.79575
-3.79479
-3.79673
-3.79803
-3.79933
-3.79641
-3.79608
-3.7964
-3.79511
-3.79447
-3.7935
-3.79512
-3.79609
-3.79674
-3.79738
-3.79641
-3.79543
-3.79737
-3.79834
-3.79769
-3.79672
-3.79867
-3.79706
-3.79642
-3.79544
-3.79317
-3.79219
-3.79348
-3.79153
-3.79218
-3.79348
-3.79382
-3.79285
-3.79641
-3.79608
-3.79511
-3.79705
-3.79705
-3.79801
-3.79639
-3.79704
-3.79802
-3.79737
-3.79673
-3.79511
-3.79414
-3.79705
-3.7964
-3.79543
-3.79704
-3.79607
-3.79542
-3.79543
-3.79543
-3.79609
-3.79576
-3.79544
-3.79673
-3.79673
-3.79738
-3.79706
-3.79673
-3.79964
-3.79964
-3.80158
-3.80321
-3.80289
-3.80419
-3.80322
-3.80418
-3.8032
-3.80061
-3.80126
-3.79802
-3.79802
-3.79802
-3.79641
-3.79576
-3.79641
-3.79737
-3.79834
-3.80029
-3.80061
-3.80255
-3.80125
-3.80222
-3.80158
-3.80029
-3.80094
-3.80288
-3.80159
-3.80125
-3.79996
-3.79898
-3.79995
-3.79833
-3.79704
-3.7938
-3.79412
-3.79316
-3.79316
-3.7951
-3.7951
-3.79478
-3.79543
-3.79543
-3.79543
-3.79964
-3.79963
-3.8006
-3.80157
-3.80092
-3.80125
-3.8006
-3.80287
-3.80158
-3.79964
-3.80094
-3.79803
-3.79705
-3.7964
-3.79575
-3.79478
-3.7951
-3.79607
-3.79802
-3.7964
-3.7977
-3.79673
-3.79672
-3.79413
-3.79283
-3.79477
-3.79607
-3.79834
-3.79608
-3.79576
-3.79576
-3.79576
-3.79576
-3.79446
-3.79252
-3.79414
-3.7964
-3.79705
-3.79738
-3.79867
-3.799
-3.79706
-3.79609
-3.79641
-3.79609
-3.79317
-3.79253
-3.79285
-3.79253
-3.79415
-3.79253
-3.79286
-3.79383
-3.79415
-3.79351
-3.79351
-3.79383
-3.79641
-3.7977
-3.7964
-3.79576
-3.7948
-3.79384
-3.79287
-3.79643
-3.79384
-3.79481
-3.79416
-3.7961
-3.79674
-3.79673
-3.79738
-3.79835
-3.79836
-3.80225
-3.80355
-3.80258
-3.80064
-3.79967
-3.79772
-3.80031
-3.79901
-3.79675
-3.79772
-3.7961
-3.79772
-3.79836
-3.79966
-3.80031
-3.79804
-3.80063
-3.79901
-3.79901
-3.79836
-3.79772
-3.79836
-3.79934
-3.80128
-3.8016
-3.80128
-3.79901
-3.79869
-3.79836
-3.79933
-3.79933
-3.79674
-3.80062
-3.80095
-3.8003
-3.80063
-3.80128
-3.80225
-3.80128
-3.80064
-3.80031
-3.79934
-3.79804
-3.79804
-3.79998
-3.80128
-3.80096
-3.79934
-3.80064
-3.80355
-3.80355
-3.80193
-3.80128
-3.79999
-3.80031
-3.79966
-3.79869
-3.80095
-3.8003
-3.79836
-3.79545
-3.79577
-3.79642
-3.79771
-3.79836
-3.79901
-3.79772
-3.79836
-3.80063
-3.80258
-3.80258
-3.80258
-3.80192
-3.80062
-3.79868
-3.79544
-3.79674
-3.79837
-3.79837
-3.79966
-3.79966
-3.79836
-3.79739
-3.79804
-3.79771
-3.79804
-3.79804
-3.799
-3.79544
-3.79706
-3.80127
-3.80127
-3.80031
-3.79998
-3.79966
-3.79998
-3.80224
-3.80321
-3.80419
-3.80322
-3.80129
-3.80162
-3.80226
-3.80258
-3.80387
-3.80323
-3.79967
-3.80096
-3.79998
-3.79966
-3.80322
-3.80063
-3.79933
-3.79772
-3.79999
-3.80064
-3.7987
-3.79935
-3.79838
-3.79772
-3.80095
-3.79836
-3.79933
-3.79836
-3.79966
-3.80128
-3.79902
-3.79902
-3.79902
-3.79675
-3.79481
-3.79675
-3.79773
-3.79481
-3.79449
-3.79513
-3.7961
-3.79577
-3.79642
-3.79739
-3.79707
-3.79966
-3.79901
-3.79869
-3.79707
-3.79578
-3.79481
-3.79513
-3.7935
-3.79286
-3.79448
-3.79513
-3.7961
-3.79675
-3.79611
-3.79546
-3.79579
-3.79578
-3.79448
-3.79707
-3.79707
-3.80193
-3.80194
-3.8042
-3.80712
-3.80485
-3.80356
-3.80194
-3.80162
-3.80129
-3.80161
-3.80128
-3.79966
-3.79933
-3.79998
-3.79771
-3.79772
-3.79772
-3.79773
-3.79708
-3.79838
-3.80033
-3.80032
-3.80032
-3.80064
-3.80161
-3.80032
-3.80032
-3.80161
-3.79967
-3.79999
-3.79676
-3.79644
-3.79676
-3.79774
-3.79644
-3.79548
-3.79677
-3.79741
-3.79838
-3.80162
-3.80129
-3.79773
-3.79481
-3.79351
-3.79416
-3.79319
-3.79481
-3.79514
-3.79547
-3.79482
-3.79385
-3.7932
-3.79255
-3.7958
-3.79386
-3.79612
-3.79548
-3.7958
-3.79774
-3.79774
-3.79612
-3.79838
-3.8
-3.79805
-3.79935
-3.79903
-3.79904
-3.7984
-3.79969
-3.7971
-3.79742
-3.79904
-3.79839
-3.79903
-3.79806
-3.79871
-3.7987
-3.79838
-3.79967
-3.79838
-3.79903
-3.79645
-3.79742
-3.79743
-3.79905
-3.79808
-3.79937
-3.80033
-3.80097
-3.79967
-3.80096
-3.8
-3.79968
-3.80034
-3.79904
-3.80098
-3.80356
-3.80388
-3.80421
-3.80228
-3.80163
-3.80196
-3.80261
-3.80001
-3.79936
-3.79774
-3.79774
-3.79644
-3.79579
-3.79547
-3.79546
-3.79352
-3.79547
-3.79612
-3.79321
-3.79095
-3.78965
-3.789
-3.79224
-3.79289
-3.79613
-3.79419
-3.79548
-3.79419
-3.79419
-3.79419
-3.79548
-3.79677
-3.79774
-3.79644
-3.79676
-3.79611
-3.7932
-3.7945
-3.79451
-3.79484
-3.79258
-3.7929
-3.79225
-3.79355
-3.79581
-3.79419
-3.79451
-3.79353
-3.79548
-3.79322
-3.79581
-3.79517
-3.79258
-3.79226
-3.79161
-3.79095
-3.79289
-3.79353
-3.79353
-3.79321
-3.79452
-3.79582
-3.79679
-3.79679
-3.79776
-3.79808
-3.7997
-3.79937
-3.79873
-3.79905
-3.79937
-3.79808
-3.80066
-3.80131
-3.80163
-3.79937
-3.79937
-3.7971
-3.79613
-3.79646
-3.79581
-3.79516
-3.79451
-3.7945
-3.7945
-3.79418
-3.79516
-3.79548
-3.79451
-3.7958
-3.79645
-3.79581
-3.79645
-3.79645
-3.79839
-3.79935
-3.79935
-3.80033
-3.80033
-3.79904
-3.79904
-3.80001
-3.79969
-3.79839
-3.79742
-3.7971
-3.79581
-3.79322
-3.79322
-3.79419
-3.79257
-3.79419
-3.79354
-3.79451
-3.79451
-3.79678
-3.79516
-3.79646
-3.79743
-3.79646
-3.79646
-3.79548
-3.79386
-3.79612
-3.79353
-3.79223
-3.79126
-3.79224
-3.79192
-3.79517
-3.79581
-3.79742
-3.79838
-3.7974
-3.79869
-3.79805
-3.79773
-3.79611
-3.79676
-3.79806
-3.79936
-3.79871
-3.79903
-3.79709
-3.79676
-3.79547
-3.79514
-3.79611
-3.79449
-3.79287
-3.79385
-3.79353
-3.79386
-3.79224
-3.79158
-3.79158
-3.7932
-3.79385
-3.79514
-3.79385
-3.79352
-3.79352
-3.79417
-3.79481
-3.79417
-3.79514
-3.79611
-3.7945
-3.79385
-3.79515
-3.7932
-3.79417
-3.79644
-3.79644
-3.79643
-3.79643
-3.79675
-3.7961
-3.79707
-3.7961
-3.79416
-3.79513
-3.79545
-3.79513
-3.79481
-3.79254
-3.79124
-3.79189
-3.78962
-3.78929
-3.78961
-3.79123
-3.79252
-3.79123
-3.79253
-3.7948
-3.79772
-3.79707
-3.79642
-3.7961
-3.79481
-3.79319
-3.79513
-3.79545
-3.79577
-3.79512
-3.79803
-3.79998
-3.80063
-3.79999
-3.80193
-3.80096
-3.79869
-3.80064
-3.79869
-3.79934
-3.79966
-3.79933
-3.79933
-3.79868
-3.79869
-3.79934
-3.79772
-3.79772
-3.79772
-3.79902
-3.79708
-3.79773
-3.79968
-3.79903
-3.79806
-3.79774
-3.79676
-3.79514
-3.7961
-3.79513
-3.79448
-3.79609
-3.79609
-3.7961
-3.7961
-3.79577
-3.79513
-3.79578
-3.79578
-3.79676
-3.79773
-3.79708
-3.79805
-3.79869
-3.79902
-3.79772
-3.79837
-3.79773
-3.7987
-3.7987
-3.79741
-3.80032
-3.7987
-3.80032
-3.79999
-3.80096
-3.79999
-3.7974
-3.79869
-3.79935
-3.80065
-3.80098
-3.80163
-3.79936
-3.79709
-3.79578
-3.79481
-3.79513
-3.79676
-3.7987
-3.79612
-3.79385
-3.79515
-3.79645
-3.79548
-3.79709
-3.79578
-3.79837
-3.79901
-3.79933
-3.79966
-3.79837
-3.79773
-3.79612
-3.79904
-3.80033
-3.80162
-3.80129
-3.80129
-3.79999
-3.79934
-3.79934
-3.79933
-3.80095
-3.79901
-3.79967
-3.79935
-3.79708
-3.79644
-3.79773
-3.7987
-3.7987
-3.79967
-3.79805
-3.79869
-3.79772
-3.80128
-3.79933
-3.79934
-3.79772
-3.79417
-3.79417
-3.79385
-3.79321
-3.79159
-3.79158
-3.79222
-3.79254
-3.79222
-3.79189
-3.79415
-3.79286
-3.79253
-3.79188
-3.79383
-3.79157
-3.78866
-3.79126
-3.79256
-3.79548
-3.79547
-3.79579
-3.79385
-3.79417
-3.79481
-3.7948
-3.79254
-3.79319
-3.79384
-3.79611
-3.79547
-3.79579
-3.79514
-3.7961
-3.79642
-3.79739
-3.79739
-3.79739
-3.79481
-3.79352
-3.79255
-3.79611
-3.79675
-3.79481
-3.79578
-3.79513
-3.79481
-3.79546
-3.79643
-3.79838
-3.79611
-3.79903
-3.79611
-3.79643
-3.79676
-3.79611
-3.79579
-3.79481
-3.79611
-3.79417
-3.79514
-3.79222
-3.79092
-3.79155
-3.79382
-3.79513
-3.79643
-3.79579
-3.79612
-3.79579
-3.79741
-3.79676
-3.79546
-3.79838
-3.79838
-3.7987
-3.79967
-3.79935
-3.80226
-3.80226
-3.80128
-3.80161
-3.80096
-3.80128
-3.80225
-3.80063
-3.80063
-3.80096
-3.8029
-3.80323
-3.80323
-3.80129
-3.80129
-3.80259
-3.8013
-3.8
-3.79999
-3.79999
-3.80062
-3.79803
-3.79901
-3.79869
-3.79902
-3.79805
-3.80031
-3.79999
-3.79967
-3.79934
-3.79901
-3.79868
-3.79803
-3.79641
-3.79642
-3.7961
-3.79449
-3.79352
-3.79708
-3.79676
-3.79644
-3.79676
-3.79643
-3.7974
-3.79901
-3.79803
-3.80029
-3.80159
-3.79934
-3.79773
-3.79708
-3.79643
-3.79352
-3.79189
-3.79286
-3.79092
-3.79351
-3.79416
-3.79675
-3.79546
-3.79643
-3.7961
-3.79318
-3.79447
-3.79415
-3.79383
-3.79286
-3.79513
-3.79707
-3.79707
-3.79934
-3.80096
-3.80063
-3.80321
-3.80062
-3.79997
-3.79965
-3.80192
-3.8016
-3.79901
-3.79772
-3.79772
-3.79739
-3.79771
-3.7977
-3.79641
-3.79835
-3.79673
-3.79609
-3.79577
-3.79706
-3.79512
-3.7935
-3.79253
-3.79286
-3.7948
-3.79351
-3.79512
-3.7948
-3.7961
-3.79771
-3.79674
-3.79771
-3.799
-3.79835
-3.79835
-3.79771
-3.79869
-3.79869
-3.79804
-3.79448
-3.79319
-3.79222
-3.79157
-3.79383
-3.7948
-3.79674
-3.79706
-3.79739
-3.79577
-3.7961
-3.79643
-3.79578
-3.79805
-3.79611
-3.79514
-3.79352
-3.78963
-3.79028
-3.78931
-3.78899
-3.78931
-3.7919
-3.79287
-3.7932
-3.79385
-3.7932
-3.7932
-3.79578
-3.79643
-3.79708
-3.79676
-3.79579
-3.79676
-3.79352
-3.79547
-3.79417
-3.79352
-3.79417
-3.79708
-3.79741
-3.79676
-3.79709
-3.79548
-3.79613
-3.79613
-3.7958
-3.79548
-3.7945
-3.79547
-3.79418
-3.79418
-3.79515
-3.7945
-3.79708
-3.79611
-3.79676
-3.79643
-3.79287
-3.79223
-3.79449
-3.79417
-3.79319
-3.79352
-3.79481
-3.79319
-3.79611
-3.79449
-3.79481
-3.79449
-3.79287
-3.79482
-3.79741
-3.79579
-3.79546
-3.79676
-3.79579
-3.79417
-3.79061
-3.79288
-3.79417
-3.79579
-3.79385
-3.79223
-3.7945
-3.79449
-3.79514
-3.79546
-3.79514
-3.79449
-3.7932
-3.79579
-3.79839
-3.79709
-3.79645
-3.79839
-3.79904
-3.7971
-3.7971
-3.7971
-3.79483
-3.79548
-3.79644
-3.79579
-3.79709
-3.79547
-3.79742
-3.79547
-3.79515
-3.79579
-3.79611
-3.79482
-3.79611
-3.79548
-3.79646
-3.79808
-3.79809
-3.79873
-3.80001
-3.79677
-3.79903
-3.79676
-3.79547
-3.79353
-3.7932
-3.79546
-3.79515
-3.7958
-3.79743
-3.80035
-3.801
-3.80099
-3.80196
-3.80164
-3.80001
-3.80195
-3.80163
-3.80098
-3.79903
-3.79806
-3.79741
-3.79773
-3.79806
-3.79872
-3.7984
-3.79808
-3.79646
-3.79452
-3.7971
-3.79677
-3.79676
-3.79805
-3.8
-3.80098
-3.80001
-3.79872
-3.80099
-3.79872
-3.79775
-3.79581
-3.79677
-3.79839
-3.79611
-3.79579
-3.79741
-3.79774
-3.79645
-3.79645
-3.79645
-3.79677
-3.79612
-3.7971
-3.80195
-3.80034
-3.80098
-3.79936
-3.80065
-3.79806
-3.79903
-3.79611
-3.79839
-3.79677
-3.79548
-3.79484
-3.7916
-3.78965
-3.78965
-3.79127
-3.79159
-3.79321
-3.79386
-3.79548
-3.79321
-3.79386
-3.7958
-3.7971
-3.79548
-3.79515
-3.7958
-3.79515
-3.79418
-3.7958
-3.79644
-3.7958
-3.79547
-3.7958
-3.79483
-3.79516
-3.79774
-3.8
-3.79935
-3.79967
-3.80032
-3.8013
-3.79903
-3.79903
-3.79968
-3.79678
-3.7971
-3.7971
-3.7958
-3.79579
-3.79449
-3.79286
-3.79578
-3.7974
-3.79709
-3.79515
-3.79257
-3.79128
-3.79225
-3.79451
-3.79612
-3.79612
-3.79482
-3.79515
-3.79483
-3.7945
-3.79677
-3.79644
-3.79676
-3.79675
-3.7974
-3.79838
-3.79871
-3.7971
-3.7984
-3.79743
-3.79872
-3.7971
-3.79839
-3.7987
-3.79643
-3.7974
-3.79838
-3.80065
-3.79903
-3.79871
-3.79839
-3.79936
-3.80033
-3.8
-3.79968
-3.80064
-3.80064
-3.79967
-3.80031
-3.80097
-3.80064
-3.79967
-3.80033
-3.80033
-3.79742
-3.7971
-3.79515
-3.79612
-3.79515
-3.79807
-3.79807
-3.79775
-3.79936
-3.80195
-3.80194
-3.80193
-3.80257
-3.80258
-3.80258
-3.80258
-3.80227
-3.8013
-3.80099
-3.80163
-3.8026
-3.80066
-3.80065
-3.79967
-3.80258
-3.80064
-3.80032
-3.79935
-3.80097
-3.80097
-3.80162
-3.80291
-3.80162
-3.8013
-3.8026
-3.80292
-3.80422
-3.80454
-3.80584
-3.8026
-3.8026
-3.8013
-3.80195
-3.80357
-3.80357
-3.80228
-3.80325
-3.80228
-3.80422
-3.80228
-3.79968
-3.80001
-3.79905
-3.79744
-3.79776
-3.7984
-3.79807
-3.7958
-3.79386
-3.79257
-3.79419
-3.7958
-3.79742
-3.79645
-3.7971
-3.79742
-3.79872
-3.79839
-3.80066
-3.79904
-3.79742
-3.79839
-3.79709
-3.79612
-3.79645
-3.79807
-3.79807
-3.79741
-3.79612
-3.79579
-3.79514
-3.79579
-3.79741
-3.79839
-3.79775
-3.79937
-3.80164
-3.79839
-3.7945
-3.79515
-3.79418
-3.79223
-3.7932
-3.79288
-3.79385
-3.79676
-3.79741
-3.79773
-3.79935
-3.7987
-3.79935
-3.79935
-3.80098
-3.80001
-3.79774
-3.79936
-3.79774
-3.79871
-3.79904
-3.7971
-3.79904
-3.79839
-3.79838
-3.79643
-3.7961
-3.79611
-3.7958
-3.79678
-3.79743
-3.79775
-3.79936
-3.79871
-3.80098
-3.79936
-3.79839
-3.79871
-3.79806
-3.79612
-3.79741
-3.79806
-3.79741
-3.79709
-3.7958
-3.79418
-3.79451
-3.79354
-3.79516
-3.79483
-3.79321
-3.79191
-3.79192
-3.79322
-3.79451
-3.79516
-3.79484
-3.79517
-3.79711
-3.79743
-3.79775
-3.79548
-3.79483
-3.79321
-3.79418
-3.79321
-3.79159
-3.7932
-3.79353
-3.79483
-3.79613
-3.79678
-3.79484
-3.79581
-3.79452
-3.79387
-3.79193
-3.79354
-3.79321
-3.7945
-3.79256
-3.7932
-3.79256
-3.79321
-3.7916
-3.78934
-3.79031
-3.78999
-3.7929
-3.79484
-3.79647
-3.79517
-3.79614
-3.79549
-3.79484
-3.79548
-3.79581
-3.79711
-3.79744
-3.79679
-3.79744
-3.79776
-3.79808
-3.79808
-3.79873
-3.79679
-3.79711
-3.79808
-3.79517
-3.79451
-3.79386
-3.79417
-3.79353
-3.79191
-3.79225
-3.79193
-3.79387
-3.79387
-3.79452
-3.79322
-3.79419
-3.7916
-3.79451
-3.79386
-3.79581
-3.79677
-3.79839
-3.79709
-3.79806
-3.80066
-3.80034
-3.80131
-3.80261
-3.80196
-3.7997
-3.79807
-3.79807
-3.79742
-3.7971
-3.79548
-3.79484
-3.79451
-3.79192
-3.79224
-3.79385
-3.7945
-3.79417
-3.79158
-3.79126
-3.79094
-3.79192
-3.79192
-3.79289
-3.79418
-3.7945
-3.79513
-3.79513
-3.79513
-3.79547
-3.79807
-3.80002
-3.80132
-3.80132
-3.80197
-3.80261
-3.8039
-3.80259
-3.80323
-3.80323
-3.80194
-3.79967
-3.79741
-3.79774
-3.79872
-3.80066
-3.80034
-3.80001
-3.79807
-3.79774
-3.79838
-3.79709
-3.79935
-3.80033
-3.80033
-3.79774
-3.7958
-3.79483
-3.7945
-3.79579
-3.79741
-3.79806
-3.7958
-3.79807
-3.79515
-3.79579
-3.79449
-3.79383
-3.79545
-3.7961
-3.79804
-3.79902
-3.79935
-3.79936
-3.79839
-3.79677
-3.7945
-3.79709
-3.79482
-3.79547
-3.79612
-3.79611
-3.79611
-3.79966
-3.79966
-3.79837
-3.79546
-3.79643
-3.79579
-3.7958
-3.79612
-3.79807
-3.7971
-3.79612
-3.79676
-3.79611
-3.79772
-3.79513
-3.79513
-3.79578
-3.79772
-3.79384
-3.79254
-3.79125
-3.78963
-3.79028
-3.79288
-3.79029
-3.79191
-3.79191
-3.79579
-3.79548
-3.79645
-3.79871
-3.79806
-3.7974
-3.7974
-3.79772
-3.7987
-3.79644
-3.7958
-3.79677
-3.79709
-3.79514
-3.79741
-3.79837
-3.80129
-3.80291
-3.79903
-3.7958
-3.79353
-3.79191
-3.79256
-3.7932
-3.79449
-3.79189
-3.79189
-3.79417
-3.79546
-3.79514
-3.79708
-3.79837
-3.79902
-3.79805
-3.7987
-3.79676
-3.79709
-3.79677
-3.79838
-3.79579
-3.79707
-3.79804
-3.79868
-3.79965
-3.79869
-3.79772
-3.79675
-3.7961
-3.79805
-3.79869
-3.79934
-3.80064
-3.79675
-3.79384
-3.79417
-3.79547
-3.7987
-3.79837
-3.79934
-3.80128
-3.80161
-3.80226
-3.80291
-3.80453
-3.80097
-3.80193
-3.80064
-3.80128
-3.79967
-3.80097
-3.80033
-3.79871
-3.79936
-3.80162
-3.80098
-3.80065
-3.80064
-3.80095
-3.80159
-3.79964
-3.79641
-3.79739
-3.79805
-3.79709
-3.79515
-3.79288
-3.79191
-3.7919
-3.7919
-3.79287
-3.79383
-3.79578
-3.79934
-3.7974
-3.79676
-3.79708
-3.79611
-3.79513
-3.79578
-3.79577
-3.79675
-3.79416
-3.79578
-3.79546
-3.79709
-3.79612
-3.79385
-3.79158
-3.79157
-3.79222
-3.79254
-3.79093
-3.7932
-3.7945
-3.79611
-3.79675
-3.79739
-3.79999
-3.79999
-3.79935
-3.79676
-3.79612
-3.79515
-3.79353
-3.79451
-3.79418
-3.79515
-3.79579
-3.79384
-3.7961
-3.79448
-3.79644
-3.79612
-3.79612
-3.7958
-3.7945
-3.79547
-3.79547
-3.79644
-3.79417
-3.7932
-3.79159
-3.79094
-3.79386
-3.7958
-3.7958
-3.79742
-3.79645
-3.79483
-3.79418
-3.79482
-3.79612
-3.79321
-3.79483
-3.79709
-3.79709
-3.79806
-3.8
-3.8013
-3.79967
-3.79935
-3.79773
-3.80162
-3.80097
-3.80259
-3.80065
-3.79774
-3.79676
-3.79871
-3.79644
-3.79579
-3.79676
-3.79676
-3.79611
-3.79482
-3.7932
-3.79482
-3.79611
-3.79578
-3.79513
-3.79578
-3.79579
-3.79709
-3.79742
-3.79807
-3.79806
-3.79871
-3.79999
-3.80031
-3.79966
-3.79836
-3.79836
-3.79772
-3.7961
-3.7961
-3.79513
-3.79449
-3.79254
-3.79286
-3.79513
-3.7974
-3.79741
-3.79838
-3.79871
-3.79741
-3.79546
-3.79545
-3.79642
-3.79673
-3.79641
-3.79479
-3.79771
-3.80031
-3.80064
-3.80096
-3.80097
-3.79968
-3.79903
-3.79741
-3.79676
-3.79676
-3.7974
-3.79772
-3.79545
-3.79383
-3.79578
-3.79642
-3.79642
-3.79578
-3.79449
-3.79741
-3.79547
-3.7945
-3.79385
-3.79611
-3.79708
-3.79869
-3.79998
-3.79803
-3.79706
-3.79868
-3.79739
-3.79836
-3.79837
-3.80031
-3.79837
-3.7987
-3.79935
-3.79676
-3.79676
-3.79675
-3.79771
-3.79803
-3.79706
-3.79674
-3.79932
-3.79803
-3.79609
-3.79836
-3.79836
-3.79772
-3.80063
-3.80258
-3.80226
-3.80193
-3.80193
-3.80258
-3.8029
-3.80419
-3.80451
-3.80355
-3.80064
-3.79838
-3.79806
-3.79611
-3.79513
-3.79642
-3.79706
-3.79869
-3.79966
-3.80129
-3.79967
-3.80226
-3.79837
-3.79708
-3.7961
-3.79545
-3.79481
-3.79416
-3.79384
-3.79125
-3.79157
-3.79351
-3.79481
-3.79449
-3.79481
-3.79514
-3.79514
-3.79579
-3.79515
-3.79483
-3.79548
-3.7958
-3.79515
-3.79579
-3.79449
-3.79384
-3.79319
-3.79384
-3.79223
-3.79256
-3.79482
-3.79417
-3.79449
-3.79643
-3.79934
-3.79934
-3.79837
-3.79967
-3.80096
-3.79902
-3.79968
-3.79774
-3.79839
-3.79904
-3.79807
-3.79936
-3.79968
-3.79806
-3.79773
-3.79611
-3.79417
-3.79385
-3.79385
-3.79547
-3.79385
-3.79417
-3.79417
-3.79546
-3.79772
-3.79869
-3.79772
-3.79708
-3.79611
-3.79676
-3.79709
-3.79741
-3.79805
-3.79902
-3.79772
-3.79772
-3.79642
-3.79773
-3.80097
-3.8013
-3.8013
-3.80163
-3.80001
-3.80195
-3.80161
-3.80354
-3.8003
-3.79998
-3.79837
-3.79968
-3.79904
-3.79807
-3.79774
-3.79612
-3.79612
-3.79579
-3.79578
-3.7974
-3.79804
-3.79805
-3.79806
-3.79644
-3.79676
-3.79611
-3.79838
-3.79902
-3.79741
-3.79708
-3.79676
-3.79741
-3.79676
-3.79708
-3.79643
-3.79416
-3.79351
-3.79481
-3.79578
-3.79643
-3.79643
-3.79611
-3.79611
-3.79481
-3.79352
-3.79579
-3.79546
-3.79255
-3.79061
-3.79384
-3.79286
-3.79415
-3.7935
-3.7935
-3.79448
-3.79319
-3.79384
-3.7932
-3.79287
-3.79514
-3.79482
-3.79514
-3.79513
-3.79545
-3.79544
-3.79609
-3.79738
-3.79738
-3.79642
-3.79545
-3.79514
-3.7974
-3.79546
-3.79384
-3.79578
-3.79675
-3.79577
-3.79512
-3.79513
-3.79643
-3.79546
-3.79513
-3.79448
-3.79545
-3.79803
-3.79868
-3.79739
-3.79869
-3.79836
-3.79837
-3.79837
-3.79708
-3.79902
-3.79901
-3.79901
-3.79706
-3.79576
-3.79544
-3.79479
-3.79447
-3.79286
-3.79384
-3.79287
-3.7961
-3.79675
-3.79577
-3.7948
-3.79609
-3.79544
-3.7948
-3.79383
-3.79351
-3.79383
-3.79577
-3.79415
-3.79253
-3.79415
-3.79577
-3.79609
-3.79771
-3.79642
-3.79642
-3.79577
-3.79156
-3.79124
-3.79157
-3.79416
-3.79448
-3.79512
-3.79415
-3.79414
-3.79445
-3.79316
-3.79511
-3.79447
-3.79512
-3.7935
-3.79382
-3.79479
-3.79512
-3.79447
-3.7935
-3.79285
-3.79674
-3.79706
-3.799
-3.799
-3.79933
-3.79804
-3.79805
-3.79805
-3.79934
-3.79901
-3.80063
-3.799
-3.79932
-3.79932
-3.79932
-3.79803
-3.79415
-3.79544
-3.79544
-3.79544
-3.79544
-3.79155
-3.79058
-3.79091
-3.7935
-3.79577
-3.79771
-3.79933
-3.80159
-3.7977
-3.79867
-3.79673
-3.79512
-3.79739
-3.79869
-3.79901
-3.79836
-3.79868
-3.80094
-3.80029
-3.79835
-3.79608
-3.79771
-3.79804
-3.79804
-3.79675
-3.7948
-3.7961
-3.79836
-3.79868
-3.79739
-3.79675
-3.79546
-3.79513
-3.79481
-3.79286
-3.7948
-3.79577
-3.79706
-3.79674
-3.79771
-3.79771
-3.79966
-3.79934
-3.79902
-3.79675
-3.79611
-3.79546
-3.79611
-3.79352
-3.79449
-3.79319
-3.79319
-3.79513
-3.79578
-3.79675
-3.79708
-3.7974
-3.7987
-3.79967
-3.79869
-3.79837
-3.7974
-3.79675
-3.79675
-3.79707
-3.7961
-3.79578
-3.79385
-3.79546
-3.79545
-3.79576
-3.79705
-3.79933
-3.79771
-3.7961
-3.79674
-3.79804
-3.79804
-3.7974
-3.79708
-3.79708
-3.79708
-3.79708
-3.7974
-3.79707
-3.79481
-3.79415
-3.79123
-3.79155
-3.7922
-3.79317
-3.79609
-3.79642
-3.79708
-3.79741
-3.79547
-3.79223
-3.7932
-3.7932
-3.79287
-3.79352
-3.79384
-3.79449
-3.79319
-3.79093
-3.79158
-3.79255
-3.79288
-3.7932
-3.79449
-3.79966
-3.80064
-3.79805
-3.79514
-3.79612
-3.79385
-3.79287
-3.79351
-3.79221
-3.79124
-3.7906
-3.79253
-3.79286
-3.79189
-3.79157
-3.79092
-3.79222
-3.79061
-3.79061
-3.79093
-3.79449
-3.79352
-3.79319
-3.79578
-3.79513
-3.79384
-3.79611
-3.79611
-3.79643
-3.79449
-3.79449
-3.79708
-3.79772
-3.79707
-3.79578
-3.79578
-3.79545
-3.79675
-3.79804
-3.79933
-3.8003
-3.79836
-3.79837
-3.79643
-3.79773
-3.79741
-3.79644
-3.79611
-3.79611
-3.79611
-3.79643
-3.79902
-3.79935
-3.79838
-3.79676
-3.79547
-3.79418
-3.79547
-3.7945
-3.79515
-3.79677
-3.79968
-3.80129
-3.79999
-3.7974
-3.79611
-3.79774
-3.79839
-3.79839
-3.79969
-3.79775
-3.79904
-3.8
-3.79838
-3.79708
-3.79903
-3.79969
-3.80001
-3.79807
-3.79774
-3.79643
-3.79707
-3.79481
-3.79416
-3.79546
-3.79644
-3.79547
-3.7945
-3.7945
-3.7958
-3.7971
-3.79645
-3.7971
-3.8
-3.80032
-3.80031
-3.80161
-3.80356
-3.80195
-3.80228
-3.8026
-3.80163
-3.80195
-3.80228
-3.80098
-3.80131
-3.7984
-3.80002
-3.80034
-3.80067
-3.79937
-3.79807
-3.79871
-3.79741
-3.79837
-3.7974
-3.79709
-3.79709
-3.79612
-3.79645
-3.79483
-3.79353
-3.79385
-3.79644
-3.79611
-3.79774
-3.79677
-3.79709
-3.79709
-3.79677
-3.79547
-3.79224
-3.79224
-3.79353
-3.7945
-3.79353
-3.79127
-3.79192
-3.79192
-3.79289
-3.79581
-3.79289
-3.79613
-3.79613
-3.79742
-3.79775
-3.79775
-3.79839
-3.79612
-3.7945
-3.7945
-3.79417
-3.79579
-3.79482
-3.79417
-3.79514
-3.79644
-3.79709
-3.79709
-3.79645
-3.79775
-3.79743
-3.79581
-3.79678
-3.79612
-3.79482
-3.79515
-3.79418
-3.79548
-3.79678
-3.79613
-3.79612
-3.79644
-3.79806
-3.79677
-3.79937
-3.79808
-3.79873
-3.79678
-3.79645
-3.80034
-3.80033
-3.80001
-3.79871
-3.79839
-3.79645
-3.79839
-3.79969
-3.7984
-3.79613
-3.79646
-3.79743
-3.79613
-3.7958
-3.7958
-3.79839
-3.80033
-3.80001
-3.79645
-3.79548
-3.7958
-3.79289
-3.79191
-3.79223
-3.79353
-3.79385
-3.7945
-3.79613
-3.79711
-3.79517
-3.79614
-3.79484
-3.79776
-3.80003
-3.79905
-3.79677
-3.7958
-3.79418
-3.79515
-3.79322
-3.79452
-3.7955
-3.79777
-3.79906
-3.79873
-3.80034
-3.80163
-3.80195
-3.80001
-3.7984
-3.79711
-3.79776
-3.79841
-3.79777
-3.79583
-3.7955
-3.7955
-3.79355
-3.79225
-3.79354
-3.79322
-3.79159
-3.79353
-3.79385
-3.79321
-3.79321
-3.79517
-3.79388
-3.79453
-3.79648
-3.79454
-3.79939
-3.79808
-3.79969
-3.7997
-3.80101
-3.79843
-3.7994
-3.79842
-3.79809
-3.79776
-3.7971
-3.79483
-3.79354
-3.79548
-3.79776
-3.79614
-3.79615
-3.79453
-3.79486
-3.79486
-3.79519
-3.79389
-3.79453
-3.79485
-3.79776
-3.7997
-3.79937
-3.79872
-3.79808
-3.79873
-3.79809
-3.79679
-3.79744
-3.79971
-3.7997
-3.7984
-3.79711
-3.79646
-3.79582
-3.79614
-3.79452
-3.79613
-3.79678
-3.7971
-3.79744
-3.79906
-3.79485
-3.79323
-3.79258
-3.79323
-3.79194
-3.79485
-3.79258
-3.79355
-3.79387
-3.7916
-3.79388
-3.79421
-3.79389
-3.79519
-3.79357
-3.79583
-3.79355
-3.79549
-3.79484
-3.79614
-3.79484
-3.79678
-3.79646
-3.79549
-3.79614
-3.79679
-3.79906
-3.79938
-3.79905
-3.80003
-3.8023
-3.80036
-3.80036
-3.79939
-3.79842
-3.7981
-3.79939
-3.79744
-3.79809
-3.79711
-3.79614
-3.79581
-3.79776
-3.79809
-3.79777
-3.79971
-3.79615
-3.79712
-3.79777
-3.79777
-3.79875
-3.79745
-3.79551
-3.79518
-3.79681
-3.79713
-3.79778
-3.79584
-3.79616
-3.79519
-3.79615
-3.79647
-3.79906
-3.79907
-3.79745
-3.79875
-3.79875
-3.79875
-3.7981
-3.80004
-3.79842
-3.79777
-3.79875
-3.79454
-3.79227
-3.79324
-3.7955
-3.79517
-3.79647
-3.79615
-3.79518
-3.79843
-3.79908
-3.79972
-3.80231
-3.80392
-3.80392
-3.80294
-3.80003
-3.80068
-3.801
-3.80004
-3.80037
-3.79875
-3.79617
-3.79941
-3.80103
-3.80103
-3.79876
-3.7994
-3.7981
-3.79907
-3.80036
-3.79906
-3.80035
-3.79906
-3.79517
-3.79291
-3.79583
-3.79713
-3.79908
-3.80006
-3.80038
-3.80005
-3.79973
-3.7981
-3.79939
-3.79809
-3.79713
-3.80037
-3.80167
-3.80102
-3.80102
-3.80101
-3.80231
-3.80297
-3.80232
-3.80103
-3.80199
-3.80393
-3.80328
-3.80426
-3.80458
-3.80556
-3.80265
-3.80297
-3.80006
-3.79876
-3.80037
-3.79843
-3.79648
-3.79584
-3.79487
-3.7939
-3.7926
-3.7939
-3.79617
-3.79681
-3.79908
-3.79907
-3.79907
-3.79745
-3.79615
-3.79551
-3.79649
-3.79747
-3.79683
-3.79877
-3.7978
-3.79844
-3.79746
-3.79712
-3.79777
-3.79809
-3.7981
-3.79648
-3.79713
-3.79778
-3.79648
-3.79745
-3.79811
-3.79746
-3.79778
-3.79649
-3.80037
-3.79875
-3.7981
-3.7981
-3.7968
-3.79744
-3.79646
-3.79744
-3.79648
-3.79422
-3.79358
-3.79455
-3.79358
-3.79358
-3.79552
-3.79519
-3.79486
-3.79389
-3.79486
-3.79584
-3.79584
-3.79617
-3.79812
-3.79553
-3.79779
-3.79973
-3.7994
-3.7994
-3.79519
-3.79389
-3.79292
-3.7968
-3.79519
-3.79617
-3.79585
-3.79488
-3.79423
-3.79422
-3.79455
-3.79519
-3.7939
-3.79228
-3.79358
-3.79488
-3.79585
-3.79779
-3.79779
-3.7965
-3.79488
-3.79455
-3.79455
-3.79681
-3.79714
-3.79779
-3.79649
-3.79519
-3.79487
-3.79778
-3.80005
-3.8007
-3.8007
-3.80168
-3.802
-3.802
-3.80232
-3.80297
-3.80265
-3.80394
-3.80524
-3.80491
-3.80426
-3.80393
-3.80198
-3.79777
-3.79971
-3.79745
-3.80004
-3.79972
-3.79908
-3.79941
-3.79746
-3.79876
-3.79972
-3.79972
-3.80133
-3.80263
-3.80425
-3.80134
-3.79908
-3.80102
-3.80231
-3.80166
-3.80295
-3.80392
-3.8023
-3.79939
-3.79875
-3.79746
-3.79778
-3.79973
-3.79779
-3.79876
-3.79811
-3.80102
-3.80005
-3.79843
-3.79876
-3.80135
-3.80265
-3.80039
-3.80038
-3.8007
-3.80102
-3.80036
-3.79809
-3.79582
-3.79841
-3.79939
-3.79874
-3.80101
-3.80037
-3.80037
-3.79972
-3.80167
-3.80103
-3.8007
-3.79908
-3.80004
-3.79811
-3.79843
-3.79746
-3.79552
-3.79518
-3.79356
-3.79485
-3.79485
-3.79454
-3.79487
-3.7952
-3.79682
-3.79585
-3.79487
-3.79551
-3.79454
-3.79518
-3.79389
-3.79356
-3.79486
-3.79454
-3.79615
-3.79615
-3.79583
-3.79421
-3.79324
-3.7955
-3.79744
-3.79744
-3.79744
-3.79615
-3.79486
-3.79713
-3.79714
-3.79811
-3.79713
-3.79615
-3.79583
-3.79647
-3.79808
-3.7984
-3.79871
-3.79806
-3.79969
-3.80067
-3.79971
-3.79907
-3.79842
-3.7981
-3.7968
-3.79713
-3.79744
-3.79873
-3.80002
-3.79938
-3.79873
-3.79938
-3.7955
-3.79744
-3.79841
-3.79679
-3.7942
-3.79517
-3.79614
-3.79873
-3.79874
-3.79907
-3.7981
-3.79713
-3.79615
-3.7968
-3.79744
-3.79614
-3.79646
-3.79484
-3.79808
-3.79711
-3.79776
-3.79971
-3.80035
-3.80132
-3.79938
-3.79938
-3.79971
-3.79745
-3.79809
-3.79518
-3.79517
-3.79355
-3.79161
-3.79128
-3.79031
-3.79193
-3.79387
-3.79517
-3.79485
-3.79485
-3.79355
-3.79354
-3.79678
-3.7971
-3.79711
-3.79873
-3.79841
-3.79841
-3.7997
-3.79905
-3.80002
-3.79808
-3.79743
-3.7984
-3.79711
-3.79809
-3.79485
-3.7942
-3.79291
-3.79355
-3.79388
-3.7929
-3.7929
-3.79355
-3.79387
-3.79516
-3.79743
-3.79646
-3.79744
-3.79777
-3.79874
-3.80132
-3.80067
-3.80067
-3.80229
-3.80003
-3.79971
-3.80068
-3.79971
-3.79776
-3.7955
-3.79388
-3.79453
-3.79615
-3.79647
-3.79711
-3.7984
-3.7997
-3.79711
-3.79647
-3.79518
-3.79615
-3.79583
-3.79614
-3.79776
-3.79809
-3.79906
-3.79939
-3.79939
-3.79874
-3.79777
-3.7968
-3.79809
-3.79841
-3.79776
-3.79809
-3.79906
-3.79971
-3.79712
-3.79809
-3.79615
-3.79549
-3.79581
-3.79452
-3.79581
-3.79614
-3.79906
-3.80003
-3.80036
-3.80036
-3.80166
-3.79907
-3.79907
-3.79842
-3.79388
-3.79421
-3.79388
-3.7955
-3.79291
-3.79194
-3.79194
-3.79097
-3.79129
-3.79129
-3.79162
-3.79162
-3.79161
-3.79291
-3.79388
-3.79583
-3.7968
-3.79583
-3.79938
-3.7984
-3.79808
-3.79776
-3.79647
-3.79421
-3.79519
-3.79389
-3.79519
-3.79681
-3.79583
-3.79712
-3.79582
-3.79614
-3.79809
-3.79712
-3.79745
-3.79681
-3.7968
-3.79777
-3.80003
-3.79874
-3.79842
-3.79648
-3.79487
-3.79648
-3.79842
-3.79745
-3.79615
-3.79453
-3.79583
-3.79388
-3.79097
-3.79161
-3.79291
-3.79323
-3.79453
-3.7955
-3.79453
-3.79485
-3.79582
-3.79615
-3.79777
-3.79842
-3.80004
-3.80198
-3.80134
-3.80198
-3.79842
-3.79938
-3.79905
-3.79905
-3.79743
-3.79776
-3.79744
-3.80004
-3.79713
-3.79811
-3.79908
-3.79908
-3.79908
-3.80232
-3.8007
-3.79714
-3.79681
-3.79714
-3.79843
-3.7968
-3.79712
-3.79809
-3.79874
-3.7968
-3.79777
-3.79778
-3.80005
-3.80135
-3.79974
-3.7978
-3.79779
-3.79617
-3.79778
-3.7968
-3.79583
-3.7968
-3.79777
-3.79939
-3.79745
-3.79616
-3.79357
-3.79422
-3.79293
-3.79293
-3.79132
-3.79229
-3.79164
-3.79228
-3.79486
-3.79453
-3.79388
-3.79226
-3.79259
-3.79324
-3.79324
-3.79293
-3.79617
-3.79682
-3.79423
-3.79293
-3.79292
-3.79421
-3.79453
-3.7955
-3.79841
-3.79776
-3.79905
-3.79841
-3.79777
-3.79809
-3.79842
-3.79809
-3.79842
-3.80036
-3.80197
-3.80326
-3.80132
-3.80067
-3.801
-3.80165
-3.80132
-3.79873
-3.79808
-3.79646
-3.79679
-3.79679
-3.7968
-3.79842
-3.79939
-3.79712
-3.79485
-3.79485
-3.79549
-3.79452
-3.79484
-3.79419
-3.79581
-3.79549
-3.79614
-3.79646
-3.79614
-3.79679
-3.79743
-3.79679
-3.79646
-3.79646
-3.79646
-3.79451
-3.79548
-3.79581
-3.79549
-3.79743
-3.79743
-3.79904
-3.79905
-3.7984
-3.7997
-3.7971
-3.79872
-3.80066
-3.80098
-3.80066
-3.80033
-3.80065
-3.79903
-3.79806
-3.79806
-3.79806
-3.7945
-3.7932
-3.79093
-3.79191
-3.79354
-3.79451
-3.79549
-3.79484
-3.79386
-3.79451
-3.79645
-3.79645
-3.79645
-3.79515
-3.79677
-3.79579
-3.79482
-3.79514
-3.79547
-3.79451
-3.79386
-3.79257
-3.79483
-3.79516
-3.79483
-3.79742
-3.79709
-3.80033
-3.80034
-3.80196
-3.80034
-3.79937
-3.80002
-3.79873
-3.79776
-3.79582
-3.79745
-3.79679
-3.79711
-3.79678
-3.79677
-3.79612
-3.79579
-3.79515
-3.79515
-3.79646
-3.79646
-3.79808
-3.79614
-3.79743
-3.7984
-3.79646
-3.79517
-3.79614
-3.79614
-3.79549
-3.79581
-3.79612
-3.79644
-3.79676
-3.79514
-3.79515
-3.7958
-3.79645
-3.79548
-3.79516
-3.79613
-3.79419
-3.79484
-3.79387
-3.79483
-3.79483
-3.79385
-3.7945
-3.79547
-3.79612
-3.79678
-3.79549
-3.79549
-3.79776
-3.80035
-3.80229
-3.80229
-3.80067
-3.7997
-3.7984
-3.80034
-3.79775
-3.79807
-3.79645
-3.79678
-3.79678
-3.79646
-3.79581
-3.79485
-3.79614
-3.7942
-3.79484
-3.79581
-3.79614
-3.79646
-3.79582
-3.79841
-3.79905
-3.79678
-3.7971
-3.79516
-3.79581
-3.79289
-3.79581
-3.79517
-3.79711
-3.79647
-3.7955
-3.7942
-3.79679
-3.79646
-3.79516
-3.79548
-3.79419
-3.79452
-3.79517
-3.79937
-3.7971
-3.79548
-3.79547
-3.79483
-3.79581
-3.79581
-3.79582
-3.79776
-3.79485
-3.79712
-3.79712
-3.79582
-3.79581
-3.79548
-3.79548
-3.79548
-3.79743
-3.79873
-3.79873
-3.79809
-3.79873
-3.79744
-3.79743
-3.79873
-3.79776
-3.79678
-3.79775
-3.7971
-3.79937
-3.80002
-3.79777
-3.79713
-3.79583
-3.79809
-3.79776
-3.80067
-3.79937
-3.79807
-3.79937
-3.79969
-3.79871
-3.7958
-3.7945
-3.79257
-3.79322
-3.7942
-3.7929
-3.7942
-3.79387
-3.79419
-3.79451
-3.79451
-3.79386
-3.79419
-3.79387
-3.7929
-3.79452
-3.79613
-3.79613
-3.7971
-3.7958
-3.79904
-3.79872
-3.79775
-3.79613
-3.79581
-3.79678
-3.79937
-3.79969
-3.80163
-3.80195
-3.80259
-3.80065
-3.80033
-3.79839
-3.79548
-3.79354
-3.79581
-3.79484
-3.79646
-3.79483
-3.79451
-3.79419
-3.79775
-3.79742
-3.7971
-3.79774
-3.79741
-3.79677
-3.79289
-3.79451
-3.79743
-3.79743
-3.79679
-3.79711
-3.79679
-3.79776
-3.79743
-3.79905
-3.79937
-3.79905
-3.79743
-3.79548
-3.79257
-3.79224
-3.79289
-3.79483
-3.79451
-3.79386
-3.79484
-3.79549
-3.79646
-3.79905
-3.79742
-3.79839
-3.79612
-3.79547
-3.79385
-3.79483
-3.79483
-3.79419
-3.79387
-3.7916
-3.79096
-3.78902
-3.79128
-3.79063
-3.79096
-3.79322
-3.79419
-3.79354
-3.79289
-3.79354
-3.79288
-3.79353
-3.79094
-3.79483
-3.79289
-3.79225
-3.79095
-3.79354
-3.79225
-3.79484
-3.79419
-3.79549
-3.79743
-3.79549
-3.79452
-3.7971
-3.7971
-3.79548
-3.79385
-3.79353
-3.79353
-3.7945
-3.79645
-3.79709
-3.79547
-3.79709
-3.80001
-3.80228
-3.80228
-3.80163
-3.79936
-3.79839
-3.79872
-3.79904
-3.80001
-3.80195
-3.80226
-3.80194
-3.80226
-3.80356
-3.80291
-3.80356
-3.80227
-3.80066
-3.80034
-3.79936
-3.79742
-3.79741
-3.79999
-3.79967
-3.7974
-3.79773
-3.79482
-3.79288
-3.79418
-3.7945
-3.79321
-3.79385
-3.79709
-3.79645
-3.79774
-3.79839
-3.79838
-3.79934
-3.79966
-3.79999
-3.80129
-3.80097
-3.79903
-3.80162
-3.80032
-3.7987
-3.79934
-3.79902
-3.80031
-3.80064
-3.80129
-3.80033
-3.79936
-3.79935
-3.79935
-3.79998
-3.80094
-3.80223
-3.80126
-3.80159
-3.79999
-3.79967
-3.79838
-3.79903
-3.79935
-3.79967
-3.79838
-3.79967
-3.79837
-3.79642
-3.79707
-3.79738
-3.79738
-3.79641
-3.79446
-3.79609
-3.7935
-3.79124
-3.79157
-3.79319
-3.79286
-3.79157
-3.7919
-3.79351
-3.79611
-3.79513
-3.79545
-3.79933
-3.8016
-3.79933
-3.79739
-3.79675
-3.79578
-3.79481
-3.79513
-3.79481
-3.79319
-3.79448
-3.79221
-3.79189
-3.7948
-3.79254
-3.79416
-3.7961
-3.79577
-3.79642
-3.79739
-3.79804
-3.79869
-3.79772
-3.79643
-3.7961
-3.79416
-3.79448
-3.79545
-3.79448
-3.79512
-3.79415
-3.7935
-3.7922
-3.7935
-3.79545
-3.7948
-3.7961
-3.79772
-3.7974
-3.79642
-3.79544
-3.79641
-3.79479
-3.79318
-3.79157
-3.79352
-3.79222
-3.79449
-3.79383
-3.79351
-3.7935
-3.79544
-3.79706
-3.79577
-3.79609
-3.79577
-3.79577
-3.79577
-3.79415
-3.79382
-3.79447
-3.79479
-3.79577
-3.79317
-3.79252
-3.79252
-3.7922
-3.79446
-3.79446
-3.79252
-3.7922
-3.7922
-3.79187
-3.7922
-3.79317
-3.79349
-3.79447
-3.79544
-3.79706
-3.799
-3.80061
-3.79834
-3.79543
-3.79575
-3.7922
-3.79349
-3.79317
-3.79317
-3.79349
-3.79608
-3.79673
-3.79672
-3.79834
-3.79964
-3.80028
-3.80061
-3.80061
-3.79802
-3.79769
-3.79575
-3.79769
-3.79834
-3.799
-3.80062
-3.79965
-3.79771
-3.79706
-3.79673
-3.7964
-3.79639
-3.79477
-3.79381
-3.79317
-3.79286
-3.79222
-3.79384
-3.79513
-3.79546
-3.79545
-3.79738
-3.7977
-3.79996
-3.79963
-3.79996
-3.79866
-3.79673
-3.79383
-3.79383
-3.7935
-3.79285
-3.79382
-3.79577
-3.79739
-3.79706
-3.79836
-3.79869
-3.79869
-3.79739
-3.79706
-3.79738
-3.7964
-3.79607
-3.79607
-3.79347
-3.79445
-3.79348
-3.7951
-3.79382
-3.79382
-3.79415
-3.7948
-3.79609
-3.79608
-3.79446
-3.79446
-3.79381
-3.7938
-3.79251
-3.7909
-3.79058
-3.78993
-3.79479
-3.79544
-3.79381
-3.79381
-3.79219
-3.79252
-3.79576
-3.79673
-3.79704
-3.79865
-3.79865
-3.79929
-3.79735
-3.79477
-3.79833
-3.79737
-3.79769
-3.7964
-3.79737
-3.79575
-3.79606
-3.79509
-3.79574
-3.79606
-3.79607
-3.79769
-3.79768
-3.79541
-3.79574
-3.79574
-3.79444
-3.79477
-3.79509
-3.79542
-3.79542
-3.7951
-3.79671
-3.79542
-3.79575
-3.79479
-3.79641
-3.79641
-3.7964
-3.79607
-3.79542
-3.79478
-3.79381
-3.79478
-3.79672
-3.79477
-3.79606
-3.79477
-3.79735
-3.79703
-3.79541
-3.79444
-3.79477
-3.79802
-3.79769
-3.80028
-3.80028
-3.80092
-3.8006
-3.80028
-3.79996
-3.80093
-3.79963
-3.79704
-3.79833
-3.79833
-3.79638
-3.79476
-3.79541
-3.79638
-3.79671
-3.79607
-3.79769
-3.7964
-3.79736
-3.79476
-3.7967
-3.79801
-3.79705
-3.79835
-3.79738
-3.79867
-3.79737
-3.7951
-3.79575
-3.79446
-3.79446
-3.79607
-3.79509
-3.79541
-3.79704
-3.79381
-3.79349
-3.79446
-3.7951
-3.79445
-3.79541
-3.79347
-3.79218
-3.7925
-3.79315
-3.79606
-3.79412
-3.79445
-3.79477
-3.79639
-3.79866
-3.79736
-3.79768
-3.79736
-3.79833
-3.79703
-3.79832
-3.79929
-3.79734
-3.79863
-3.79928
-3.80155
-3.80188
-3.79962
-3.79768
-3.79541
-3.79671
-3.79768
-3.79606
-3.79315
-3.79218
-3.79315
-3.79412
-3.79314
-3.79378
-3.79508
-3.798
-3.79735
-3.79929
-3.79994
-3.80091
-3.79994
-3.79994
-3.79994
-3.79735
-3.79703
-3.79217
-3.79411
-3.79606
-3.79574
-3.79703
-3.79639
-3.79735
-3.7967
-3.79863
-3.79668
-3.79441
-3.79505
-3.79732
-3.79733
-3.79766
-3.79896
-3.79638
-3.79703
-3.79897
-3.79574
-3.79703
-3.798
-3.79702
-3.79668
-3.79603
-3.79603
-3.79571
-3.79605
-3.79605
-3.7954
-3.79702
-3.79831
-3.79734
-3.79637
-3.7967
-3.7954
-3.79799
-3.79799
-3.79767
-3.79767
-3.80026
-3.80155
-3.80025
-3.79765
-3.79409
-3.79442
-3.79378
-3.79314
-3.79476
-3.79509
-3.7967
-3.79799
-3.79766
-3.79733
-3.79668
-3.79473
-3.79603
-3.79668
-3.7954
-3.79832
-3.79864
-3.79799
-3.79864
-3.80058
-3.80059
-3.80156
-3.79929
-3.79735
-3.79378
-3.79216
-3.79216
-3.79313
-3.79411
-3.79702
-3.79702
-3.79638
-3.79605
-3.79605
-3.79475
-3.79411
-3.79346
-3.79508
-3.79573
-3.79411
-3.79508
-3.79734
-3.79767
-3.79832
-3.79929
-3.79799
-3.79864
-3.79864
-3.79897
-3.79832
-3.798
-3.798
-3.79541
-3.79476
-3.79378
-3.79475
-3.79248
-3.79022
-3.79054
-3.79314
-3.79411
-3.79314
-3.79346
-3.79443
-3.79378
-3.7941
-3.79313
-3.7941
-3.79443
-3.79475
-3.79572
-3.79637
-3.79669
-3.79508
-3.79476
-3.79443
-3.79444
-3.79703
-3.79638
-3.79541
-3.79573
-3.79411
-3.79702
-3.79798
-3.79604
-3.79733
-3.79506
-3.79409
-3.79507
-3.79475
-3.79378
-3.79443
-3.79637
-3.79249
-3.7925
-3.79314
-3.79054
-3.79313
-3.79182
-3.79247
-3.79441
-3.79765
-3.79571
-3.79636
-3.79669
-3.79928
-3.79896
-3.79605
-3.7941
-3.79637
-3.79637
-3.79377
-3.79248
-3.79312
-3.79344
-3.79312
-3.7915
-3.7915
-3.79118
-3.79248
-3.79313
-3.7928
-3.7941
-3.79378
-3.79475
-3.79539
-3.79539
-3.79603
-3.797
-3.79732
-3.797
-3.79571
-3.79377
-3.79183
-3.79118
-3.79344
-3.79376
-3.79344
-3.79248
-3.79442
-3.79378
-3.79604
-3.79572
-3.79668
-3.79635
-3.79505
-3.79214
-3.79376
-3.79409
-3.79312
-3.79182
-3.79312
-3.79409
-3.79409
-3.79409
-3.79668
-3.79699
-3.79699
-3.79861
-3.79764
-3.79538
-3.79312
-3.79117
-3.79247
-3.79311
-3.79408
-3.797
-3.79862
-3.80024
-3.79895
-3.80024
-3.80023
-3.79698
-3.79471
-3.79665
-3.79634
-3.7944
-3.79603
-3.79538
-3.79441
-3.79279
-3.79409
-3.79636
-3.79798
-3.79701
-3.79734
-3.79766
-3.79766
-3.79572
-3.79539
-3.79603
-3.79667
-3.79537
-3.79602
-3.79797
-3.79927
-3.79927
-3.79766
-3.79668
-3.79733
-3.79733
-3.79636
-3.79474
-3.79603
-3.79603
-3.79668
-3.79798
-3.79831
-3.79928
-3.79668
-3.79571
-3.79539
-3.79441
-3.79441
-3.79312
-3.79279
-3.79408
-3.79473
-3.79537
-3.79246
-3.79505
-3.7957
-3.79829
-3.79862
-3.79764
-3.79699
-3.79472
-3.79667
-3.79538
-3.79764
-3.79829
-3.79796
-3.79893
-3.80152
-3.80315
-3.79993
-3.80122
-3.79798
-3.79765
-3.79667
-3.79731
-3.79666
-3.79536
-3.79471
-3.79569
-3.79732
-3.79797
-3.79733
-3.797
-3.797
-3.79636
-3.79862
-3.79862
-3.80056
-3.8025
-3.80282
-3.80087
-3.79893
-3.79958
-3.79829
-3.80089
-3.79959
-3.79895
-3.80057
-3.7996
-3.79766
-3.79733
-3.79798
-3.79732
-3.79957
-3.79958
-3.79733
-3.79766
-3.79604
-3.79409
-3.79538
-3.79537
-3.79601
-3.79472
-3.79343
-3.79182
-3.79281
-3.79378
-3.79411
-3.79507
-3.79312
-3.79311
-3.79505
-3.79732
-3.79732
-3.7983
-3.79829
-3.79958
-3.79861
-3.79699
-3.79538
-3.79344
-3.79312
-3.7915
-3.79181
-3.79083
-3.79245
-3.79148
-3.79375
-3.79473
-3.79506
-3.79474
-3.79506
-3.79603
-3.79634
-3.79698
-3.79698
-3.7986
-3.79828
-3.79375
-3.79343
-3.79408
-3.79634
-3.79796
-3.79732
-3.7957
-3.79505
-3.79472
-3.79278
-3.79181
-3.79148
-3.79472
-3.79537
-3.79569
-3.79634
-3.79763
-3.79764
-3.79958
-3.7999
-3.80152
-3.80087
-3.79892
-3.79924
-3.7973
-3.79795
-3.79762
-3.80054
-3.79958
-3.79861
-3.79699
-3.7957
-3.79375
-3.79278
-3.79148
-3.79213
-3.79277
-3.79342
-3.79277
-3.79536
-3.7973
-3.79665
-3.79698
-3.79924
-3.7986
-3.79828
-3.79828
-3.79731
-3.79406
-3.79406
-3.79374
-3.79342
-3.79407
-3.79504
-3.79374
-3.79568
-3.79729
-3.79891
-3.80119
-3.80281
-3.79957
-3.79666
-3.79633
-3.79827
-3.79763
-3.79893
-3.7986
-3.79763
-3.79568
-3.7947
-3.79535
-3.7947
-3.79471
-3.79568
-3.79633
-3.79568
-3.79601
-3.79536
-3.79439
-3.79439
-3.79633
-3.7986
-3.79925
-3.79763
-3.80022
-3.80022
-3.80087
-3.80054
-3.79795
-3.79569
-3.79569
-3.79374
-3.79341
-3.79373
-3.79438
-3.79373
-3.79276
-3.79244
-3.79439
-3.79374
-3.79601
-3.79633
-3.79568
-3.79535
-3.79535
-3.79406
-3.79438
-3.79374
-3.79342
-3.79309
-3.79179
-3.79114
-3.79113
-3.7908
-3.79016
-3.79211
-3.79114
-3.79341
-3.79665
-3.79859
-3.79924
-3.79633
-3.79665
-3.79601
-3.79439
-3.79407
-3.79341
-3.79276
-3.7934
-3.7921
-3.79308
-3.79276
-3.79503
-3.7947
-3.79405
-3.79405
-3.79308
-3.79632
-3.79826
-3.79891
-3.79859
-3.79666
-3.79601
-3.79471
-3.79439
-3.79568
-3.79438
-3.79405
-3.79243
-3.79146
-3.79115
-3.7918
-3.79375
-3.79569
-3.79666
-3.79471
-3.79633
-3.7973
-3.79471
-3.79601
-3.79763
-3.79633
-3.79698
-3.79665
-3.7973
-3.79471
-3.79374
-3.79471
-3.79213
-3.79181
-3.79246
-3.79246
-3.79375
-3.79504
-3.79504
-3.79568
-3.79536
-3.79795
-3.79698
-3.79536
-3.79536
-3.79471
-3.79535
-3.79503
-3.79438
-3.79406
-3.79568
-3.796
-3.79599
-3.79437
-3.79632
-3.79471
-3.79472
-3.7944
-3.79181
-3.79115
-3.79568
-3.79793
-3.79825
-3.7989
-3.8002
-3.79924
-3.7999
-3.80055
-3.80055
-3.80151
-3.80119
-3.80215
-3.80151
-3.79989
-3.79957
-3.79925
-3.79957
-3.7986
-3.79665
-3.79698
-3.79665
-3.79341
-3.7947
-3.79598
-3.79436
-3.79243
-3.79211
-3.79374
-3.79342
-3.79309
-3.79277
-3.79212
-3.79179
-3.79081
-3.7934
-3.79275
-3.79373
-3.79341
-3.796
-3.79762
-3.79924
-3.79988
-3.79955
-3.79922
-3.79954
-3.80019
-3.7989
-3.79923
-3.79763
-3.79861
-3.79861
-3.7999
-3.79891
-3.79954
-3.79986
-3.80018
-3.80018
-3.80019
-3.79987
-3.80084
-3.79857
-3.79825
-3.79923
-3.80085
-3.79922
-3.79987
-3.79986
-3.79986
-3.79921
-3.79857
-3.79954
-3.79921
-3.79889
-3.79791
-3.79759
-3.80051
-3.79889
-3.7989
-3.79729
-3.79794
-3.79924
-3.79762
-3.79696
-3.7963
-3.79533
-3.79469
-3.7921
-3.79371
-3.79597
-3.79824
-3.79888
-3.80051
-3.80214
-3.80085
-3.79924
-3.79535
-3.79729
-3.79566
-3.7963
-3.79727
-3.79921
-3.79857
-3.79923
-3.79632
-3.79632
-3.79826
-3.79826
-3.79793
-3.79794
-3.79762
-3.79697
-3.79826
-3.79761
-3.7947
-3.79373
-3.79179
-3.79276
-3.79146
-3.7921
-3.79242
-3.79565
-3.79695
-3.79728
-3.79631
-3.79599
-3.79697
-3.79632
-3.79729
-3.79891
-3.7989
-3.80052
-3.79987
-3.79825
-3.80051
-3.80115
-3.80147
-3.80147
-3.80082
-3.79986
-3.79888
-3.79597
-3.79564
-3.79758
-3.79597
-3.79759
-3.7976
-3.79662
-3.79565
-3.79727
-3.79888
-3.79791
-3.79791
-3.79759
-3.79985
-3.79823
-3.79855
-3.79823
-3.79499
-3.79337
-3.7924
-3.79434
-3.7966
-3.79498
-3.79693
-3.79823
-3.79791
-3.79564
-3.79823
-3.79823
-3.7979
-3.79628
-3.79498
-3.79367
-3.79237
-3.79173
-3.79205
-3.79465
-3.79401
-3.79369
-3.79337
-3.7937
-3.79467
-3.7937
-3.79304
-3.79466
-3.79562
-3.79529
-3.79658
-3.79788
-3.79854
-3.79628
-3.79304
-3.7924
-3.79337
-3.79239
-3.79335
-3.7927
-3.79464
-3.79334
-3.79367
-3.7953
-3.79692
-3.79757
-3.7979
-3.80016
-3.79821
-3.79949
-3.80111
-3.80046
-3.79691
-3.79691
-3.79724
-3.79724
-3.79756
-3.79594
-3.79465
-3.79433
-3.79562
-3.79659
-3.79626
-3.7969
-3.7969
-3.79561
-3.79723
-3.79561
-3.79497
-3.79692
-3.79594
-3.79691
-3.7969
-3.79561
-3.79497
-3.79174
-3.79401
-3.79498
-3.79271
-3.79206
-3.79044
-3.79206
-3.79173
-3.79529
-3.79496
-3.79432
-3.79594
-3.7982
-3.79853
-3.79885
-3.79951
-3.79854
-3.79919
-3.79789
-3.79594
-3.79658
-3.79658
-3.79691
-3.79594
-3.79723
-3.7982
-3.80015
-3.80275
-3.80178
-3.80242
-3.80209
-3.8037
-3.80435
-3.8037
-3.80273
-3.80177
-3.8021
-3.80243
-3.80016
-3.80113
-3.80015
-3.79724
-3.79693
-3.79595
-3.79465
-3.79206
-3.79303
-3.794
-3.79335
-3.79271
-3.79433
-3.79432
-3.79432
-3.79658
-3.79625
-3.79626
-3.79918
-3.79854
-3.79984
-3.79919
-3.79628
-3.79628
-3.79693
-3.80016
-3.80113
-3.80178
-3.80243
-3.80113
-3.80048
-3.79919
-3.79951
-3.79821
-3.79627
-3.79562
-3.79498
-3.79433
-3.79304
-3.79304
-3.79402
-3.79467
-3.79563
-3.79692
-3.79692
-3.79723
-3.79982
-3.80014
-3.7995
-3.79692
-3.79595
-3.79725
-3.79822
-3.79725
-3.79692
-3.79952
-3.7992
-3.79855
-3.79757
-3.79789
-3.79887
-3.79757
-3.79628
-3.79498
-3.79434
-3.7979
-3.79886
-3.80113
-3.80113
-3.80146
-3.80049
-3.79823
-3.79726
-3.7966
-3.79433
-3.79368
-3.79303
-3.79466
-3.79757
-3.7979
-3.79499
-3.7966
-3.79369
-3.79336
-3.79466
-3.79402
-3.79402
-3.79499
-3.79694
-3.79694
-3.79595
-3.79497
-3.79304
-3.79435
-3.7937
-3.79434
-3.79466
-3.7966
-3.79563
-3.79433
-3.79854
-3.79725
-3.79628
-3.7979
-3.79757
-3.7966
-3.7979
-3.79564
-3.79305
-3.79435
-3.79241
-3.79305
-3.79759
-3.79856
-3.79888
-3.7966
-3.79757
-3.79789
-3.79757
-3.79563
-3.79725
-3.79823
-3.79726
-3.79823
-3.7992
-3.7979
-3.79823
-3.79887
-3.79791
-3.79694
-3.79888
-3.80017
-3.80017
-3.79953
-3.79759
-3.79954
-3.79727
-3.79727
-3.79758
-3.79855
-3.79466
-3.79531
-3.79661
-3.79532
-3.79402
-3.79758
-3.7979
-3.79823
-3.79855
-3.79921
-3.79857
-3.79728
-3.79793
-3.79727
-3.79565
-3.79823
-3.79661
-3.79629
-3.79467
-3.79371
-3.79468
-3.79501
-3.79404
-3.79533
-3.79371
-3.79305
-3.79435
-3.79371
-3.79598
-3.79857
-3.79727
-3.79727
-3.7976
-3.79598
-3.79598
-3.79339
-3.7963
-3.795
-3.79499
-3.7937
-3.79435
-3.79532
-3.79629
-3.79662
-3.79597
-3.79597
-3.79564
-3.79499
-3.7924
-3.79338
-3.79435
-3.79274
-3.7908
-3.79177
-3.79501
-3.79533
-3.79532
-3.79726
-3.80083
-3.80148
-3.8005
-3.8005
-3.8005
-3.79953
-3.80018
-3.80051
-3.80149
-3.79922
-3.79824
-3.79759
-3.79953
-3.80083
-3.80147
-3.80018
-3.80018
-3.80115
-3.8031
-3.80343
-3.80342
-3.80342
-3.80213
-3.80439
-3.80439
-3.8044
-3.80213
-3.80051
-3.80115
-3.8005
-3.7992
-3.80017
-3.8005
-3.79662
-3.79662
-3.7963
-3.80018
-3.80148
-3.80116
-3.80116
-3.80148
-3.79921
-3.79597
-3.79726
-3.79695
-3.79663
-3.79696
-3.79696
-3.79599
-3.79404
-3.79436
-3.79403
-3.795
-3.79726
-3.79596
-3.79628
-3.79823
-3.79694
-3.79662
-3.79404
-3.7921
-3.79307
-3.79242
-3.7921
-3.79437
-3.79501
-3.79598
-3.795
-3.79501
-3.79437
-3.79761
-3.79891
-3.79663
-3.79501
-3.79468
-3.79371
-3.79144
-3.79177
-3.79209
-3.79048
-3.78983
-3.79015
-3.78885
-3.79047
-3.7908
-3.79177
-3.79145
-3.79306
-3.795
-3.79727
-3.7963
-3.79275
-3.79243
-3.79308
-3.79242
-3.79274
-3.7908
-3.79339
-3.79533
-3.79501
-3.79372
-3.7921
-3.79146
-3.7908
-3.7921
-3.79209
-3.7921
-3.79437
-3.7934
-3.79535
-3.79438
-3.79631
-3.79404
-3.79404
-3.79534
-3.79469
-3.79307
-3.79242
-3.79339
-3.79405
-3.79341
-3.79342
-3.79406
-3.796
-3.79761
-3.7976
-3.79825
-3.79825
-3.79663
-3.79534
-3.79663
-3.79728
-3.79825
-3.79599
-3.79534
-3.79631
-3.7976
-3.79468
-3.79403
-3.79533
-3.79436
-3.79469
-3.79501
-3.79372
-3.79469
-3.79631
-3.79598
-3.79501
-3.79436
-3.79403
-3.7937
-3.79338
-3.79597
-3.79663
-3.79502
-3.79405
-3.7921
-3.79113
-3.79113
-3.79177
-3.79176
-3.79176
-3.79176
-3.79176
-3.7937
-3.79565
-3.79597
-3.79662
-3.7963
-3.79696
-3.7976
-3.7989
-3.80019
-3.80148
-3.79921
-3.79694
-3.79823
-3.79725
-3.7966
-3.7979
-3.79887
-3.80018
-3.79824
-3.79662
-3.7963
-3.79727
-3.79824
-3.80083
-3.80083
-3.79953
-3.7992
-3.7992
-3.79791
-3.79824
-3.79824
-3.7976
-3.79533
-3.79371
-3.79209
-3.79565
-3.79532
-3.79241
-3.79144
-3.79209
-3.79306
-3.79371
-3.79403
-3.79501
-3.79598
-3.79371
-3.79404
-3.79533
-3.79663
-3.79631
-3.79696
-3.79793
-3.79923
-3.79729
-3.79794
-3.79826
-3.79729
-3.79988
-3.79858
-3.8002
-3.80182
-3.80215
-3.80376
-3.80279
-3.80052
-3.79955
-3.79825
-3.7989
-3.79696
-3.79632
-3.79697
-3.7947
-3.79632
-3.79632
-3.79502
-3.79405
-3.79535
-3.7973
-3.79892
-3.79859
-3.79827
-3.79665
-3.79568
-3.79665
-3.79536
-3.79406
-3.79471
-3.7947
-3.79599
-3.79535
-3.79373
-3.79569
-3.79601
-3.79439
-3.79569
-3.79471
-3.79374
-3.79438
-3.79729
-3.79858
-3.79923
-3.79599
-3.79599
-3.79729
-3.79794
-3.796
-3.796
-3.79762
-3.79567
-3.79696
-3.79729
-3.79276
-3.79276
-3.79503
-3.79567
-3.79404
-3.79598
-3.79371
-3.79437
-3.79762
-3.79633
-3.79601
-3.79795
-3.79988
-3.80182
-3.80215
-3.80247
-3.8015
-3.80377
-3.79988
-3.80086
-3.7986
-3.79763
-3.79633
-3.79666
-3.79601
-3.79471
-3.79406
-3.7934
-3.79405
-3.79469
-3.79534
-3.79501
-3.79599
-3.79892
-3.79666
-3.79699
-3.79666
-3.79601
-3.7947
-3.79535
-3.79762
-3.79924
-3.79956
-3.79989
-3.79956
-3.79891
-3.79988
-3.79762
-3.79697
-3.796
-3.79373
-3.7947
-3.7947
-3.79535
-3.79438
-3.79276
-3.7934
-3.79308
-3.79405
-3.79502
-3.79535
-3.79697
-3.79665
-3.79698
-3.79762
-3.79924
-3.79826
-3.79599
-3.79664
-3.79502
-3.79534
-3.79438
-3.79535
-3.79341
-3.79536
-3.79568
-3.79373
-3.79373
-3.7947
-3.79534
-3.79567
-3.79567
-3.796
-3.79729
-3.79632
-3.79728
-3.7976
-3.79728
-3.79566
-3.79696
-3.79794
-3.79924
-3.79794
-3.79501
-3.79337
-3.79207
-3.79305
-3.79176
-3.79404
-3.79372
-3.79438
-3.79761
-3.79956
-3.79923
-3.79826
-3.79793
-3.79663
-3.79533
-3.79825
-3.79889
-3.79631
-3.79696
-3.79761
-3.79761
-3.7989
-3.7976
-3.79825
-3.79858
-3.80052
-3.79955
-3.80085
-3.80182
-3.80086
-3.79956
-3.80085
-3.79923
-3.79858
-3.79792
-3.79695
-3.79696
-3.79761
-3.79827
-3.79989
-3.79729
-3.79631
-3.79695
-3.79792
-3.79598
-3.79824
-3.79727
-3.79824
-3.79889
-3.79533
-3.79468
-3.79436
-3.79501
-3.79501
-3.79372
-3.79436
-3.79274
-3.79305
-3.79305
-3.79273
-3.79597
-3.79954
-3.80116
-3.80084
-3.79955
-3.79922
-3.79791
-3.79758
-3.79564
-3.79597
-3.79727
-3.79728
-3.79697
-3.79632
-3.79535
-3.79664
-3.79794
-3.79599
-3.79502
-3.79664
-3.79632
-3.79664
-3.79664
-3.79438
-3.79438
-3.79373
-3.79406
-3.79373
-3.79373
-3.79534
-3.79437
-3.79664
-3.79761
-3.79729
-3.79567
-3.79632
-3.79761
-3.79891
-3.79697
-3.79568
-3.79568
-3.79762
-3.79665
-3.79471
-3.79439
-3.79341
-3.79438
-3.79632
-3.79632
-3.79761
-3.80117
-3.80246
-3.80084
-3.80182
-3.80118
-3.79956
-3.80409
-3.80409
-3.8041
-3.80248
-3.79957
-3.80053
-3.80182
-3.80409
-3.80214
-3.79988
-3.79891
-3.79859
-3.79859
-3.79891
-3.79956
-3.7973
-3.7986
-3.79958
-3.79958
-3.79925
-3.80022
-3.80022
-3.79957
-3.79795
-3.79665
-3.79762
-3.79859
-3.79729
-3.79697
-3.796
-3.79666
-3.79602
-3.79375
-3.79473
-3.79408
-3.79569
-3.79729
-3.79826
-3.79761
-3.79632
-3.79374
-3.79504
-3.7944
-3.79537
-3.79568
-3.79762
-3.79601
-3.79537
-3.79537
-3.79602
-3.79473
-3.7944
-3.79568
-3.79567
-3.79599
-3.79599
-3.79827
-3.79924
-3.79763
-3.79537
-3.7931
-3.79602
-3.79473
-3.79408
-3.79376
-3.79376
-3.79214
-3.79311
-3.79505
-3.79408
-3.79569
-3.79537
-3.79408
-3.7957
-3.79603
-3.79668
-3.797
-3.80023
-3.79925
-3.79827
-3.79666
-3.79601
-3.79634
-3.7957
-3.79571
-3.79409
-3.79474
-3.79441
-3.79117
-3.79117
-3.79117
-3.79149
-3.79246
-3.79246
-3.79375
-3.79342
-3.79601
-3.79633
-3.79795
-3.79892
-3.79828
-3.79796
-3.7957
-3.79635
-3.797
-3.79797
-3.797
-3.79667
-3.79796
-3.79828
-3.79699
-3.79698
-3.79601
-3.79537
-3.79213
-3.79181
-3.79376
-3.79473
-3.79602
-3.79699
-3.79699
-3.79634
-3.79667
-3.79796
-3.79829
-3.79797
-3.79829
-3.79764
-3.79829
-3.79732
-3.79796
-3.79926
-3.80185
-3.80185
-3.80217
-3.80281
-3.80022
-3.79828
-3.79861
-3.79861
-3.79926
-3.7999
-3.80152
-3.80023
-3.79958
-3.79862
-3.80088
-3.8012
-3.80055
-3.7986
-3.79764
-3.79862
-3.79797
-3.80023
-3.79796
-3.79763
-3.79956
-3.79762
-3.79827
-3.79828
-3.79796
-3.79925
-3.79828
-3.79925
-3.7999
-3.79958
-3.80055
-3.79795
-3.79827
-3.80086
-3.80184
-3.80152
-3.80281
-3.80022
-3.79925
-3.79861
-3.79861
-3.79861
-3.79829
-3.79796
-3.79634
-3.79634
-3.79374
-3.79568
-3.79697
-3.79794
-3.79697
-3.796
-3.79698
-3.79505
-3.79408
-3.79408
-3.79473
-3.79635
-3.79602
-3.79732
-3.7986
-3.79892
-3.79794
-3.79729
-3.7973
-3.79633
-3.79861
-3.7957
-3.79408
-3.79311
-3.79635
-3.79569
-3.79406
-3.79373
-3.79275
-3.79178
-3.79308
-3.79373
-3.79342
-3.79375
-3.79278
-3.79667
-3.79796
-3.79958
-3.79958
-3.79958
-3.79893
-3.79763
-3.79859
-3.79988
-3.79924
-3.79891
-3.79892
-3.79892
-3.79828
-3.79892
-3.79989
-3.7973
-3.79729
-3.79664
-3.79599
-3.79567
-3.79729
-3.7973
-3.79698
-3.7986
-3.79666
-3.79698
-3.79601
-3.79666
-3.79731
-3.79666
-3.79763
-3.7973
-3.79567
-3.79438
-3.79276
-3.79535
-3.79308
-3.79309
-3.79147
-3.7905
-3.79082
-3.79147
-3.79407
-3.79537
-3.79635
-3.79602
-3.79699
-3.79698
-3.79633
-3.796
-3.79471
-3.79309
-3.79244
-3.79179
-3.79179
-3.79244
-3.79342
-3.79407
-3.79505
-3.79537
-3.79537
-3.79569
-3.79471
-3.79697
-3.79535
-3.79568
-3.79568
-3.79504
-3.79278
-3.7931
-3.79374
-3.796
-3.79374
-3.79406
-3.79439
-3.79439
-3.79342
-3.79245
-3.79375
-3.79471
-3.79342
-3.79277
-3.79147
-3.79309
-3.79407
-3.79666
-3.79861
-3.79666
-3.79763
-3.79633
-3.79666
-3.79763
-3.79763
-3.7986
-3.79925
-3.79633
-3.79633
-3.79698
-3.79828
-3.79699
-3.79763
-3.79601
-3.79536
-3.79374
-3.79309
-3.79601
-3.79472
-3.79568
-3.79633
-3.7973
-3.79698
-3.79699
-3.79764
-3.79796
-3.79957
-3.79697
-3.79859
-3.79891
-3.79859
-3.80151
-3.80022
-3.80119
-3.80314
-3.80055
-3.80055
-3.79828
-3.79892
-3.79924
-3.80086
-3.80151
-3.8041
-3.80183
-3.80248
-3.80151
-3.80184
-3.7999
-3.79796
-3.79699
-3.79828
-3.79795
-3.79666
-3.79601
-3.79665
-3.79568
-3.79601
-3.79764
-3.79441
-3.79343
-3.79537
-3.7931
-3.79245
-3.79213
-3.79666
-3.7986
-3.79924
-3.79989
-3.80086
-3.79697
-3.79827
-3.79698
-3.79861
-3.7999
-3.80055
-3.79828
-3.79796
-3.79698
-3.80021
-3.79957
-3.79795
-3.79667
-3.79764
-3.79828
-3.79731
-3.79763
-3.79601
-3.79374
-3.79278
-3.79213
-3.79343
-3.79375
-3.79504
-3.79342
-3.79537
-3.79893
-3.79925
-3.7999
-3.80249
-3.80216
-3.80313
-3.80313
-3.80119
-3.80119
-3.79925
-3.79957
-3.79763
-3.79958
-3.79764
-3.79926
-3.79861
-3.79861
-3.79796
-3.79958
-3.79894
-3.79829
-3.79667
-3.79732
-3.79635
-3.79764
-3.79538
-3.79441
-3.79376
-3.79473
-3.79376
-3.79473
-3.79441
-3.79506
-3.79603
-3.79474
-3.79247
-3.79312
-3.79215
-3.79182
-3.79312
-3.79442
-3.79701
-3.79701
-3.79798
-3.79862
-3.7983
-3.797
-3.79441
-3.79539
-3.79506
-3.79506
-3.79345
-3.79442
-3.79669
-3.79604
-3.79734
-3.79798
-3.79765
-3.79635
-3.79506
-3.79797
-3.79603
-3.79668
-3.79603
-3.79571
-3.79539
-3.79539
-3.79539
-3.79506
-3.79506
-3.79506
-3.79247
-3.79214
-3.79343
-3.79278
-3.79247
-3.79376
-3.79312
-3.79247
-3.79247
-3.79182
-3.79247
-3.79344
-3.79441
-3.79474
-3.79571
-3.79571
-3.79798
-3.79959
-3.79992
-3.79797
-3.79506
-3.79506
-3.79732
-3.79732
-3.79441
-3.79506
-3.79312
-3.7928
-3.79119
-3.79248
-3.79182
-3.79279
-3.79312
-3.79605
-3.79508
-3.79314
-3.79119
-3.79216
-3.79378
-3.79475
-3.7954
-3.79442
-3.79571
-3.79571
-3.79572
-3.7954
-3.79509
-3.79573
-3.79638
-3.79476
-3.7941
-3.79183
-3.7915
-3.79182
-3.79313
-3.79282
-3.79476
-3.79638
-3.79508
-3.7954
-3.79539
-3.79669
-3.79767
-3.79896
-3.79799
-3.79636
-3.79765
-3.79701
-3.79637
-3.79638
-3.79767
-3.79735
-3.79993
-3.79863
-3.79863
-3.79669
-3.79669
-3.79572
-3.79411
-3.79476
-3.7967
-3.79671
-3.79833
-3.79769
-3.7993
-3.79961
-3.79992
-3.80284
-3.80187
-3.80057
-3.80089
-3.79959
-3.79798
-3.79702
-3.79799
-3.79637
-3.79605
-3.79605
-3.79605
-3.7941
-3.79184
-3.7954
-3.79281
-3.79377
-3.79215
-3.79149
-3.79214
-3.79052
-3.79376
-3.79538
-3.79539
-3.79734
-3.79863
-3.79767
-3.79767
-3.79734
-3.79637
-3.79701
-3.7983
-3.7983
-3.79667
-3.79699
-3.79894
-3.79894
-3.79668
-3.79474
-3.79344
-3.79344
-3.79473
-3.79603
-3.7941
-3.79571
-3.7941
-3.79538
-3.79667
-3.79829
-3.79991
-3.80056
-3.79991
-3.79862
-3.79765
-3.7983
-3.80025
-3.80025
-3.8009
-3.80219
-3.80251
-3.80057
-3.79959
-3.79701
-3.79636
-3.79669
-3.79475
-3.79668
-3.79862
-3.7996
-3.80187
-3.80122
-3.80091
-3.79832
-3.798
-3.79994
-3.79638
-3.79702
-3.79571
-3.79636
-3.79506
-3.79441
-3.79345
-3.79055
-3.79088
-3.78894
-3.79056
-3.78894
-3.79152
-3.79119
-3.79087
-3.79119
-3.78957
-3.78859
-3.79021
-3.79022
-3.79184
-3.79314
-3.79315
-3.79283
-3.79186
-3.79218
-3.79153
-3.79314
-3.79475
-3.79507
-3.79474
-3.79507
-3.79314
-3.79217
-3.7925
-3.7938
-3.79542
-3.79477
-3.79379
-3.79508
-3.7967
-3.79637
-3.79443
-3.79216
-3.79119
-3.79281
-3.79184
-3.79185
-3.79249
-3.79476
-3.79541
-3.79573
-3.79703
-3.79833
-3.79768
-3.7993
-3.79994
-3.79896
-3.79799
-3.79572
-3.7954
-3.79541
-3.79412
-3.79638
-3.79735
-3.79573
-3.79638
-3.79767
-3.79637
-3.79638
-3.79736
-3.79704
-3.79672
-3.79833
-3.79898
-3.79768
-3.79444
-3.79315
-3.7925
-3.79153
-3.7912
-3.79249
-3.79476
-3.79444
-3.79638
-3.79606
-3.798
-3.79703
-3.79541
-3.79703
-3.79606
-3.79542
-3.79671
-3.79541
-3.79412
-3.79444
-3.79412
-3.79412
-3.79477
-3.79509
-3.79671
-3.79671
-3.79444
-3.798
-3.79703
-3.79703
-3.79638
-3.7938
-3.79413
-3.79413
-3.79349
-3.79251
-3.79153
-3.79185
-3.79282
-3.79412
-3.79412
-3.79542
-3.79542
-3.79607
-3.79575
-3.79477
-3.79509
-3.79347
-3.7925
-3.79249
-3.79055
-3.79055
-3.79152
-3.79088
-3.79315
-3.79348
-3.79478
-3.79736
-3.79768
-3.79476
-3.79217
-3.7912
-3.78925
-3.7899
-3.79282
-3.79476
-3.79443
-3.79573
-3.79508
-3.79735
-3.79865
-3.79865
-3.79801
-3.80027
-3.79865
-3.79864
-3.79864
-3.79928
-3.79896
-3.79928
-3.79929
-3.79897
-3.79898
-3.7993
-3.79769
-3.79607
-3.79444
-3.79314
-3.79346
-3.79281
-3.7941
-3.79573
-3.79444
-3.79444
-3.79185
-3.79088
-3.79217
-3.79314
-3.79443
-3.79217
-3.7925
-3.79282
-3.79185
-3.79185
-3.79184
-3.79314
-3.79345
-3.7928
-3.79346
-3.79605
-3.79573
-3.79865
-3.79962
-3.80157
-3.80124
-3.79994
-3.7993
-3.80091
-3.80124
-3.80156
-3.80027
-3.79995
-3.79962
-3.79962
-3.79864
-3.79799
-3.79766
-3.79701
-3.79767
-3.79864
-3.7967
-3.79411
-3.79314
-3.7912
-3.78926
-3.79088
-3.79184
-3.79217
-3.79281
-3.79183
-3.79345
-3.79377
-3.7941
-3.79541
-3.79639
-3.79477
-3.79574
-3.79703
-3.7967
-3.79799
-3.79702
-3.79572
-3.79865
-3.798
-3.79639
-3.79606
-3.79832
-3.79865
-3.79605
-3.79605
-3.79476
-3.79605
-3.7967
-3.79897
-3.79897
-3.79735
-3.79735
-3.79508
-3.79573
-3.79995
-3.8006
-3.8006
-3.79866
-3.79963
-3.79897
-3.79832
-3.79799
-3.79798
-3.79798
-3.79603
-3.79798
-3.79961
-3.80028
-3.79963
-3.80092
-3.80027
-3.79767
-3.79767
-3.79702
-3.79735
-3.79768
-3.79801
-3.79769
-3.79607
-3.7951
-3.79445
-3.79574
-3.79671
-3.79703
-3.79605
-3.79541
-3.7938
-3.79445
-3.79477
-3.79347
-3.79347
-3.79573
-3.7954
-3.79638
-3.79703
-3.79541
-3.79315
-3.7938
-3.79412
-3.7938
-3.79542
-3.79477
-3.79379
-3.79541
-3.79671
-3.79542
-3.79671
-3.79703
-3.79735
-3.798
-3.79801
-3.79704
-3.79704
-3.79704
-3.79606
-3.79509
-3.79574
-3.79671
-3.79703
-3.79508
-3.79476
-3.79573
-3.79703
-3.79801
-3.79834
-3.79736
-3.79477
-3.79573
-3.79541
-3.79605
-3.79444
-3.79444
-3.79412
-3.79541
-3.79541
-3.79541
-3.79411
-3.79702
-3.798
-3.79832
-3.79832
-3.79897
-3.79994
-3.79864
-3.79896
-3.79831
-3.79896
-3.79766
-3.79734
-3.80026
-3.80027
-3.80059
-3.80189
-3.80351
-3.80319
-3.80156
-3.80253
-3.80285
-3.8022
-3.79863
-3.79992
-3.79734
-3.7967
-3.798
-3.7993
-3.79833
-3.79801
-3.79962
-3.79864
-3.79637
-3.79572
-3.79799
-3.79864
-3.79994
-3.80058
-3.80026
-3.79962
-3.79832
-3.79735
-3.80091
-3.79994
-3.79962
-3.79994
-3.79994
-3.79799
-3.79766
-3.79635
-3.797
-3.79506
-3.79474
-3.79604
-3.79378
-3.79217
-3.79509
-3.79541
-3.79735
-3.798
-3.79573
-3.79378
-3.7954
-3.79669
-3.79507
-3.79733
-3.79863
-3.79572
-3.79313
-3.79345
-3.79216
-3.79345
-3.79248
-3.79378
-3.79248
-3.79378
-3.7954
-3.7954
-3.79637
-3.79766
-3.79895
-3.7996
-3.80056
-3.80088
-3.79926
-3.79863
-3.79766
-3.79896
-3.79864
-3.79799
-3.79896
-3.79864
-3.79702
-3.79929
-3.7941
-3.79345
-3.79248
-3.7915
-3.7928
-3.79248
-3.79248
-3.79346
-3.79248
-3.79086
-3.79216
-3.79183
-3.7915
-3.79312
-3.79345
-3.79345
-3.7928
-3.79313
-3.79443
-3.79475
-3.79702
-3.79701
-3.79377
-3.79441
-3.79344
-3.79377
-3.79345
-3.79507
-3.79733
-3.797
-3.79732
-3.79538
-3.79571
-3.79539
-3.79798
-3.79863
-3.79896
-3.79701
-3.79571
-3.79571
-3.79797
-3.79829
-3.79959
-3.79927
-3.7983
-3.79733
-3.79798
-3.79863
-3.79798
-3.79765
-3.80055
-3.79796
-3.79862
-3.79992
-3.80252
-3.80155
-3.80025
-3.80122
-3.79959
-3.79797
-3.79764
-3.79601
-3.79505
-3.79506
-3.79474
-3.79346
-3.79378
-3.79281
-3.79183
-3.7928
-3.79182
-3.79149
-3.79149
-3.79278
-3.79084
-3.79116
-3.79019
-3.78987
-3.78988
-3.79053
-3.79377
-3.79312
-3.7928
-3.79312
-3.79149
-3.7957
-3.79699
-3.79699
-3.7957
-3.79733
-3.79572
-3.79507
-3.79377
-3.79312
-3.79409
-3.79279
-3.79472
-3.79537
-3.7944
-3.79343
-3.79279
-3.79636
-3.7928
-3.78925
-3.78957
-3.78989
-3.79215
-3.79182
-3.79278
-3.79213
-3.79246
-3.79408
-3.79505
-3.7957
-3.79701
-3.79669
-3.79702
-3.79702
-3.79573
-3.7941
-3.79247
-3.79279
-3.79215
-3.79118
-3.79086
-3.7915
-3.79312
-3.79216
-3.79313
-3.79508
-3.79411
-3.79572
-3.79669
-3.7983
-3.79895
-3.79765
-3.79701
-3.79636
-3.79313
-3.79346
-3.79379
-3.79605
-3.79734
-3.79539
-3.79571
-3.79507
-3.79313
-3.79248
-3.79216
-3.79184
-3.7912
-3.79379
-3.79347
-3.79379
-3.79443
-3.79637
-3.79702
-3.79767
-3.7967
-3.79735
-3.79639
-3.79638
-3.79638
-3.7967
-3.79734
-3.80025
-3.7996
-3.79928
-3.79767
-3.79897
-3.79671
-3.79768
-3.79638
-3.79637
-3.79669
-3.79669
-3.79572
-3.7941
-3.79346
-3.79508
-3.79315
-3.79477
-3.79574
-3.79638
-3.79573
-3.79832
-3.79897
-3.79897
-3.79801
-3.79736
-3.79574
-3.79702
-3.79734
-3.79669
-3.79831
-3.79961
-3.79896
-3.79897
-3.79929
-3.79735
-3.79606
-3.79411
-3.79023
-3.78925
-3.79152
-3.79184
-3.79443
-3.79475
-3.79604
-3.79539
-3.79669
-3.79636
-3.7954
-3.79896
-3.79832
-3.79735
-3.79735
-3.79735
-3.79897
-3.80026
-3.79994
-3.79605
-3.79476
-3.79799
-3.79832
-3.79799
-3.79702
-3.79735
-3.7967
-3.79896
-3.79864
-3.79702
-3.79508
-3.79605
-3.79508
-3.798
-3.79962
-3.79865
-3.79606
-3.79541
-3.79605
-3.79637
-3.79605
-3.79702
-3.79573
-3.79476
-3.79444
-3.79768
-3.79671
-3.79606
-3.79671
-3.79735
-3.79476
-3.79346
-3.79119
-3.79345
-3.79345
-3.79475
-3.79281
-3.79639
-3.79574
-3.79573
-3.79865
-3.7967
-3.79929
-3.79799
-3.80122
-3.79928
-3.79928
-3.79734
-3.79443
-3.79443
-3.79217
-3.7899
-3.79248
-3.79118
-3.79183
-3.79216
-3.79605
-3.79605
-3.79638
-3.79735
-3.7967
-3.79703
-3.798
-3.79799
-3.798
-3.798
-3.79865
-3.79768
-3.79735
-3.79638
-3.7967
-3.79799
-3.7954
-3.79508
-3.7954
-3.79638
-3.79638
-3.79573
-3.79896
-3.79864
-3.79929
-3.79897
-3.80027
-3.79929
-3.798
-3.79574
-3.79574
-3.79575
-3.79316
-3.79219
-3.79186
-3.79412
-3.79509
-3.79283
-3.79412
-3.79574
-3.79574
-3.79638
-3.79605
-3.79606
-3.79704
-3.7964
-3.79705
-3.79899
-3.79996
-3.80125
-3.80416
-3.80287
-3.79899
-3.7964
-3.79543
-3.79673
-3.79414
-3.79414
-3.79543
-3.79414
-3.79349
-3.79543
-3.79704
-3.79639
-3.79574
-3.79737
-3.79705
-3.79737
-3.79575
-3.79671
-3.79704
-3.79672
-3.7964
-3.79284
-3.79187
-3.79154
-3.79251
-3.79413
-3.79218
-3.79218
-3.7938
-3.79412
-3.79379
-3.79315
-3.79542
-3.79477
-3.79316
-3.79608
-3.79576
-3.7964
-3.79802
-3.79672
-3.79834
-3.79672
-3.79575
-3.79381
-3.79381
-3.79252
-3.79155
-3.78993
-3.78832
-3.78832
-3.78799
-3.79026
-3.78961
-3.79058
-3.79187
-3.79543
-3.79477
-3.79671
-3.7938
-3.79219
-3.79478
-3.79446
-3.79543
-3.7977
-3.79932
-3.79802
-3.79673
-3.79543
-3.79639
-3.79541
-3.79703
-3.79639
-3.79704
-3.79769
-3.79932
-3.79608
-3.79705
-3.79801
-3.79574
-3.79445
-3.7938
-3.79412
-3.79574
-3.79476
-3.79185
-3.79315
-3.79219
-3.79575
-3.79543
-3.79607
-3.79542
-3.79444
-3.79444
-3.79315
-3.79413
-3.79219
-3.79835
-3.7977
-3.79705
-3.79899
-3.79769
-3.79866
-3.79865
-3.798
-3.79736
-3.79737
-3.79737
-3.79672
-3.7964
-3.7951
-3.79704
-3.79639
-3.79703
-3.79574
-3.79574
-3.79542
-3.79671
-3.7951
-3.79575
-3.79607
-3.79381
-3.79445
-3.79639
-3.79607
-3.79671
-3.79801
-3.79736
-3.7993
-3.79833
-3.79444
-3.79477
-3.79412
-3.79541
-3.79671
-3.79445
-3.79575
-3.7964
-3.79283
-3.79541
-3.79475
-3.79541
-3.79575
-3.79608
-3.79608
-3.79511
-3.79543
-3.79413
-3.79801
-3.79833
-3.79866
-3.79769
-3.79607
-3.7964
-3.79834
-3.79575
-3.7951
-3.79769
-3.79866
-3.79898
-3.79736
-3.79606
-3.79509
-3.79574
-3.79736
-3.79768
-3.79444
-3.79478
-3.79251
-3.79057
-3.79316
-3.79413
-3.79509
-3.79573
-3.79929
-3.79897
-3.79962
-3.80093
-3.80061
-3.79932
-3.79673
-3.79576
-3.7977
-3.79705
-3.79736
-3.79703
-3.79477
-3.7951
-3.7951
-3.79705
-3.79802
-3.79737
-3.79705
-3.79608
-3.79738
-3.79511
-3.79543
-3.79381
-3.79252
-3.79284
-3.79187
-3.79446
-3.79542
-3.79801
-3.79768
-3.79801
-3.79867
-3.79738
-3.79609
-3.79544
-3.79576
-3.79543
-3.79478
-3.79671
-3.79542
-3.79543
-3.79478
-3.79608
-3.79575
-3.79543
-3.79381
-3.79673
-3.79576
-3.79478
-3.79414
-3.79478
-3.79639
-3.79736
-3.79704
-3.79639
-3.79769
-3.7977
-3.7977
-3.79899
-3.79705
-3.7964
-3.79705
-3.7964
-3.79705
-3.79511
-3.79738
-3.79706
-3.79738
-3.79608
-3.79738
-3.79802
-3.79673
-3.79704
-3.79606
-3.79606
-3.79574
-3.79801
-3.79639
-3.79639
-3.79607
-3.79673
-3.79414
-3.79381
-3.79413
-3.79381
-3.79478
-3.79736
-3.79672
-3.79542
-3.79444
-3.79444
-3.79412
-3.7925
-3.79218
-3.79445
-3.7938
-3.7938
-3.7951
-3.7951
-3.79283
-3.7938
-3.79477
-3.79445
-3.79477
-3.79509
-3.79606
-3.798
-3.79865
-3.79735
-3.79573
-3.79508
-3.79638
-3.79671
-3.79768
-3.79735
-3.79573
-3.79735
-3.79768
-3.79832
-3.79768
-3.79832
-3.80091
-3.80253
-3.80221
-3.79962
-3.80027
-3.7993
-3.798
-3.79833
-3.7993
-3.79898
-3.79866
-3.79865
-3.79897
-3.79702
-3.7954
-3.79443
-3.79735
-3.79994
-3.798
-3.80124
-3.80124
-3.80027
-3.8006
-3.79898
-3.79509
-3.79347
-3.79315
-3.79541
-3.79865
-3.7993
-3.79994
-3.79865
-3.79865
-3.80092
-3.79833
-3.79865
-3.79832
-3.79994
-3.79865
-3.79671
-3.79606
-3.79573
-3.79767
-3.80091
-3.80091
-3.80286
-3.80189
-3.79768
-3.7954
-3.79572
-3.79831
-3.79734
-3.7967
-3.79768
-3.79962
-3.7993
-3.79832
-3.79832
-3.79736
-3.79833
-3.79898
-3.79962
-3.80091
-3.80123
-3.79832
-3.79832
-3.79897
-3.79767
-3.79864
-3.79703
-3.79704
-3.79704
-3.79898
-3.79963
-3.79833
-3.79865
-3.80091
-3.79865
-3.79832
-3.80123
-3.80285
-3.79895
-3.79766
-3.79831
-3.79637
-3.79768
-3.79865
-3.79736
-3.79671
-3.79639
-3.79768
-3.79833
-3.79477
-3.79283
-3.79347
-3.79476
-3.79572
-3.79378
-3.79054
-3.79217
-3.79411
-3.79282
-3.79476
-3.79476
-3.79508
-3.79864
-3.80025
-3.80188
-3.80123
-3.79832
-3.79735
-3.79736
-3.7967
-3.79508
-3.79573
-3.7967
-3.79604
-3.7941
-3.79346
-3.7954
-3.79476
-3.79379
-3.79476
-3.79476
-3.79702
-3.79929
-3.80188
-3.80091
-3.798
-3.80027
-3.79897
-3.79896
-3.79961
-3.79767
-3.79897
-3.79832
-3.79865
-3.79994
-3.79994
-3.79994
-3.79767
-3.79962
-3.79832
-3.79703
-3.798
-3.79833
-3.79736
-3.79606
-3.79379
-3.79444
-3.79508
-3.79444
-3.79703
-3.79736
-3.79801
-3.79769
-3.79607
-3.79509
-3.79541
-3.79443
-3.79508
-3.79638
-3.79638
-3.79736
-3.79801
-3.79963
-3.79995
-3.79866
-3.8006
-3.79962
-3.80092
-3.80059
-3.79897
-3.79994
-3.79702
-3.79638
-3.79541
-3.79444
-3.79379
-3.79509
-3.7938
-3.79477
-3.79379
-3.79281
-3.79314
-3.79443
-3.79605
-3.79638
-3.79508
-3.79671
-3.79574
-3.79671
-3.79575
-3.79704
-3.7964
-3.79736
-3.79574
-3.79573
-3.79573
-3.79281
-3.79281
-3.79282
-3.79218
-3.79218
-3.79445
-3.79348
-3.79542
-3.79607
-3.79768
-3.79703
-3.79799
-3.79864
-3.79962
-3.79735
-3.79671
-3.79671
-3.79606
-3.79703
-3.79865
-3.798
-3.79703
-3.79735
-3.79637
-3.7954
-3.79508
-3.7941
-3.79346
-3.7954
-3.79411
-3.79508
-3.79573
-3.79509
-3.79639
-3.79768
-3.79735
-3.79897
-3.80124
-3.8022
-3.80349
-3.80187
-3.79993
-3.80026
-3.80091
-3.79962
-3.798
-3.7967
-3.79605
-3.79573
-3.79444
-3.79508
-3.79444
-3.79573
-3.79574
-3.79735
-3.80026
-3.80026
-3.7996
-3.80122
-3.79831
-3.79767
-3.79897
-3.79833
-3.79671
-3.79638
-3.79605
-3.79573
-3.79735
-3.79832
-3.79735
-3.79864
-3.79863
-3.79571
-3.79377
-3.79313
-3.79346
-3.79282
-3.79541
-3.79639
-3.79574
-3.7938
-3.79476
-3.79541
-3.79411
-3.79669
-3.79475
-3.79475
-3.79411
-3.79703
-3.79768
-3.79769
-3.79736
-3.79671
-3.7967
-3.79896
-3.80058
-3.79993
-3.79864
-3.79799
-3.79767
-3.79766
-3.79507
-3.79572
-3.79475
-3.79702
-3.79703
-3.79962
-3.80221
-3.80124
-3.80221
-3.80091
-3.80058
-3.80155
-3.79993
-3.80155
-3.80187
-3.79929
-3.79832
-3.79799
-3.79443
-3.79508
-3.79346
-3.79508
-3.79475
-3.7954
-3.79669
-3.79734
-3.79767
-3.79702
-3.79701
-3.79733
-3.79765
-3.79732
-3.79668
-3.79604
-3.7954
-3.79443
-3.79573
-3.79541
-3.79669
-3.79442
-3.79733
-3.7996
-3.79765
-3.79863
-3.79928
-3.79831
-3.79604
-3.79604
-3.79669
-3.79831
-3.7996
-3.7996
-3.8009
-3.80057
-3.79831
-3.79799
-3.7996
-3.79733
-3.79539
-3.79701
-3.79571
-3.79701
-3.79669
-3.79733
-3.79636
-3.79669
-3.79636
-3.79507
-3.7983
-3.79571
-3.79604
-3.79767
-3.79637
-3.79637
-3.79637
-3.79702
-3.79864
-3.79798
-3.79895
-3.79765
-3.79765
-3.79635
-3.79506
-3.79506
-3.79539
-3.79669
-3.79766
-3.79928
-3.79733
-3.79604
-3.79604
-3.79733
-3.79863
-3.79766
-3.79636
-3.79344
-3.79344
-3.79247
-3.79506
-3.79635
-3.79538
-3.79474
-3.79603
-3.79862
-3.79797
-3.79765
-3.79863
-3.79734
-3.79507
-3.79281
-3.79248
-3.78858
-3.7889
-3.78987
-3.78987
-3.7902
-3.78988
-3.79053
-3.79215
-3.79344
-3.79603
-3.79279
-3.79408
-3.79603
-3.79862
-3.80089
-3.79993
-3.8009
-3.80155
-3.79895
-3.79603
-3.79604
-3.797
-3.79668
-3.797
-3.79667
-3.79473
-3.79214
-3.79053
-3.78956
-3.79085
-3.7902
-3.79247
-3.79376
-3.79506
-3.79344
-3.79311
-3.79311
-3.79409
-3.79344
-3.79182
-3.79311
-3.79343
-3.79149
-3.79247
-3.79312
-3.79409
-3.79538
-3.79473
-3.79634
-3.79569
-3.79375
-3.7957
-3.79441
-3.79538
-3.79635
-3.79602
-3.79828
-3.79731
-3.80054
-3.79828
-3.79569
-3.79635
-3.79862
-3.79668
-3.7983
-3.79765
-3.79668
-3.79538
-3.79473
-3.79472
-3.79666
-3.7986
-3.79763
-3.79731
-3.79505
-3.79312
-3.79571
-3.79571
-3.79473
-3.79506
-3.79505
-3.79472
-3.79471
-3.79407
-3.79537
-3.79667
-3.79798
-3.7996
-3.79895
-3.7983
-3.80088
-3.79991
-3.79602
-3.79473
-3.79377
-3.79539
-3.79376
-3.79538
-3.7944
-3.79472
-3.79538
-3.79441
-3.79571
-3.79409
-3.79473
-3.79667
-3.79504
-3.79569
-3.79278
-3.79214
-3.79473
-3.79603
-3.79571
-3.79506
-3.797
-3.79668
-3.79408
-3.79409
-3.79247
-3.79311
-3.79149
-3.79084
-3.79116
-3.79084
-3.79311
-3.79311
-3.79149
-3.7876
-3.78793
-3.79149
-3.79085
-3.79474
-3.79571
-3.79701
-3.79636
-3.79733
-3.79701
-3.79604
-3.79539
-3.79603
-3.7957
-3.797
-3.79441
-3.7944
-3.79537
-3.79311
-3.79538
-3.79376
-3.7928
-3.79378
-3.79345
-3.79475
-3.79507
-3.7941
-3.79474
-3.79376
-3.79279
-3.79214
-3.7915
-3.79215
-3.7928
-3.79312
-3.79345
