1.35016
1.30681
1.28073
1.27379
1.28124
1.29507
1.30865
1.31923
1.32743
1.33518
1.34358
1.35211
1.35886
1.36172
1.35958
1.35249
1.34146
1.32769
1.31231
1.29626
1.2802
1.265
1.25251
1.24532
1.2458
1.25483
1.27144
1.29328
1.31735
1.34088
1.36237
1.38249
1.40339
1.42666
1.4527
1.48153
1.51347
1.54854
1.58561
1.62206
1.65405
1.67764
1.68971
1.68842
1.67278
1.6421
1.59591
1.53481
1.46209
1.3855
1.31681
1.26769
1.24384
1.24273
1.25677
1.27776
1.29888
1.31547
1.32549
1.32924
1.32801
1.32298
1.31494
1.30521
1.29682
1.29429
1.30126
1.31776
1.34029
1.36442
1.38684
1.4057
1.42013
1.42979
1.43499
1.43678
1.43689
1.43768
1.44072
1.44545
1.44912
1.44818
1.44003
1.42438
1.4035
1.38175
1.36405
1.35445
1.35445
1.36135
1.36881
1.37073
1.36473
1.35319
1.34208
1.33847
1.34767
1.37104
1.40557
1.4448
1.48051
1.50488
1.51283
1.50386
1.48193
1.45321
1.42266
1.39259
1.36346
1.33564
1.31078
1.29225
1.28409
1.28861
1.30446
1.32716
1.35106
1.37144
1.38582
1.39426
1.39906
1.40411
1.41339
1.42821
1.44575
1.46047
1.46742
1.46451
1.45334
1.43823
1.42475
1.41766
1.41915
1.42803
1.44048
1.45181
1.45809
1.45753
1.45105
1.44159
1.43168
1.42143
1.40874
1.39131
1.36823
1.34082
1.31273
1.28868
1.2723
1.26469
1.26473
1.27095
1.28306
1.30185
1.32714
1.35581
1.38172
1.39823
1.40166
1.39283
1.37574
1.35522
1.33573
1.32137
1.31537
1.31922
1.33259
1.35409
1.38172
1.41215
1.44035
1.46068
1.46924
1.46589
1.45403
1.43868
1.42419
1.41316
1.40604
1.40182
1.39913
1.39728
1.39677
1.39869
1.40355
1.4109
1.41991
1.43046
1.44334
1.45923
1.477
1.49306
1.50242
1.50073
1.48604
1.45979
1.42645
1.3927
1.36584
1.35129
1.34985
1.35733
1.3678
1.37674
1.38186
1.38248
1.3789
1.37192
1.36287
1.35406
1.34874
1.34994
1.35882
1.37392
1.39221
1.4104
1.42565
1.43557
1.43846
1.43368
1.42167
1.40354
1.38049
1.3543
1.32868
1.30935
1.30188
1.30833
1.32534
1.34552
1.36135
1.36925
1.37028
1.36864
1.36823
1.36913
1.36776
1.36121
1.35131
1.34388
1.34361
1.35065
1.36194
1.37446
1.38637
1.39623
1.40222
1.40241
1.39605
1.38485
1.37343
1.36729
1.3699
1.38038
1.39394
1.40543
1.41293
1.41853
1.42608
1.43716
1.44923
1.45692
1.45565
1.44464
1.42705
1.40803
1.3922
1.38174
1.37595
1.37217
1.36673
1.35626
1.33983
1.32275
1.31597
1.32666
1.35057
1.378
1.40246
1.42257
1.44047
1.458
1.47342
1.48221
1.48135
1.47183
1.45713
1.44063
1.42428
1.40844
1.3934
1.38097
1.37462
1.37745
1.39021
1.41008
1.43037
1.44257
1.44041
1.4221
1.39113
1.35694
1.33259
1.32527
1.33054
1.33956
1.34781
1.35599
1.36595
1.376
1.38142
1.37905
1.37088
1.36244
1.3581
1.35858
1.3619
1.36601
1.3706
1.37811
1.39208
1.41333
1.43812
1.46077
1.4769
1.48438
1.48249
1.471
1.45027
1.42247
1.3924
1.36698
1.35262
1.35298
1.36811
1.39502
1.4292
1.46646
1.50364
1.5379
1.56631
1.58612
1.59535
1.5931
1.5799
1.5583
1.53255
1.50735
1.486
1.46929
1.45553
1.44168
1.42445
1.40168
1.37379
1.34471
1.32035
1.30483
1.29748
1.29398
1.29055
1.28669
1.28408
1.28403
1.287
1.29348
1.30427
1.3197
1.33891
1.35992
1.38062
1.39946
1.41549
1.42781
1.43514
1.43616
1.43065
1.42006
1.40696
1.39391
1.38248
1.37293
1.36506
1.35925
1.35709
1.36057
1.37002
1.38322
1.39655
1.40756
1.41621
1.42375
1.43069
1.43616
1.4384
1.4355
1.42585
1.40844
1.38343
1.35298
1.32128
1.29369
1.27486
1.26669
1.26811
1.27651
1.28952
1.3056
1.32411
1.34456
1.36584
1.38591
1.40225
1.413
1.41808
1.41952
1.421
1.42632
1.43752
1.45355
1.46998
1.48036
1.47897
1.46393
1.43827
1.40796
1.37829
1.35361
1.33884
1.33826
1.35215
1.3762
1.40435
1.43162
1.4548
1.47163
1.48021
1.47929
1.46897
1.45111
1.42901
1.40696
1.38938
1.37928
1.37697
1.37982
1.3836
1.38425
1.37946
1.37019
1.36094
1.35771
1.36413
1.37911
1.39856
1.41796
1.43354
1.44305
1.44598
1.44377
1.43933
1.43623
1.43749
1.44384
1.45244
1.4577
1.4543
1.43952
1.4133
1.37724
1.3348
1.29158
1.25413
1.22708
1.21099
1.20275
1.19834
1.19621
1.19852
1.20941
1.23181
1.26562
1.30773
1.3533
1.39687
1.43316
1.4579
1.46868
1.46584
1.45292
1.43586
1.42057
1.41049
1.40611
1.40604
1.40816
1.41025
1.40986
1.40484
1.39403
1.37848
1.36199
1.35015
1.34773
1.35643
1.37441
1.39743
1.42088
1.44126
1.45663
1.46647
1.47086
1.46994
1.4638
1.45327
1.44071
1.42983
1.42406
1.42469
1.43059
1.43978
1.4508
1.46106
1.46573
1.46028
1.44349
1.41773
1.38732
1.35665
1.32913
1.30662
1.28974
1.27812
1.27125
1.26931
1.27349
1.28525
1.3049
1.33047
1.35793
1.38263
1.40116
1.41282
1.41983
1.42584
1.43427
1.44768
1.46638
1.48676
1.50252
1.50904
1.50593
1.49622
1.48444
1.47426
1.46645
1.4584
1.44568
1.42506
1.39704
1.36616
1.33946
1.32405
1.32412
1.33847
1.3611
1.38498
1.4052
1.41943
1.42698
1.42748
1.42034
1.40531
1.38465
1.36515
1.35611
1.36116
1.37495
1.3909
1.40713
1.42371
1.43864
1.44783
1.44738
1.43536
1.41228
1.38117
1.34747
1.31828
1.30062
1.29915
1.3146
1.34414
1.38267
1.42399
1.46104
1.48733
1.49895
1.49548
1.4798
1.45717
1.43385
1.41495
1.40263
1.39565
1.39093
1.38654
1.38372
1.38575
1.39394
1.40545
1.41563
1.42155
1.42259
1.41905
1.4114
1.40008
1.38585
1.37008
1.35492
1.34338
1.33825
1.34052
1.34838
1.35802
1.36523
1.36749
1.36476
1.35876
1.35168
1.34527
1.34058
1.33814
1.33792
1.33892
1.3391
1.33646
1.33051
1.32356
1.32065
1.32742
1.34672
1.3761
1.40823
1.43395
1.44634
1.44408
1.43193
1.41755
1.40713
1.40362
1.4073
1.41614
1.42683
1.43558
1.4387
1.43367
1.41986
1.39932
1.37681
1.35876
1.35036
1.35356
1.36826
1.3939
1.42842
1.46652
1.50074
1.52423
1.53281
1.52548
1.50431
1.47427
1.44228
1.41517
1.39676
1.38577
1.37674
1.36381
1.34409
1.31848
1.29061
1.26526
1.2467
1.2369
1.23511
1.23981
1.25108
1.27093
1.30139
1.34183
1.3876
1.43096
1.46373
1.48026
1.47934
1.46456
1.44257
1.42051
1.40371
1.39456
1.39279
1.39678
1.40466
1.41484
1.42499
1.43116
1.42848
1.41372
1.38716
1.35252
1.31561
1.28319
1.26159
1.25468
1.26218
1.28028
1.30387
1.32869
1.35308
1.37888
1.41048
1.45044
1.49537
1.53646
1.56414
1.57247
1.56063
1.53205
1.49231
1.44763
1.40398
1.36642
1.3384
1.32128
1.3146
1.31719
1.32771
1.34444
1.36519
1.3876
1.41004
1.43111
1.44797
1.45619
1.45178
1.43337
1.40292
1.36583
1.33069
1.30672
1.30011
1.31227
1.34086
1.38107
1.42603
1.46769
1.49868
1.51428
1.51402
1.50178
1.48404
1.46669
1.45247
1.4412
1.43168
1.42385
1.41904
1.41857
1.42173
1.42544
1.42614
1.42201
1.41315
1.40048
1.38547
1.37041
1.35888
1.35487
1.36056
1.37431
1.3901
1.4002
1.39868
1.38423
1.36021
1.33222
1.30492
1.28154
1.26586
1.26267
1.2747
1.29898
1.32691
1.34888
1.35887
1.35616
1.34494
1.33273
1.32794
1.33609
1.35683
1.38515
1.41534
1.44437
1.47206
1.49885
1.52287
1.53921
1.54265
1.532
1.51151
1.48718
1.46185
1.43442
1.40335
1.37075
1.34407
1.33214
1.33579
1.34568
1.35282
1.35712
1.36452
1.37983
1.40247
1.42729
1.44826
1.46167
1.46734
1.4674
1.46449
1.46017
1.45521
1.45035
1.4464
1.4438
1.44197
1.4393
1.43341
1.42213
1.40506
1.38434
1.36405
1.3486
1.34079
1.34013
1.34305
1.34543
1.34489
1.34033
1.33136
1.31956
1.30929
1.30582
1.31194
1.32594
1.34328
1.36001
1.37444
1.38638
1.39565
1.40125
1.4018
1.39646
1.38523
1.36898
1.34959
1.33001
1.31431
1.30679
1.30974
1.32181
1.33881
1.35607
1.36969
1.3771
1.37825
1.37693
1.38028
1.39463
1.42008
1.45005
1.47587
1.49126
1.49361
1.48295
1.46064
1.42891
1.39108
1.35207
1.31785
1.29455
1.28718
1.29822
1.3255
1.36198
1.39851
1.42791
1.44652
1.45343
1.44897
1.43395
1.4098
1.37946
1.34822
1.3238
1.31431
1.32502
1.35512
1.39683
1.43867
1.47032
1.48572
1.48395
1.46875
1.44736
1.42789
1.41629
1.41464
1.42151
1.43311
1.44468
1.45154
1.4504
1.44038
1.4239
1.40654
1.3951
1.39404
1.4028
1.41619
1.42688
1.42814
1.41629
1.39291
1.36454
1.33919
1.32209
1.3144
1.31507
1.32289
1.33684
1.35482
1.37294
1.38656
1.39221
1.38936
1.38065
1.37115
1.36692
1.37273
1.39014
1.41671
1.44686
1.47387
1.49205
1.4981
1.49115
1.47235
1.44425
1.41058
1.37616
1.34623
1.32568
1.31834
1.32604
1.34706
1.37552
1.40317
1.42273
1.43057
1.42746
1.41723
1.40441
1.39163
1.37798
1.35944
1.33207
1.29621
1.25876
1.23114
1.22395
1.24198
1.28274
1.3386
1.40012
1.459
1.50978
1.54978
1.57819
1.59507
1.60099
1.59731
1.58624
1.57044
1.55182
1.53112
1.50848
1.48564
1.46749
1.45942
1.46224
1.47003
1.4736
1.46539
1.44161
1.40271
1.35338
1.302
1.25887
1.23331
1.2302
1.24746
1.27635
1.30583
1.32762
1.33884
1.34149
1.33989
1.3385
1.34047
1.3467
1.35529
1.36209
1.36233
1.35275
1.33362
1.3099
1.29021
1.28347
1.29445
1.32143
1.3575
1.39401
1.42342
1.44065
1.44332
1.43201
1.41013
1.38276
1.35471
1.33003
1.3131
1.30861
1.31814
1.33822
1.36224
1.38401
1.39981
1.40923
1.41528
1.42316
1.43775
1.46006
1.48582
1.50758
1.51858
1.51499
1.49591
1.46259
1.41833
1.3688
1.32219
1.28787
1.27308
1.27914
1.30129
1.33219
1.36565
1.39777
1.4257
1.44676
1.45879
1.46145
1.45701
1.44967
1.44369
1.44129
1.4425
1.44557
1.44763
1.44511
1.43471
1.41443
1.38431
1.34707
1.30788
1.27409
1.25363
1.25261
1.27336
1.31356
1.36662
1.42361
1.47572
1.51635
1.542
1.55244
1.54992
1.53755
1.51724
1.48893
1.45214
1.40853
1.36323
1.32384
1.298
1.29053
1.30141
1.32595
1.35662
1.38543
1.406
1.41458
1.41025
1.39449
1.37034
1.34177
1.31296
1.28754
1.26826
1.25708
1.25569
1.26568
1.28776
1.32027
1.35888
1.39762
1.43095
1.45494
1.46757
1.46842
1.45866
1.44079
1.41836
1.39492
1.3728
1.35242
1.33279
1.31333
1.29613
1.28702
1.29315
1.31744
1.3543
1.39261
1.42346
1.44604
1.46669
1.49238
1.52362
1.55484
1.5801
1.59704
1.60548
1.60434
1.59096
1.56315
1.52127
1.46893
1.41313
1.3634
1.32891
1.31385
1.31474
1.3225
1.3272
1.3221
1.3061
1.28463
1.26728
1.26215
1.27124
1.29062
1.31351
1.33254
1.34177
1.33905
1.3274
1.31438
1.30963
1.32101
1.34909
1.38622
1.42311
1.45463
1.47945
1.49792
1.51099
1.52031
1.52759
1.53372
1.53804
1.53878
1.53372
1.52082
1.49834
1.46508
1.42155
1.37136
1.32198
1.28267
1.26073
1.25894
1.27436
1.29875
1.32201
1.33688
1.3414
1.33841
1.33325
1.33103
1.33496
1.34559
1.36149
1.38021
1.39918
1.41605
1.42895
1.43681
1.43994
1.43988
1.43843
1.43665
1.43447
1.4312
1.42591
1.4177
1.40609
1.39171
1.37654
1.364
1.35795
1.36126
1.37417
1.3942
1.41802
1.44338
1.46931
1.49515
1.51929
1.53847
1.54851
1.54577
1.52836
1.49751
1.45784
1.41599
1.37807
1.34727
1.32375
1.30634
1.29457
1.28913
1.29086
1.29938
1.31297
1.32938
1.34678
1.36396
1.37994
1.39323
1.40182
1.40411
1.39984
1.39003
1.37611
1.3589
1.33907
1.3186
1.3011
1.28973
1.28485
1.28497
1.28997
1.30246
1.32486
1.35604
1.39142
1.42603
1.45674
1.48231
1.50236
1.5166
1.52448
1.5252
1.5178
1.5015
1.47622
1.44292
1.40424
1.36493
1.3319
1.31254
1.3108
1.32542
1.35214
1.386
1.42038
1.44653
1.45633
1.44602
1.41887
1.38541
1.35911
1.34846
1.35289
1.36592
1.38057
1.3921
1.39834
1.39899
1.39479
1.38748
1.3799
1.37507
1.37493
1.37987
1.38897
1.4007
1.41337
1.42583
1.43773
1.44922
1.46068
1.47245
1.48517
1.49911
1.51267
1.52141
1.51912
1.50009
1.46175
1.40617
1.34019
1.27407
1.21958
1.18678
1.18073
1.19993
1.23802
1.2874
1.34186
1.39708
1.44872
1.49124
1.51913
1.52945
1.52343
1.50645
1.48638
1.47055
1.46304
1.46427
1.47151
1.47938
1.48167
1.47484
1.46145
1.44911
1.44417
1.44633
1.44974
1.44732
1.43329
1.40421
1.36015
1.30546
1.24834
1.19856
1.16466
1.1531
1.1694
1.21653
1.28795
1.36685
1.43557
1.48334
1.50674
1.50728
1.48933
1.45866
1.42187
1.38604
1.3579
1.34189
1.33833
1.34359
1.35247
1.36128
1.36854
1.37342
1.37564
1.377
1.38152
1.39205
1.40739
1.42329
1.43639
1.44708
1.45841
1.47281
1.48953
1.50506
1.51568
1.51958
1.51742
1.51124
1.50296
1.49294
1.47952
1.46019
1.43382
1.40279
1.37282
1.35077
1.3416
1.34642
1.36272
1.38567
1.40975
1.43009
1.44318
1.44727
1.44178
1.42652
1.4021
1.37243
1.34732
1.33725
1.3416
1.34946
1.35268
1.35144
1.35006
1.35216
1.35866
1.36789
1.37676
1.38174
1.37976
1.36916
1.35029
1.32551
1.29915
1.27728
1.26665
1.27195
1.29252
1.32214
1.3534
1.3817
1.40552
1.42492
1.44099
1.45552
1.4703
1.48611
1.50184
1.51464
1.52102
1.51839
1.50618
1.48669
1.46487
1.4465
1.43541
1.43228
1.43535
1.44177
1.44809
1.451
1.44834
1.43981
1.42659
1.41088
1.39631
1.38809
1.38993
1.40038
1.41412
1.42631
1.4338
1.43447
1.42673
1.41021
1.38625
1.35773
1.32832
1.3014
1.27922
1.26256
1.25091
1.24309
1.23821
1.23677
1.24122
1.25406
1.27398
1.29531
1.31257
1.32486
1.33524
1.34623
1.35694
1.3648
1.36856
1.36927
1.36917
1.36999
1.37228
1.37572
1.37989
1.38461
1.38973
1.3948
1.39906
1.40187
1.40355
1.406
1.41229
1.42558
1.44699
1.47437
1.50265
1.52571
1.53808
1.53575
1.51637
1.47947
1.42821
1.37256
1.32952
1.31157
1.31476
1.32654
1.33989
1.35514
1.37542
1.40291
1.43768
1.47815
1.52184
1.56474
1.60111
1.62431
1.62791
1.60672
1.55832
1.48565
1.39977
1.31971
1.2655
1.24537
1.24994
1.26325
1.27568
1.28554
1.29507
1.3072
1.32333
1.34238
1.36205
1.38072
1.39732
1.41044
1.41871
1.42222
1.42308
1.42408
1.42602
1.42616
1.41918
1.40043
1.36879
1.32756
1.28352
1.24486
1.21856
1.20852
1.2156
1.23879
1.27526
1.31979
1.36574
1.4072
1.44015
1.46252
1.474
1.47647
1.47426
1.47313
1.47759
1.48873
1.50466
1.52263
1.54038
1.55523
1.56294
1.55851
1.53882
1.50465
1.46116
1.41576
1.37418
1.33852
1.30942
1.28915
1.28179
1.29086
1.31553
1.34882
1.38057
1.40252
1.41157
1.40935
1.40009
1.38845
1.37884
1.37464
1.37662
1.38218
1.38771
1.39069
1.38993
1.38455
1.37443
1.36228
1.35483
1.35911
1.37652
1.40181
1.42751
1.44788
1.45969
1.46101
1.44983
1.42448
1.38577
1.33871
1.29251
1.25814
1.24406
1.25147
1.27301
1.29767
1.3172
1.32835
1.33166
1.32992
1.32671
1.32503
1.32645
1.33138
1.33977
1.352
1.36869
1.38985
1.41379
1.43669
1.4537
1.46132
1.46039
1.4575
1.46076
1.4719
1.4853
1.49504
1.50056
1.50586
1.51499
1.52779
1.53955
1.54429
1.53832
1.52132
1.49575
1.46547
1.43462
1.40649
1.38255
1.36182
1.34163
1.31939
1.29432
1.26843
1.2464
1.23374
1.23251
1.23809
1.24236
1.24064
1.23526
1.23406
1.24572
1.27428
1.31655
1.3643
1.40902
1.4453
1.47122
1.48698
1.49379
1.49353
1.4887
1.48216
1.47612
1.47141
1.46749
1.4634
1.459
1.45561
1.45532
1.45939
1.46741
1.4774
1.48681
1.49384
1.4983
1.50157
1.5055
1.5111
1.51731
1.52096
1.51748
1.50231
1.47257
1.42847
1.3737
1.31416
1.25616
1.20481
1.16331
1.13311
1.11489
1.10942
1.11806
1.14212
1.18128
1.23132
1.28412
1.33129
1.36788
1.39314
1.40917
1.41955
1.42843
1.43956
1.45533
1.47624
1.50113
1.52739
1.55146
1.56919
1.57637
1.56929
1.54588
1.50723
1.45879
1.41012
1.3713
1.34718
1.33566
1.33234
1.3344
1.34102
1.35254
1.36958
1.39148
1.41489
1.43509
1.44826
1.45303
1.4503
1.44197
1.42948
1.41321
1.39316
1.36964
1.34407
1.31925
1.2991
1.28763
1.2873
1.29782
1.31634
1.33875
1.36159
1.38299
1.40308
1.4231
1.44315
1.46089
1.47249
1.47528
1.46962
1.45917
1.44986
1.44784
1.45689
1.47653
1.50217
1.52701
1.54414
1.5486
1.53931
1.51919
1.49254
1.46211
1.42905
1.39508
1.36332
1.33689
1.31714
1.30376
1.29683
1.29852
1.31192
1.33769
1.37182
1.40709
1.43604
1.45321
1.45576
1.44322
1.41746
1.38301
1.3468
1.31647
1.29839
1.29655
1.31167
1.34052
1.37617
1.41008
1.43513
1.44779
1.44827
1.43907
1.42279
1.40145
1.37764
1.35615
1.34267
1.33936
1.34239
1.34532
1.34351
1.33537
1.32161
1.30426
1.28593
1.2694
1.25769
1.25347
1.25817
1.27182
1.29315
1.31947
1.34718
1.37311
1.39577
1.41515
1.4323
1.44883
1.46603
1.4836
1.49886
1.50774
1.50667
1.49397
1.47005
1.43633
1.39524
1.35185
1.31591
1.29917
1.30781
1.33789
1.37858
1.4183
1.44943
1.47016
1.48319
1.4925
1.49998
1.50394
1.50061
1.48762
1.46674
1.44347
1.42373
1.4106
1.40303
1.39753
1.39103
1.38351
1.3782
1.37915
1.38738
1.39894
1.4062
1.40194
1.38405
1.35864
1.33838
1.33481
1.35073
1.37971
1.41155
1.43712
1.4505
1.44931
1.43423
1.40838
1.37662
1.34492
1.31963
1.30593
1.30601
1.31799
1.33678
1.35593
1.36944
1.37342
1.3671
1.35256
1.33321
1.31233
1.29269
1.27727
1.26935
1.2714
1.28391
1.30494
1.33016
1.3537
1.37001
1.37675
1.37672
1.37672
1.38412
1.403
1.432
1.46543
1.49652
1.52048
1.5352
1.53993
1.53474
1.52104
1.50173
1.48016
1.45873
1.43848
1.41939
1.40097
1.38274
1.36463
1.34766
1.33424
1.32802
1.33248
1.3483
1.37263
1.40042
1.42658
1.44695
1.45896
1.46191
1.45711
1.44727
1.43536
1.42391
1.41483
1.40923
1.40786
1.41115
1.41898
1.42915
1.4361
1.433
1.4164
1.3886
1.35514
1.32132
1.29087
1.26594
1.24799
1.23957
1.2444
1.26456
1.29742
1.3365
1.37431
1.40432
1.42195
1.42578
1.41809
1.40376
1.38826
1.37581
1.36823
1.36456
1.36221
1.35913
1.35521
1.35149
1.34792
1.34279
1.33433
1.32296
1.31184
1.30547
1.30722
1.31791
1.33585
1.35833
1.38303
1.40906
1.43684
1.46649
1.49597
1.52155
1.53997
1.5497
1.55002
1.53984
1.51809
1.48602
1.4486
1.4126
1.38292
1.36126
1.34833
1.34554
1.35369
1.37026
1.38958
1.40565
1.41414
1.4126
1.4009
1.38232
1.36298
1.34752
1.33481
1.31963
1.29887
1.27566
1.25704
1.24795
1.24969
1.26403
1.29427
1.34067
1.39844
1.46
1.51822
1.56749
1.60369
1.62424
1.62845
1.61792
1.59624
1.56812
1.5384
1.51107
1.4884
1.47023
1.45438
1.43774
1.41784
1.3938
1.36692
1.34035
1.31798
1.30292
1.29688
1.30034
1.31219
1.32873
1.34349
1.34933
1.34209
1.32357
1.30113
1.28296
1.27275
1.2691
1.26837
1.26764
1.2655
1.26189
1.25808
1.25738
1.26531
1.28714
1.32346
1.36807
1.41123
1.44437
1.46296
1.46697
1.45988
1.44678
1.43228
1.41953
1.41006
1.40393
1.40045
1.39902
1.39949
1.40209
1.40693
1.41376
1.42172
1.42857
1.43064
1.42411
1.40757
1.38341
1.3568
1.333
1.3155
1.30598
1.3049
1.31164
1.32383
1.33773
1.34996
1.35989
1.37021
1.38524
1.4076
1.43555
1.46398
1.48789
1.50482
1.5145
1.51734
1.51406
1.50699
1.49987
1.49452
1.48824
1.47618
1.45592
1.43023
1.407
1.39594
1.40285
1.42514
1.45436
1.48185
1.5016
1.50979
1.5041
1.48382
1.45028
1.40694
1.35899
1.31212
1.2714
1.24086
1.22389
1.22309
1.2386
1.26626
1.29814
1.3257
1.34314
1.34942
1.34795
1.34481
1.34553
1.35196
1.36163
1.3705
1.3761
1.37835
1.37832
1.3771
1.37565
1.37497
1.37544
1.37571
1.37262
1.36261
1.34352
1.31609
1.28472
1.25703
1.24148
1.24409
1.26599
1.30276
1.34541
1.38342
1.40868
1.41792
1.41279
1.39879
1.38336
1.37344
1.37325
1.38342
1.40185
1.42556
1.45229
1.48051
1.50859
1.53434
1.55549
1.5701
1.57654
1.57377
1.56161
1.54147
1.51649
1.49113
1.46952
1.45306
1.44148
1.43567
1.43666
1.44252
1.44847
1.44997
1.44521
1.43561
1.42428
1.41358
1.40363
1.39317
1.38133
1.36832
1.35403
1.33709
1.31618
1.29226
1.26878
1.25003
1.23983
1.2408
1.25304
1.27295
1.29403
1.31108
1.32383
1.33627
1.35281
1.37481
1.39977
1.42347
1.44211
1.45321
1.45546
1.44921
1.43716
1.42421
1.41543
1.41335
1.41683
1.42233
1.42573
1.42363
1.41431
1.39839
1.37916
1.36131
1.34882
1.34385
1.3478
1.36145
1.38317
1.40826
1.43112
1.44869
1.46159
1.47278
1.48514
1.49982
1.51633
1.53313
1.54857
1.56086
1.56825
1.56909
1.56237
1.54819
1.52745
1.50059
1.4666
1.42422
1.37396
1.31925
1.26643
1.22316
1.19553
1.18481
1.187
1.19636
1.20982
1.2278
1.25257
1.2862
1.32898
1.37843
1.42873
1.47229
1.50273
1.51728
1.51763
1.5082
1.49285
1.47283
1.44746
1.41649
1.38231
1.35024
1.32647
1.31456
1.31398
1.32245
1.33824
1.36003
1.38616
1.41386
1.43929
1.45806
1.46718
1.46666
1.45931
1.44876
1.43733
1.42571
1.41371
1.40118
1.38864
1.37764
1.37038
1.36837
1.37127
1.37713
1.38363
1.3891
1.3925
1.39309
1.3906
1.38567
1.38015
1.37634
1.37596
1.37882
1.38238
1.38304
1.37833
1.36839
1.35578
1.34442
1.33847
1.34037
1.34876
1.35916
1.36715
1.37075
1.37066
1.3693
1.36954
1.37354
1.38158
1.39207
1.40222
1.40944
1.41223
1.41036
1.40433
1.39502
1.38388
1.37274
1.3637
1.35926
1.36258
1.37701
1.40435
1.44215
1.48291
1.51677
1.53582
1.53679
1.5211
1.49313
1.45848
1.42246
1.38923
1.36099
1.3378
1.31794
1.29926
1.28048
1.26165
1.2442
1.23089
1.22569
1.23279
1.25403
1.2867
1.3252
1.36409
1.39912
1.42705
1.44585
1.45473
1.45371
1.44383
1.42748
1.40898
1.394
1.38742
1.39133
1.40412
1.42125
1.43727
1.44802
1.45266
1.45528
1.4622
1.47569
1.491
1.50098
1.50094
1.49011
1.47078
1.44669
1.42161
1.39837
1.37905
1.36624
1.3629
1.36984
1.38309
1.39491
1.39831
1.39076
1.37482
1.35644
1.34235
1.3383
1.34745
1.36842
1.39516
1.41972
1.43631
1.44323
1.44176
1.43457
1.425
1.41696
1.41422
1.41884
1.42959
1.44175
1.44921
1.44752
1.43548
1.415
1.38974
1.36424
1.3434
1.33176
1.33174
1.34179
1.35706
1.37193
1.38322
1.39133
1.39827
1.40398
1.40597
1.40261
1.39591
1.39026
1.38916
1.39316
1.39961
1.40323
1.39795
1.38141
1.3597
1.34457
1.34184
1.34807
1.36002
1.3781
1.40132
1.42539
1.44576
1.45997
1.4679
1.47082
1.47019
1.46675
1.4614
1.45659
1.45508
1.45723
1.45948
1.45592
1.44219
1.41813
1.38766
1.35664
1.33036
1.31215
1.30325
1.30358
1.31221
1.32728
1.34587
1.36464
1.38087
1.39344
1.4027
1.40915
1.41212
1.41003
1.40255
1.39163
1.38046
1.37158
1.36632
1.36533
1.36903
1.37747
1.38981
1.40383
1.4163
1.42421
1.42604
1.42266
1.41667
1.41032
1.40422
1.39735
1.38805
1.37512
1.35845
1.33922
1.31941
1.30153
1.28904
1.28608
1.2955
1.31622
1.34287
1.36839
1.38764
1.39923
1.40493
1.40792
1.41079
1.41463
1.41907
1.42263
1.42378
1.422
1.41846
1.41567
1.41593
1.42015
1.42827
1.44016
1.45617
1.47639
1.4995
1.52289
1.54358
1.55927
1.56836
1.5692
1.55982
1.53903
1.50828
1.4727
1.44031
1.41884
1.4115
1.41492
1.42117
1.42232
1.41372
1.39464
1.36705
1.33468
1.30286
1.27795
1.26575
1.26958
1.28923
1.32131
1.36029
1.39953
1.43262
1.45499
1.46523
1.46503
1.45759
1.44633
1.43377
1.42144
1.40991
1.39936
1.38989
1.38144
1.37354
1.36542
1.35676
1.34819
1.34047
1.33369
1.32721
1.32007
1.31143
1.30093
1.28891
1.27651
1.26519
1.25625
1.2508
1.2498
1.25463
1.26631
1.28412
1.30514
1.32565
1.34352
1.35877
1.37245
1.38484
1.39474
1.40053
1.40247
1.40364
1.40851
1.41977
1.43616
1.45364
1.46799
1.47693
1.47981
1.47672
1.46759
1.45223
1.4308
1.40479
1.37706
1.35078
1.32806
1.30978
1.29677
1.29036
1.29172
1.30087
1.31653
1.33666
1.35901
1.38183
1.40394
1.42394
1.43967
1.44852
1.4489
1.44168
1.43034
1.41951
1.41238
1.40871
1.4053
1.39816
1.38513
1.36678
1.34575
1.32503
1.30672
1.29159
1.27979
1.27155
1.26843
1.27327
1.28848
1.31316
1.34229
1.36933
1.38917
1.39944
1.40109
1.39849
1.39811
1.40443
1.41586
1.42524
1.42522
1.41394
1.39625
1.3784
1.36178
1.34372
1.32358
1.30558
1.29647
1.30086
1.31877
1.34699
1.38109
1.41571
1.44451
1.4616
1.46356
1.4508
1.42763
1.40124
1.37962
1.36855
1.36977
1.38082
1.397
1.4134
1.42638
1.43501
1.44118
1.4471
1.45226
1.45343
1.44735
1.43291
1.41151
1.38692
1.36435
1.34841
1.34126
1.34247
1.35023
1.36219
1.37541
1.38641
1.39257
1.39386
1.39298
1.3937
1.39871
1.40816
1.42009
1.43175
1.44064
1.44495
1.44369
1.43724
1.42794
1.41986
1.41697
1.42011
1.42594
1.42957
1.4282
1.42246
1.414
1.40253
1.38532
1.35959
1.32495
1.28444
1.24393
1.2104
1.19003
1.18645
1.19991
1.22748
1.2642
1.3042
1.34208
1.37366
1.3966
1.41033
1.41585
1.415
1.40996
1.40294
1.39587
1.39044
1.38798
1.3893
1.39429
1.4017
1.40892
1.41285
1.41104
1.40209
1.38573
1.36262
1.33466
1.30485
1.27692
1.25454
1.24071
1.23805
1.24931
1.27574
1.31453
1.35886
1.40135
1.43742
1.46619
1.48909
1.50803
1.52378
1.53531
1.54037
1.53687
1.52416
1.50332
1.47651
1.44653
1.41726
1.39356
1.37991
1.37853
1.38806
1.4035
1.4177
1.42445
1.42101
1.40876
1.39172
1.37374
1.35688
1.3418
1.32949
1.32237
1.32359
1.33484
1.35494
1.38052
1.4076
1.43192
1.44901
1.45507
1.44827
1.42955
1.40264
1.3731
1.3474
1.33196
1.33087
1.34199
1.35698
1.3683
1.3747
1.38027
1.38951
1.4038
1.4213
1.43799
1.44901
1.45063
1.44225
1.4261
1.40527
1.3824
1.35962
1.33902
1.32272
1.31293
1.31138
1.31822
1.33134
1.34684
1.36069
1.37125
1.38062
1.39259
1.40873
1.42667
1.44192
1.45071
1.45127
1.44383
1.42992
1.41149
1.39064
1.37057
1.35636
1.35366
1.36585
1.3917
1.42614
1.46273
1.49604
1.52221
1.53904
1.54526
1.54001
1.52359
1.49884
1.47143
1.44795
1.43224
1.42307
1.41495
1.4015
1.37873
1.34686
1.31019
1.27579
1.25172
1.24485
1.25842
1.28982
1.33068
1.37061
1.40205
1.42213
1.43159
1.43319
1.43013
1.42486
1.41844
1.41063
1.40077
1.38875
1.37561
1.36379
1.35614
1.35469
1.35932
1.36806
1.378
1.38626
1.39083
1.39148
1.39026
1.39028
1.39386
1.40108
1.41005
1.41855
1.42548
1.43044
1.43243
1.4297
1.42104
1.40746
1.39261
1.38158
1.37832
1.38376
1.39534
1.40821
1.4179
1.42235
1.42254
1.42115
1.42041
1.42038
1.41939
1.41621
1.41134
1.40609
1.401
1.396
1.39234
1.39291
1.39875
1.40701
1.41372
1.41716
1.41772
1.41533
1.40867
1.39708
1.38282
1.37115
1.36829
1.37827
1.40051
1.4289
1.45347
1.46436
1.45598
1.42938
1.39219
1.35545
1.32868
1.31576
1.31476
1.32104
1.33049
1.34054
1.34992
1.35833
1.36647
1.37585
1.38792
1.40332
1.42143
1.44122
1.46241
1.48486
1.50644
1.52215
1.52622
1.51628
1.49573
1.47178
1.4502
1.43207
1.41555
1.39951
1.385
1.37464
1.37143
1.37743
1.39266
1.41462
1.43896
1.46114
1.47819
1.48854
1.49114
1.48529
1.47131
1.45076
1.42632
1.40157
1.38043
1.36589
1.35869
1.35741
1.35986
1.36438
1.36952
1.37352
1.37435
1.37025
1.36042
1.3453
1.32652
1.3069
1.29026
1.28095
1.28256
1.2965
1.32129
1.35341
1.3886
1.42278
1.45235
1.4744
1.48715
1.49017
1.48456
1.47327
1.46087
1.45258
1.45217
1.4598
1.47171
1.4825
1.48796
1.48643
1.47835
1.46451
1.44498
1.41949
1.3891
1.35709
1.32844
1.30735
1.29509
1.29057
1.29304
1.30394
1.32476
1.3535
1.38483
1.41282
1.43295
1.44242
1.43937
1.42222
1.39071
1.34739
1.29786
1.24947
1.20942
1.1828
1.17147
1.1747
1.19073
1.21711
1.25051
1.28722
1.32406
1.35841
1.38813
1.41248
1.4327
1.4516
1.47179
1.49399
1.51665
1.53712
1.55281
1.56151
1.56129
1.5504
1.52815
1.49587
1.4575
1.41901
1.38705
1.367
1.36084
1.36624
1.3776
1.38865
1.39485
1.3943
1.38842
1.38214
1.38216
1.3928
1.41341
1.43971
1.46664
1.48939
1.50289
1.50266
1.48638
1.45584
1.41713
1.3791
1.3505
1.33729
1.34076
1.35724
1.37927
1.39803
1.40595
1.39938
1.38041
1.35578
1.33239
1.31326
1.29838
1.28882
1.28822
1.29997
1.32362
1.35421
1.38431
1.40731
1.4199
1.42256
1.41794
1.40858
1.39589
1.38058
1.36432
1.35073
1.34513
1.35249
1.37405
1.40568
1.43955
1.46751
1.48328
1.48315
1.46593
1.43319
1.38907
1.33972
1.292
1.25201
1.22409
1.21026
1.21148
1.22895
1.26365
1.31378
1.37321
1.43276
1.48302
1.51683
1.53058
1.52441
1.50189
1.46914
1.43346
1.4018
1.37918
1.36753
1.36526
1.3678
1.36942
1.36578
1.35583
1.342
1.32949
1.32467
1.33232
1.3525
1.38008
1.40741
1.42801
1.43927
1.4434
1.44629
1.45424
1.46999
1.49159
1.51498
1.53663
1.55459
1.56786
1.57585
1.57793
1.57314
1.56038
1.53892
1.50923
1.47301
1.43293
1.39138
1.3496
1.30861
1.2725
1.25058
1.2521
1.27586
1.30998
1.34212
1.36589
1.37992
1.38524
1.38392
1.37858
1.3716
1.36424
1.3562
1.34588
1.33158
1.31315
1.29277
1.27385
1.25933
1.2509
1.24977
1.257
1.27286
1.29625
1.32558
1.3596
1.39691
1.43471
1.46854
1.49371
1.50643
1.50449
1.48763
1.4584
1.42249
1.38834
1.36445
1.35517
1.35796
1.3654
1.3705
1.36995
1.36331
1.35103
1.33453
1.31812
1.30901
1.31447
1.33751
1.37521
1.42078
1.46684
1.50746
1.53847
1.55708
1.56159
1.55146
1.52784
1.49472
1.46011
1.43488
1.42766
1.43832
1.45847
1.47803
1.49023
1.49227
1.48459
1.46979
1.45156
1.43321
1.41621
1.40003
1.3826
1.36165
1.33633
1.30855
1.28264
1.26347
1.25416
1.25482
1.26292
1.27475
1.28722
1.29869
1.30847
1.31581
1.32085
1.32618
1.33584
1.35228
1.37463
1.39945
1.4224
1.43942
1.44749
1.44539
1.43432
1.41762
1.39967
1.38451
1.37483
1.37137
1.37318
1.37836
1.38507
1.39193
1.39793
1.40215
1.40366
1.40182
1.39636
1.38735
1.37489
1.35926
1.34104
1.32184
1.30486
1.29463
1.29517
1.3074
1.32824
1.35238
1.37516
1.39404
1.40831
1.41802
1.42321
1.42365
1.41938
1.41167
1.40341
1.39836
1.39944
1.40676
1.41768
1.42847
1.43611
1.43887
1.43608
1.42798
1.41604
1.40277
1.39012
1.37885
1.36919
1.36165
1.35707
1.35576
1.35671
1.35776
1.35699
1.35408
1.35079
1.34951
1.35102
1.35383
1.35523
1.3532
1.34769
1.34122
1.33769
1.34051
1.35135
1.37019
1.3961
1.42732
1.4607
1.49127
1.51336
1.52311
1.51999
1.50662
1.48679
1.4635
1.43817
1.41133
1.38372
1.35701
1.33409
1.318
1.31029
1.31054
1.31726
1.32891
1.34398
1.36096
1.37896
1.39782
1.41723
1.43632
1.45465
1.47264
1.49068
1.50797
1.52211
1.53038
1.53122
1.52513
1.51428
1.50094
1.48614
1.4694
1.44973
1.4267
1.40076
1.37282
1.34354
1.31359
1.28489
1.26092
1.24532
1.24021
1.24595
1.26222
1.28884
1.32478
1.36673
1.40954
1.44856
1.48121
1.50645
1.52322
1.52999
1.52557
1.51071
1.48852
1.46381
1.44119
1.42327
1.4098
1.39825
1.38564
1.37087
1.35623
1.34703
1.34866
1.36269
1.38484
1.40631
1.41748
1.41186
1.38849
1.35252
1.31318
1.27939
1.25596
1.24388
1.24331
1.25588
1.28426
1.32838
1.38218
1.43513
1.47758
1.50472
1.51657
1.51569
1.50502
1.48718
1.46465
1.43994
1.41535
1.39265
1.37351
1.36046
1.35644
1.36216
1.37388
1.38471
1.38768
1.37828
1.35621
1.32595
1.29548
1.27376
1.26769
1.27969
1.30706
1.34328
1.38044
1.41155
1.43181
1.43882
1.43254
1.41556
1.39294
1.37146
1.3573
1.35366
1.35938
1.3702
1.38136
1.38968
1.39446
1.39674
1.39775
1.39757
1.39522
1.38982
1.3819
1.37351
1.36787
1.3684
1.37765
1.39552
1.41824
1.43997
1.45578
1.46459
1.46915
1.4733
1.47826
1.48268
1.48558
1.48717
1.48711
1.48394
1.4762
1.46345
1.44625
1.42592
1.40454
1.38504
1.37019
1.36127
1.35748
1.35742
1.36024
1.36515
1.37013
1.37179
1.3672
1.35638
1.34322
1.33368
1.33268
1.34192
1.35968
1.38225
1.40548
1.4254
1.43832
1.44112
1.43215
1.4126
1.38724
1.36381
1.351
1.35506
1.3764
1.40902
1.44341
1.47047
1.48391
1.48073
1.46121
1.42916
1.39159
1.35624
1.32747
1.30449
1.28401
1.26452
1.24869
1.24278
1.25304
1.28141
1.32441
1.37493
1.42455
1.46546
1.49189
1.50127
1.49511
1.47885
1.46056
1.44842
1.44704
1.45535
1.46806
1.47919
1.48456
1.48198
1.47034
1.44917
1.41904
1.38314
1.34767
1.31995
1.3049
1.3032
1.31274
1.33103
1.35604
1.38477
1.41251
1.43436
1.44798
1.45439
1.45665
1.45719
1.45539
1.44772
1.4296
1.39889
1.35833
1.31583
1.28171
1.26392
1.26495
1.28263
1.31214
1.3468
1.37825
1.39835
1.40204
1.38897
1.36335
1.33184
1.30115
1.27592
1.25771
1.24608
1.24054
1.24152
1.24992
1.26572
1.28739
1.31269
1.3394
1.36554
1.38916
1.40849
1.42242
1.43062
1.43376
1.43364
1.43268
1.4333
1.43668
1.44231
1.448
1.45067
1.4482
1.44129
1.43386
1.43074
1.43332
1.4366
1.43202
1.4141
1.38512
1.35342
1.32716
1.30895
1.29693
1.28978
1.28906
1.29715
1.31467
1.33982
1.36927
1.39971
1.42859
1.45429
1.47574
1.49245
1.50462
1.51267
1.51588
1.51211
1.49932
1.47789
1.45131
1.42483
1.40345
1.39125
1.39122
1.40428
1.42735
1.45324
1.47351
1.48241
1.47899
1.46573
1.44612
1.42273
1.39724
1.37137
1.34787
1.32992
1.31915
1.31469
1.31473
1.31895
1.32893
1.34692
1.37281
1.40221
1.42875
1.44856
1.46182
1.47072
1.47657
1.47845
1.4744
1.46364
1.44794
1.43194
1.42219
1.4248
1.44159
1.4673
1.49191
1.50688
1.50914
1.50034
1.48406
1.46345
1.44037
1.41595
1.39104
1.36613
1.34137
1.31757
1.29714
1.28346
1.27903
1.28317
1.29142
1.29734
1.29616
1.28774
1.27716
1.2717
1.27588
1.2887
1.30595
1.32372
1.3395
1.35115
1.35631
1.35323
1.34226
1.32641
1.31
1.29686
1.28982
1.29086
1.30094
1.32049
1.3498
1.38819
1.43219
1.47605
1.51441
1.54422
1.56426
1.5739
1.57255
1.56019
1.53841
1.51124
1.4845
1.46384
1.4528
1.45167
1.45759
1.46577
1.47111
1.47016
1.46207
1.44806
1.42967
1.40753
1.38142
1.35193
1.32208
1.29725
1.28293
1.2813
1.29008
1.30449
1.31999
1.33326
1.34303
1.35022
1.35694
1.36375
1.36838
1.36748
1.35938
1.34524
1.32931
1.31841
1.3198
1.33764
1.37054
1.41257
1.45673
1.49724
1.53005
1.55332
1.56738
1.57371
1.57348
1.56656
1.55207
1.53022
1.50336
1.47554
1.45087
1.43162
1.41747
1.40652
1.39662
1.38598
1.37337
1.35867
1.34354
1.33139
1.32573
1.32815
1.33679
1.34713
1.35413
1.3546
1.34841
1.33853
1.32972
1.32671
1.33207
1.34488
1.36056
1.3725
1.37474
1.3648
1.34553
1.32474
1.31369
1.32359
1.35987
1.41754
1.48359
1.54401
1.58828
1.6103
1.6075
1.58051
1.53397
1.47728
1.42344
1.38421
1.36497
1.3644
1.37768
1.39826
1.41915
1.43497
1.44314
1.44329
1.43654
1.42535
1.41352
1.40525
1.40329
1.40783
1.41664
1.42594
1.43183
1.43232
1.42905
1.42667
1.42824
1.43078
1.42672
1.40995
1.37933
1.33851
1.29444
1.25566
1.23039
1.2237
1.23571
1.26237
1.29775
1.33548
1.37
1.39785
1.41798
1.43079
1.43673
1.4356
1.42742
1.41368
1.39859
1.38855
1.38975
1.40493
1.43219
1.46634
1.50076
1.52914
1.54631
1.54867
1.53479
1.506
1.46666
1.4235
1.38354
1.35168
1.32975
1.31725
1.31279
1.31488
1.3222
1.33403
1.34999
1.36867
1.38685
1.4015
1.41215
1.41973
1.42427
1.42363
1.41477
1.39656
1.37221
1.34947
1.33797
1.34455
1.36919
1.40476
1.44096
1.4693
1.48603
1.49238
1.49274
1.49221
1.49422
1.49867
1.5023
1.50072
1.49071
1.47135
1.44398
1.41205
1.381
1.35712
1.34413
1.34114
1.34503
1.35388
1.36764
1.38682
1.4112
1.43878
1.46539
1.48508
1.4921
1.48288
1.45736
1.41922
1.37572
1.33657
1.31022
1.30001
1.30381
1.3169
1.33447
1.35238
1.36733
1.37756
1.38338
1.38666
1.3889
1.38976
1.38712
1.37901
1.36565
1.3501
1.33727
1.33137
1.33368
1.34199
1.35224
1.36067
1.36598
1.37072
1.37983
1.39706
1.42129
1.44668
1.46607
1.47409
1.46803
1.44718
1.41233
1.36588
1.31274
1.26159
1.22488
1.21553
1.23972
1.29223
1.35945
1.42667
1.48291
1.52215
1.54261
1.54557
1.53419
1.51285
1.48647
1.45963
1.43541
1.41451
1.39589
1.37829
1.3617
1.34779
1.33944
1.33987
1.35127
1.37372
1.40449
1.43831
1.46853
1.48931
1.49799
1.49596
1.48767
1.4785
1.47207
1.46854
1.46494
1.45771
1.44584
1.43246
1.42329
1.42274
1.43059
1.44234
1.45229
1.45631
1.45233
1.43918
1.41565
1.38087
1.33592
1.28577
1.23943
1.20726
1.19554
1.20256
1.22
1.23885
1.25419
1.26594
1.27652
1.28882
1.30576
1.33002
1.36202
1.39865
1.43483
1.46673
1.49332
1.51506
1.53196
1.54308
1.54766
1.54641
1.54128
1.53398
1.52512
1.51437
1.50105
1.48444
1.46401
1.43972
1.41323
1.38793
1.36794
1.35572
1.35055
1.3493
1.34897
1.34828
1.34745
1.34681
1.34612
1.34479
1.34268
1.34068
1.34091
1.34548
1.35442
1.36493
1.37365
1.38024
1.38885
1.40542
1.43249
1.4662
1.4985
1.52158
1.53053
1.52343
1.50133
1.46862
1.43237
1.39976
1.37554
1.36141
1.35691
1.36042
1.36955
1.38134
1.39347
1.40576
1.4202
1.43784
1.45497
1.46425
1.45938
1.43793
1.40091
1.3517
1.29603
1.24252
1.20079
1.17788
1.17603
1.19308
1.22394
1.2626
1.30359
1.3424
1.37512
1.3984
1.41027
1.411
1.40315
1.39095
1.37936
1.37289
1.37426
1.38443
1.40337
1.43069
1.46469
1.50114
1.53376
1.55614
1.56394
1.5561
1.53495
1.50555
1.47438
1.44825
1.43313
1.43245
1.44582
1.46922
1.49662
1.52219
1.54156
1.55173
1.55029
1.53498
1.50389
1.45707
1.39812
1.33444
1.27401
1.22106
1.17609
1.14135
1.12291
1.12372
1.13968
1.16545
1.19775
1.23362
1.26931
1.30139
1.32813
1.3495
1.36689
1.38254
1.39911
1.41825
1.43876
1.45646
1.46587
1.46288
1.44705
1.42295
1.39915
1.3838
1.37933
1.38214
1.38697
1.39039
1.39102
1.38842
1.38267
1.37486
1.36732
1.36175
1.35718
1.35155
1.34563
1.34393
1.35029
1.36366
1.38036
1.39847
1.41919
1.44461
1.47379
1.50161
1.52175
1.53002
1.52546
1.51004
1.48793
1.46491
1.447
1.43801
1.43733
1.44057
1.44243
1.43922
1.42977
1.41548
1.39979
1.38668
1.37895
1.37731
1.38156
1.39215
1.40923
1.43009
1.44892
1.45959
1.45877
1.4471
1.42832
1.40658
1.38426
1.36293
1.34569
1.33557
1.33226
1.33239
1.33304
1.33307
1.33217
1.32986
1.326
1.32202
1.32096
1.32553
1.33573
1.34807
1.35675
1.35661
1.34605
1.32874
1.31244
1.3051
1.31051
1.32735
1.35148
1.37808
1.40195
1.41743
1.41961
1.40667
1.3816
1.35217
1.3296
1.32553
1.34601
1.38649
1.43497
1.47931
1.51155
1.52795
1.52843
1.51584
1.49528
1.47259
1.45331
1.44147
1.438
1.43959
1.44052
1.43668
1.42888
1.42198
1.42073
1.4259
1.43454
1.44264
1.44723
1.44687
1.4415
1.43212
1.42067
1.4093
1.39953
1.3921
1.38712
1.3843
1.38333
1.38416
1.38682
1.39087
1.39449
1.3946
1.38853
1.37563
1.35757
1.33793
1.32171
1.31457
1.32041
1.33844
1.36311
1.38737
1.40544
1.41378
1.41086
1.3971
1.37461
1.34673
1.31798
1.29412
1.28144
1.28496
1.30585
1.34035
1.3812
1.42047
1.45224
1.47356
1.48445
1.4871
1.48517
1.48251
1.48153
1.48204
1.48116
1.47514
1.46171
1.44154
1.41838
1.39743
1.38288
1.37625
1.37657
1.38161
1.38873
1.39457
1.3957
1.39003
1.3781
1.3629
1.34902
1.34162
1.34487
1.36026
1.38541
1.41448
1.44019
1.45649
1.46062
1.45339
1.43849
1.42074
1.40441
1.39136
1.38053
1.36906
1.35484
1.33828
1.32215
1.30975
1.30354
1.30471
1.31329
1.32817
1.34712
1.36774
1.38848
1.40883
1.42831
1.44517
1.45625
1.45809
1.44826
1.42699
1.3978
1.36754
1.34452
1.33492
1.3397
1.35436
1.37188
1.38651
1.39583
1.40056
1.40297
1.40525
1.40829
1.41204
1.41657
1.42262
1.43145
1.44343
1.45657
1.46624
1.46693
1.45489
1.4298
1.3946
1.35428
1.31453
1.28065
1.25662
1.24428
1.24231
1.24675
1.25327
1.25996
1.2681
1.28047
1.29891
1.32311
1.3511
1.38022
1.40769
1.43113
1.44979
1.46516
1.48012
1.49649
1.51304
1.52573
1.52989
1.52274
1.50474
1.47927
1.45177
1.42867
1.41564
1.41546
1.42661
1.44397
1.4614
1.47407
1.47943
1.47712
1.46851
1.4561
1.44219
1.42785
1.41232
1.39363
1.36989
1.3408
1.30838
1.27665
1.25044
1.23361
1.22815
1.23382
1.24869
1.26986
1.29448
1.32001
1.34399
1.36365
1.37604
1.37943
1.37525
1.36838
1.36461
1.36689
1.37481
1.3869
1.40183
1.41741
1.42974
1.43498
1.43194
1.42281
1.41117
1.39957
1.38895
1.37984
1.37327
1.36997
1.3677
1.36072
1.34446
1.32141
1.30181
1.29697
1.31086
1.33877
1.37351
1.4113
1.45173
1.49337
1.5313
1.55925
1.57318
1.57313
1.56162
1.54096
1.512
1.47596
1.43638
1.39941
1.37204
1.35973
1.36458
1.38493
1.41591
1.45081
1.48287
1.50661
1.51901
1.51934
1.50866
1.48945
1.46535
1.44046
1.41791
1.39874
1.38215
1.36641
1.34976
1.33174
1.31417
1.30049
1.2937
1.29454
1.30034
1.30598
1.30629
1.2985
1.28363
1.26631
1.25196
1.24357
1.24131
1.24491
1.25489
1.2716
1.29409
1.3202
1.34776
1.37543
1.4022
1.42665
1.44755
1.46468
1.47911
1.49263
1.5072
1.52372
1.54114
1.55649
1.56662
1.56979
1.56583
1.55525
1.53825
1.51491
1.4862
1.45442
1.42235
1.39196
1.36453
1.34239
1.32951
1.32933
1.34152
1.36135
1.38235
1.39955
1.41091
1.41612
1.41523
1.40859
1.39751
1.38463
1.3733
1.36615
1.36379
1.36469
1.36609
1.36526
1.36064
1.35213
1.34088
1.32933
1.32123
1.32144
1.33376
1.35836
1.39131
1.42586
1.45478
1.47258
1.47712
1.46971
1.45444
1.43764
1.42632
1.42406
1.42698
1.42616
1.41504
1.39458
1.37286
1.36025
1.36294
1.38021
1.40671
1.43636
1.46462
1.48893
1.50709
1.51589
1.51113
1.49001
1.45355
1.40804
1.36347
1.32909
1.30886
1.30066
1.29969
1.30208
1.30622
1.31222
1.32079
1.33225
1.34631
1.36192
1.37681
1.38752
1.38991
1.3808
1.35957
1.32947
1.29744
1.2725
1.26266
1.27141
1.29593
1.32882
1.36175
1.38802
1.40383
1.40899
1.40712
1.40458
1.40697
1.41534
1.42631
1.43599
1.44305
1.44875
1.4549
1.46232
1.47056
1.47898
1.48761
1.49645
1.5047
1.51112
1.51487
1.51556
1.51224
1.50315
1.48712
1.46535
1.44097
1.41624
1.39103
1.36433
1.33647
1.30923
1.28501
1.2661
1.25448
1.25124
1.25646
1.26962
1.28986
1.31582
1.34494
1.37335
1.39642
1.41024
1.413
1.40606
1.39335
1.37942
1.36759
1.3587
1.35173
1.34525
1.33904
1.3352
1.33728
1.34786
1.36601
1.38688
1.40402
1.41302
1.41364
1.40904
1.4028
1.39725
1.39389
1.39459
1.40172
1.41671
1.43769
1.45951
1.47655
1.48516
1.4841
1.4739
1.45621
1.43351
1.40867
1.38449
1.36341
1.34689
1.33459
1.32431
1.3132
1.30009
1.28708
1.27942
1.28306
1.30088
1.33072
1.36647
1.40121
1.4296
1.44854
1.45619
1.45085
1.43175
1.40211
1.37021
1.34567
1.33416
1.3358
1.34698
1.36238
1.3758
1.38144
1.37645
1.36315
1.3495
1.34554
1.35791
1.38709
1.42852
1.47506
1.51893
1.55332
1.57347
1.57686
1.56306
1.53363
1.49201
1.44254
1.38973
1.33821
1.29343
1.26143
1.24721
1.25233
1.27406
1.30659
1.34287
1.37605
1.40018
1.41119
1.40953
1.40366
1.40735
1.4264
1.4512
1.46815
1.47074
1.45943
1.4382
1.41273
1.3905
1.37949
1.38519
1.40767
1.44195
1.48109
1.51899
1.551
1.57299
1.581
1.57207
1.5457
1.50493
1.45589
1.40623
1.36271
1.32925
1.30656
1.29299
1.28553
1.2806
1.27468
1.26564
1.25413
1.24366
1.23865
1.24149
1.25095
1.26326
1.27576
1.28991
1.31058
1.34194
1.38341
1.42929
1.47199
1.50569
1.52811
1.53959
1.54146
1.53499
1.52164
1.50433
1.48857
1.48102
1.48514
1.49757
1.51045
1.51605
1.50951
1.48976
1.45961
1.42423
1.38881
1.35693
1.33061
1.31136
1.3002
1.29642
1.29729
1.29979
1.30259
1.30687
1.31562
1.33126
1.35342
1.37841
1.4014
1.41899
1.42975
1.43292
1.42752
1.41307
1.39141
1.36681
1.34487
1.33063
1.32705
1.33389
1.34847
1.36757
1.38899
1.41153
1.43408
1.45529
1.47386
1.48882
1.49963
1.50626
1.5092
1.50885
1.50467
1.49464
1.47637
1.44906
1.41569
1.38363
1.36169
1.35423
1.35874
1.36898
1.37944
1.38725
1.39193
1.39434
1.39572
1.39663
1.39609
1.39178
1.38183
1.36645
1.34882
1.33433
1.32844
1.33396
1.34926
1.36882
1.38575
1.39496
1.39478
1.38682
1.375
1.36386
1.35759
1.3592
1.37002
1.38946
1.41504
1.44275
1.4677
1.48525
1.4921
1.48704
1.47037
1.44343
1.40857
1.3694
1.33017
1.29452
1.26558
1.24682
1.24148
1.25081
1.27334
1.30571
1.34304
1.37908
1.40746
1.42368
1.42653
1.41837
1.40399
1.38895
1.37812
1.37397
1.37569
1.37957
1.38213
1.38386
1.38963
1.40284
1.42045
1.43574
1.44476
1.44874
1.45168
1.45726
1.46676
1.47871
1.49007
1.49748
1.49807
1.49048
1.47536
1.4553
1.43359
1.41311
1.39595
1.38312
1.37431
1.36797
1.36258
1.35752
1.35256
1.34737
1.34284
1.34285
1.3535
1.37939
1.41936
1.46527
1.50556
1.53029
1.53408
1.51657
1.48175
1.43716
1.39206
1.35407
1.32633
1.30779
1.29641
1.29151
1.29331
1.30167
1.31531
1.33131
1.3458
1.35532
1.3583
1.35499
1.34603
1.33196
1.3147
1.2994
1.29406
1.30596
1.33716
1.38296
1.43356
1.47806
1.50844
1.52169
1.51931
1.50603
1.48822
1.47231
1.46315
1.46274
1.4699
1.48086
1.49054
1.49394
1.48796
1.47216
1.44854
1.42029
1.39048
1.36163
1.33658
1.31915
1.31265
1.31688
1.32744
1.3385
1.34591
1.3484
1.34735
1.34615
1.34831
1.35572
1.36822
1.38428
1.40139
1.41642
1.42631
1.42929
1.42561
1.41725
1.40684
1.39703
1.38974
1.38535
1.38288
1.38106
1.3799
1.38117
1.3874
1.39968
1.41582
1.4312
1.44144
1.4444
1.44009
1.42983
1.41532
1.39787
1.37766
1.35396
1.32627
1.29608
1.26734
1.24523
1.2342
1.23636
1.25135
1.2769
1.30878
1.34112
1.36798
1.38548
1.39315
1.3932
1.38892
1.38316
1.37795
1.37438
1.37255
1.37119
1.36825
1.36219
1.35367
1.34578
1.34272
1.34741
1.35973
1.37717
1.39667
1.41598
1.43395
1.44988
1.46335
1.47485
1.48617
1.49925
1.51421
1.52818
1.53586
1.53094
1.50843
1.46697
1.40964
1.34294
1.27523
1.21526
1.17048
1.14526
1.13967
1.15007
1.17168
1.20095
1.23556
1.27279
1.30834
1.3376
1.3585
1.37252
1.3822
1.3881
1.38825
1.38067
1.36594
1.34863
1.33673
1.33821
1.35642
1.38844
1.42738
1.4661
1.49917
1.52306
1.536
1.53819
1.53184
1.52042
1.5073
1.49422
1.48114
1.46779
1.45503
1.44445
1.43641
1.42981
1.42372
1.41857
1.41579
1.41729
1.4247
1.43882
1.45767
1.47527
1.48373
1.47786
1.45707
1.42423
1.38352
1.33942
1.2971
1.26332
1.24599
1.25072
1.27686
1.31728
1.36232
1.40355
1.43502
1.45284
1.45519
1.44291
1.42022
1.39356
1.36912
1.35081
1.34018
1.33697
1.33965
1.34593
1.35363
1.36146
1.36945
1.3789
1.39113
1.40579
1.42014
1.43016
1.43285
1.42714
1.41344
1.39316
1.36892
1.34559
1.32948
1.32539
1.33353
1.3498
1.36917
1.38883
1.40879
1.43014
1.45286
1.47487
1.49261
1.50254
1.50268
1.49346
1.47732
1.45758
1.43737
1.41945
1.40599
1.3977
1.39283
1.38774
1.37921
1.36669
1.35287
1.34225
1.33861
1.34301
1.35339
1.36575
1.37605
1.38198
1.38336
1.38164
1.37893
1.3777
1.38049
1.38885
1.40173
1.41544
1.42591
1.43081
1.42981
1.42359
1.41313
1.40001
1.38717
1.37867
1.3781
1.38714
1.40555
1.43115
1.45964
1.48537
1.50339
1.51166
1.51171
1.50708
1.50086
1.4942
1.48677
1.47822
1.46893
1.4593
1.44868
1.43521
1.41674
1.39218
1.36263
1.33171
1.305
1.28802
1.28347
1.28934
1.29984
1.30879
1.31326
1.31523
1.31957
1.32956
1.34436
1.36045
1.37489
1.38622
1.39369
1.39669
1.39506
1.38994
1.38423
1.38131
1.38213
1.38372
1.38169
1.37358
1.3604
1.34581
1.33455
1.3304
1.33494
1.34727
1.36482
1.38434
1.40244
1.41618
1.42331
1.42275
1.41449
1.3998
1.38125
1.36239
1.34696
1.33775
1.33578
1.34017
1.34926
1.36164
1.37603
1.39071
1.40381
1.41422
1.42195
1.42732
1.42998
1.42875
1.42245
1.4112
1.39847
1.39156
1.39771
1.41799
1.44674
1.47626
1.50026
1.51443
1.51687
1.50848
1.49271
1.47476
1.46047
1.45464
1.45878
1.47015
1.48317
1.49223
1.4941
1.4892
1.48092
1.47313
1.46694
1.45972
1.44705
1.42618
1.39806
1.36659
1.33657
1.3114
1.29215
1.27822
1.26907
1.26519
1.26705
1.27392
1.28446
1.29787
1.31396
1.33224
1.35137
1.36944
1.38425
1.39349
1.39491
1.38651
1.36716
1.33747
1.30063
1.26211
1.22866
1.20702
1.20245
1.21712
1.24903
1.29249
1.3401
1.38521
1.42321
1.45188
1.47089
1.48126
1.48422
1.48023
1.46934
1.45259
1.43292
1.41412
1.39963
1.39237
1.39484
1.40789
1.43013
1.4583
1.48752
1.51129
1.52272
1.51729
1.49512
1.46073
1.42087
1.38242
1.35128
1.33162
1.32559
1.33289
1.35083
1.37529
1.4018
1.42607
1.44403
1.45191
1.44684
1.42771
1.39602
1.35661
1.31759
1.2886
1.27785
1.28957
1.32293
1.37238
1.4294
1.48465
1.52978
1.55877
1.56881
1.56047
1.53694
1.50276
1.46283
1.42192
1.38472
1.3554
1.33659
1.3283
1.32784
1.33077
1.33241
1.32953
1.32136
1.30961
1.29776
1.29004
1.28973
1.29785
1.3127
1.33067
1.3484
1.36476
1.38133
1.40046
1.42213
1.44268
1.4571
1.46277
1.46051
1.45249
1.44046
1.4258
1.40995
1.39488
1.38288
1.37565
1.37384
1.3769
1.38307
1.38928
1.39212
1.38951
1.38199
1.37175
1.36072
1.34993
1.34064
1.33619
1.34165
1.35894
1.38349
1.40935
1.43569
1.4646
1.49403
1.51732
1.52917
1.52878
1.51828
1.50031
1.4767
1.44845
1.41658
1.38296
1.35053
1.32245
1.30077
1.28572
1.27681
1.27461
1.2811
1.29817
1.3249
1.35643
1.38669
1.41177
1.43068
1.44322
1.44867
1.44578
1.43421
1.41569
1.39428
1.37543
1.36412
1.36262
1.3696
1.38097
1.39198
1.39935
1.40224
1.402
1.40126
1.40335
1.41156
1.4276
1.4505
1.477
1.50343
1.52758
1.54887
1.56684
1.57893
1.57991
1.56447
1.53062
1.48152
1.42474
1.37046
1.32902
1.30791
1.309
1.32803
1.35744
1.39025
1.4219
1.45077
1.47716
1.50051
1.51793
1.52604
1.52318
1.50918
1.48427
1.45008
1.41175
1.37792
1.3573
1.35386
1.36508
1.38442
1.40522
1.42313
1.43637
1.44438
1.44592
1.43896
1.42273
1.39986
1.37617
1.35845
1.35125
1.35513
1.36727
1.38313
1.39822
1.40906
1.41336
1.40986
1.39786
1.3772
1.3484
1.31338
1.27622
1.24289
1.21911
1.20808
1.21027
1.22453
1.24887
1.28053
1.31553
1.34926
1.37794
1.39995
1.41588
1.4275
1.43583
1.43987
1.43779
1.42959
1.41828
1.40896
1.40622
1.4119
1.42487
1.44253
1.46204
1.48044
1.49459
1.50169
1.50019
1.49025
1.47408
1.45549
1.43863
1.42591
1.41628
1.4058
1.38999
1.36706
1.34012
1.31702
1.30648
1.31198
1.32972
1.35262
1.37469
1.39167
1.40012
1.39752
1.38364
1.36139
1.33642
1.31518
1.30267
1.3005
1.30634
1.3156
1.32394
1.32903
1.33082
1.33071
1.33028
1.33066
1.33273
1.33781
1.3482
1.36693
1.39694
1.43808
1.48411
1.52394
1.54831
1.5537
1.54195
1.51786
1.48647
1.45155
1.41591
1.38256
1.35598
1.34218
1.34507
1.36174
1.38411
1.40526
1.4223
1.43494
1.4434
1.44752
1.44777
1.44628
1.44585
1.4472
1.44863
1.44792
1.44447
1.43999
1.43735
1.43863
1.44385
1.45153
1.45973
1.46617
1.46802
1.46253
1.44803
1.4245
1.3938
1.35981
1.32794
1.30365
1.29055
1.28937
1.29769
1.31084
1.32326
1.33013
1.32892
1.32008
1.30658
1.29164
1.27684
1.26229
1.2486
1.23832
1.23546
1.24394
1.26542
1.29768
1.33524
1.37175
1.40284
1.42706
1.44475
1.45666
1.46341
1.46603
1.46598
1.46421
1.46047
1.45389
1.44427
1.43245
1.41962
1.4068
1.39484
1.3845
1.37591
1.36803
1.35898
1.34729
1.33306
1.31842
1.30689
1.30242
1.30821
1.32594
1.35521
1.39347
1.43655
1.47964
1.51847
1.55014
1.57307
1.58656
1.59017
1.58346
1.56619
1.53853
1.50155
1.45795
1.41272
1.37235
1.34264
1.3262
1.32147
1.32444
1.33134
1.34041
1.35157
1.36472
1.3786
1.39114
1.40048
1.40531
1.40466
1.39761
1.38404
1.36546
1.3457
1.33024
1.32356
1.32681
1.33787
1.35332
1.37043
1.38783
1.40511
1.42149
1.43492
1.44305
1.445
1.44145
1.43305
1.41892
1.397
1.36641
1.32959
1.29252
1.26244
1.24487
1.24178
1.25181
1.27175
1.29709
1.32203
1.34073
1.34972
1.34964
1.34535
1.34368
1.35028
1.36719
1.39227
1.4208
1.44814
1.47119
1.48862
1.50021
1.50647
1.50791
1.50383
1.49213
1.47139
1.44388
1.41701
1.40016
1.39839
1.40873
1.42344
1.43624
1.44514
1.45152
1.45753
1.46477
1.47387
1.48458
1.49497
1.50107
1.49744
1.47912
1.44449
1.39733
1.34674
1.30426
1.27951
1.2767
1.29317
1.32105
1.35118
1.37628
1.39203
1.39649
1.38929
1.37086
1.34239
1.30625
1.26622
1.22714
1.19472
1.17465
1.17122
1.18599
1.21744
1.26149
1.31248
1.36453
1.41279
1.45405
1.48666
1.50999
1.52398
1.5291
1.52692
1.52016
1.51184
1.50406
1.49794
1.49342
1.48873
1.48088
1.46813
1.45127
1.43234
1.41308
1.39494
1.37987
1.36961
1.36475
1.36387
1.36413
1.36328
1.36136
1.36026
1.36193
1.36668
1.37275
1.37743
1.3784
1.37465
1.36679
1.35641
1.34524
1.33443
1.32511
1.31933
1.31977
1.32818
1.34426
1.3658
1.38931
1.41042
1.42509
1.43122
1.43034
1.42779
1.43067
1.44374
1.46564
1.48969
1.50851
1.51753
1.51578
1.50497
1.48858
1.47077
1.45537
1.44489
1.43986
1.43849
1.43724
1.43263
1.42294
1.40905
1.39357
1.37896
1.36597
1.35346
1.33981
1.32495
1.31096
1.30102
1.29737
1.30088
1.31175
1.32939
1.35195
1.37684
1.40178
1.42535
1.44664
1.46422
1.47554
1.478
1.47107
1.45772
1.4431
1.43127
1.42329
1.41813
1.41475
1.41199
1.40815
1.40143
1.39126
1.37869
1.36559
1.35353
1.34323
1.33487
1.32869
1.32537
1.32631
1.33322
1.3472
1.36753
1.39118
1.41403
1.4322
1.44274
1.44434
1.43828
1.42846
1.42057
1.42071
1.43385
1.4608
1.49629
1.53048
1.55309
1.55685
1.53864
1.49923
1.44333
1.37924
1.31711
1.26623
1.23255
1.21865
1.22478
1.24828
1.28208
1.31848
1.35505
1.39422
1.43732
1.48136
1.52268
1.56011
1.59306
1.61831
1.63038
1.62465
1.60007
1.55995
1.51067
1.45955
1.41295
1.37541
1.34948
1.33569
1.33246
1.33628
1.34248
1.3467
1.34607
1.33964
1.32833
1.31455
1.30187
1.29476
1.29742
1.31174
1.33584
1.36429
1.39075
1.41092
1.42383
1.43097
1.43395
1.43303
1.42699
1.41432
1.39477
1.37064
1.34715
1.33121
1.32861
1.34111
1.36553
1.39595
1.42634
1.45154
1.46731
1.47083
1.46213
1.44481
1.42468
1.40681
1.39267
1.38
1.36578
1.3498
1.3352
1.32593
1.3241
1.32951
1.34077
1.3559
1.37236
1.38778
1.40159
1.41545
1.43129
1.4483
1.46249
1.46918
1.46571
1.45319
1.43642
1.42033
1.40621
1.39203
1.37572
1.35747
1.33931
1.32404
1.31452
1.31332
1.32218
1.34122
1.36851
1.40009
1.43073
1.45553
1.472
1.4808
1.48452
1.48528
1.48345
1.47819
1.46806
1.45155
1.42775
1.39727
1.36293
1.32957
1.30297
1.28811
1.2875
1.29988
1.31973
1.3389
1.35105
1.35676
1.3655
1.38873
1.42607
1.46442
1.49104
1.50158
1.49917
1.49083
1.48292
1.47701
1.46893
1.45308
1.42907
1.40633
1.39874
1.40896
1.4241
1.43004
1.42121
1.39948
1.37109
1.34383
1.3236
1.31239
1.30992
1.31673
1.33423
1.36167
1.39403
1.42397
1.44584
1.45738
1.45901
1.45225
1.43876
1.42022
1.39886
1.37776
1.36072
1.35152
1.35304
1.36655
1.39112
1.42335
1.45796
1.48952
1.51447
1.53187
1.54193
1.54415
1.53655
1.51721
1.48613
1.44655
1.40462
1.36718
1.33822
1.31749
1.30235
1.29145
1.28671
1.29177
1.30836
1.33452
1.36618
1.39972
1.43339
1.46668
1.49775
1.52218
1.53422
1.52936
1.50579
1.46431
1.40817
1.34374
1.2814
1.23341
1.20908
1.21052
1.23315
1.26908
1.31056
1.35133
1.38605
1.41001
1.42014
1.41618
1.40119
1.38116
1.36368
1.35573
1.36079
1.37764
1.40164
1.42736
1.45071
1.46992
1.4851
1.4969
1.50526
1.50931
1.50843
1.50282
1.49308
1.47925
1.46117
1.43953
1.41666
1.39672
1.3854
1.38733
1.40256
1.426
1.44976
1.46585
1.4681
1.45384
1.42452
1.38554
1.34524
1.31318
1.29724
1.30071
1.32116
1.35165
1.38432
1.41381
1.43867
1.45951
1.47605
1.4861
1.48663
1.47588
1.45522
1.42991
1.40681
1.3904
1.38061
1.37397
1.36638
1.35544
1.341
1.32461
1.30837
1.29427
1.28411
1.27932
1.28018
1.28575
1.29487
1.30745
1.32401
1.3444
1.3672
1.39077
1.41451
1.43875
1.46368
1.48792
1.50835
1.52104
1.52323
1.51479
1.49872
1.47949
1.46105
1.44572
1.43418
1.42581
1.41894
1.41103
1.39946
1.38321
1.36393
1.3449
1.32832
1.31421
1.30203
1.29262
1.28856
1.29287
1.30704
1.33008
1.35885
1.38952
1.41869
1.44338
1.46085
1.46914
1.46792
1.45892
1.44491
1.42862
1.41235
1.39831
1.38974
1.39014
1.40091
1.41963
1.44116
1.4608
1.4753
1.482
1.47758
1.45887
1.42484
1.37851
1.32762
1.28253
1.25182
1.23904
1.2431
1.26044
1.2867
1.317
1.34667
1.37246
1.39273
1.40683
1.41438
1.41534
1.41036
1.40134
1.39177
1.38611
1.38824
1.40006
1.42107
1.44858
1.47823
1.50504
1.52453
1.5336
1.53127
1.51836
1.49629
1.46655
1.43135
1.39462
1.36151
1.33601
1.31852
1.30666
1.29865
1.29593
1.30226
1.32026
1.34878
1.38231
1.41337
1.43553
1.44589
1.44556
1.43865
1.43106
1.42818
1.43248
1.4425
1.45392
1.46213
1.46506
1.46415
1.46149
1.45589
1.44407
1.42581
1.40591
1.39146
1.38778
1.39588
1.41254
1.43247
1.45109
1.46603
1.47637
1.48135
1.47949
1.46892
1.4482
1.41704
1.37699
1.33305
1.29429
1.27185
1.2734
1.29829
1.33826
1.383
1.42479
1.45964
1.48623
1.50489
1.5169
1.52287
1.52141
1.50961
1.48527
1.44838
1.40097
1.34638
1.28949
1.23734
1.19806
1.17729
1.17518
1.18692
1.20606
1.228
1.25127
1.2764
1.30395
1.33393
1.36638
1.4018
1.44005
1.47926
1.51585
1.54607
1.56734
1.57893
1.58179
1.5776
1.56771
1.55301
1.53411
1.512
1.48825
1.46484
1.44328
1.42393
1.40559
1.3861
1.3639
1.33922
1.31402
1.29104
1.27277
1.26062
1.2546
1.25365
1.25712
1.26674
1.28694
1.32087
1.36431
1.4055
1.43289
1.44173
1.43421
1.41608
1.39412
1.3754
1.36677
1.37249
1.39158
1.41754
1.44197
1.45901
1.46696
1.46665
1.45867
1.44277
1.41927
1.39058
1.36165
1.33879
1.32746
1.32983
1.34399
1.36539
1.38906
1.41076
1.42711
1.43495
1.43163
1.41566
1.38766
1.35144
1.31586
1.29343
1.29161
1.30438
1.3182
1.32366
1.31976
1.31176
1.30778
1.31558
1.33964
1.37916
1.42772
1.47535
1.51237
1.53348
1.53963
1.53663
1.53126
1.52752
1.52536
1.52249
1.51722
1.5095
1.50049
1.49139
1.48224
1.4714
1.45593
1.43329
1.40344
1.37054
1.34258
1.32823
1.33205
1.35129
1.37726
1.39969
1.41087
1.40741
1.39052
1.36553
1.34021
1.3216
1.31336
1.31551
1.32583
1.34134
1.35926
1.3773
1.39386
1.40806
1.41937
1.42756
1.43254
1.43458
1.43428
1.43295
1.43196
1.43206
1.43341
1.43609
1.43981
1.44317
1.44364
1.43886
1.42834
1.41393
1.39902
1.38757
1.38315
1.38805
1.4025
1.42406
1.44797
1.46867
1.48206
1.48675
1.48369
1.47499
1.46261
1.44778
1.43105
1.41282
1.3939
1.37547
1.35893
1.34591
1.3383
1.33728
1.34142
1.34619
1.34635
1.33951
1.32744
1.31444
1.30443
1.2991
1.2978
1.29905
1.30233
1.3089
1.32061
1.33813
1.35953
1.38071
1.39793
1.40996
1.41825
1.42441
1.42795
1.42638
1.41715
1.39989
1.37739
1.35494
1.33795
1.32952
1.32943
1.33525
1.34438
1.35512
1.36705
1.3805
1.39587
1.41281
1.42992
1.44502
1.45585
1.46091
1.46022
1.45553
1.44933
1.4433
1.43725
1.42944
1.41807
1.40281
1.38594
1.37224
1.36679
1.37177
1.38555
1.40427
1.42368
1.44017
1.45126
1.45631
1.45685
1.45565
1.4547
1.45374
1.4501
1.44011
1.42092
1.39196
1.3559
1.31889
1.28918
1.27385
1.27524
1.29046
1.31405
1.34112
1.3686
1.39471
1.4179
1.43622
1.44706
1.44764
1.43595
1.41216
1.37926
1.343
1.3103
1.28664
1.27373
1.26917
1.26884
1.27029
1.27415
1.28297
1.29925
1.32396
1.35561
1.3905
1.42367
1.45016
1.46625
1.47036
1.46355
1.44986
1.43582
1.42887
1.43483
1.45487
1.48396
1.51327
1.53508
1.54596
1.54616
1.53741
1.52164
1.50088
1.47721
1.45261
1.4287
1.40589
1.3838
1.36255
1.34429
1.33316
1.33295
1.3441
1.36306
1.38442
1.4034
1.41688
1.42338
1.42286
1.41629
1.40517
1.39104
1.37528
1.35906
1.34361
1.33
1.31877
1.31058
1.30746
1.31155
1.32258
1.33742
1.35361
1.37218
1.39649
1.42718
1.45812
1.47892
1.4811
1.46237
1.42684
1.38336
1.34302
1.31622
1.30976
1.32455
1.35487
1.39075
1.4225
1.44543
1.46118
1.47459
1.48858
1.50191
1.51088
1.5121
1.50392
1.48658
1.46137
1.4296
1.39195
1.34911
1.30412
1.26429
1.23999
1.23888
1.26045
1.29575
1.33291
1.36287
1.3814
1.38823
1.38547
1.3768
1.36667
1.35938
1.35785
1.36275
1.3721
1.38203
1.38832
1.3883
1.38238
1.37489
1.37325
1.38517
1.41499
1.4609
1.51434
1.56249
1.59245
1.59518
1.5682
1.5169
1.45438
1.39736
1.35839
1.3404
1.33934
1.34974
1.36694
1.38675
1.40489
1.41746
1.42183
1.41742
1.40579
1.38979
1.37231
1.35555
1.34089
1.32916
1.32116
1.31852
1.32412
1.34103
1.37009
1.40823
1.44877
1.48329
1.50381
1.50454
1.4837
1.44559
1.40053
1.35951
1.32635
1.29827
1.27332
1.25387
1.24453
1.24892
1.26748
1.29616
1.32698
1.35094
1.36199
1.35973
1.34947
1.33967
1.33825
1.34955
1.37293
1.40316
1.43328
1.45846
1.47818
1.49475
1.50992
1.52277
1.53097
1.53328
1.53032
1.52346
1.51319
1.49847
1.47765
1.45024
1.41799
1.38513
1.35758
1.34158
1.34107
1.35489
1.37737
1.40172
1.42308
1.43884
1.44806
1.45059
1.44631
1.43466
1.41487
1.38702
1.35323
1.31844
1.28916
1.27068
1.2647
1.26896
1.27958
1.29432
1.31355
1.33776
1.36471
1.38952
1.40773
1.41744
1.41943
1.4153
1.40706
1.39792
1.39138
1.38848
1.38771
1.38774
1.38886
1.39204
1.39806
1.40717
1.41916
1.43329
1.44851
1.46379
1.47795
1.48902
1.49382
1.48856
1.47052
1.43962
1.39902
1.35392
1.31031
1.27455
1.25324
1.2516
1.27102
1.30763
1.35305
1.3973
1.43187
1.45132
1.45378
1.4407
1.41572
1.38404
1.35228
1.32832
1.31948
1.32868
1.3521
1.38113
1.40657
1.42217
1.42605
1.42052
1.41069
1.40261
1.40099
1.40737
1.41949
1.43227
1.43977
1.43705
1.42185
1.39567
1.36394
1.33511
1.31876
1.3207
1.33872
1.36501
1.39255
1.41766
1.43872
1.45459
1.46377
1.46457
1.4563
1.44001
1.41847
1.39562
1.37589
1.36283
1.35746
1.35755
1.35867
1.35706
1.35242
1.34905
1.35372
1.37063
1.39738
1.4262
1.44873
1.46024
1.46007
1.44992
1.43186
1.40774
1.38003
1.35237
1.32901
1.31304
1.30552
1.30601
1.31364
1.32712
1.34377
1.35938
1.36965
1.37259
1.36953
1.36415
1.36029
1.36001
1.36323
1.36861
1.37466
1.37978
1.38153
1.37751
1.36733
1.3539
1.34289
1.34114
1.3536
1.37999
1.41476
1.45052
1.48155
1.50527
1.52213
1.53433
1.54234
1.54273
1.53124
1.50733
1.4745
1.43783
1.40149
1.36763
1.33627
1.30652
1.27815
1.25298
1.235
1.22873
1.23608
1.25465
1.27938
1.30532
1.32863
1.34672
1.35851
1.3649
1.36853
1.37218
1.3773
1.38386
1.39095
1.39752
1.40315
1.40893
1.41717
1.43009
1.44836
1.47045
1.49327
1.51268
1.524
1.52314
1.50803
1.47962
1.44148
1.39908
1.35939
1.33012
1.3169
1.32001
1.33469
1.35461
1.37519
1.39516
1.4155
1.43647
1.4553
1.46758
1.47147
1.46989
1.46744
1.46566
1.46297
1.45705
1.44669
1.43224
1.41564
1.40043
1.39081
1.38981
1.39707
1.4079
1.41541
1.4151
1.40749
1.39692
1.38834
1.38475
1.38672
1.39326
1.40274
1.41332
1.42353
1.4327
1.44109
1.44914
1.4564
1.4607
1.45875
1.44748
1.42682
1.40456
1.39477
1.40223
1.41549
1.42248
1.42062
1.41353
1.40603
1.40158
1.4013
1.4045
1.40978
1.41661
1.42606
1.43965
1.45751
1.47755
1.49588
1.50806
1.51051
1.50116
1.47969
1.44685
1.40454
1.35597
1.30674
1.26489
1.23908
1.23458
1.25004
1.27798
1.30877
1.33522
1.35424
1.36635
1.37404
1.38016
1.38639
1.39272
1.3978
1.4005
1.40167
1.40359
1.4067
1.40728
1.3995
1.38025
1.35214
1.32263
1.29971
1.28742
1.28489
1.28865
1.29587
1.30593
1.32045
1.34175
1.37053
1.40455
1.43873
1.46693
1.48358
1.48514
1.47163
1.44794
1.42366
1.40872
1.40692
1.41485
1.4264
1.43687
1.44379
1.44627
1.44471
1.44123
1.43989
1.44456
1.45587
1.47091
1.48576
1.49727
1.503
1.50094
1.48971
1.46867
1.43845
1.40117
1.36052
1.32095
1.28625
1.25825
1.23669
1.22056
1.20949
1.20393
1.20427
1.21064
1.2238
1.245
1.27377
1.30691
1.34004
1.36972
1.39404
1.41231
1.42479
1.43251
1.43706
1.44013
1.44281
1.44606
1.4517
1.4621
1.47791
1.49627
1.51141
1.51768
1.51237
1.49679
1.47555
1.45435
1.43745
1.42673
1.42251
1.42409
1.42937
1.43479
1.43671
1.43302
1.42394
1.41158
1.39799
1.38345
1.36603
1.34283
1.31216
1.27557
1.23846
1.20843
1.19192
1.19085
1.20188
1.21907
1.23737
1.2543
1.26891
1.28007
1.28641
1.2883
1.28895
1.29304
1.30385
1.32125
1.3418
1.36023
1.37145
1.37167
1.35932
1.33543
1.30367
1.26972
1.24043
1.22245
1.22087
1.23766
1.27077
1.31462
1.36204
1.40676
1.44515
1.47611
1.49978
1.51632
1.5267
1.53454
1.54461
1.55758
1.56787
1.56832
1.55572
1.53285
1.50662
1.48431
1.46994
1.46338
1.46191
1.46254
1.46319
1.46297
1.46192
1.46072
1.45936
1.4559
1.44687
1.42982
1.4071
1.38715
1.37888
1.38227
1.3881
1.38699
1.37508
1.3539
1.32824
1.30398
1.28589
1.2761
1.27387
1.27625
1.27971
1.28224
1.2851
1.29248
1.30845
1.33318
1.36205
1.38763
1.40314
1.40562
1.39784
1.3876
1.38272
1.38564
1.39457
1.40857
1.42883
1.45595
1.48726
1.51602
1.53364
1.53356
1.51465
1.48309
1.45011
1.42517
1.41087
1.40482
1.40383
1.40527
1.40666
1.40545
1.39939
1.38753
1.37092
1.35232
1.33459
1.31953
1.3077
1.29863
1.29112
1.28373
1.27548
1.26613
1.2561
1.24625
1.23855
1.23635
1.24384
1.26402
1.29698
1.33965
1.38642
1.43009
1.46359
1.48197
1.48375
1.47105
1.44898
1.42414
1.40272
1.38846
1.38178
1.3809
1.38523
1.39657
1.41518
1.43568
1.44991
1.45215
1.44059
1.41596
1.38025
1.33691
1.29119
1.24941
1.21769
1.20102
1.20255
1.22177
1.25306
1.28791
1.31925
1.34404
1.36289
1.37777
1.39013
1.40054
1.40963
1.41907
1.43128
1.44727
1.46499
1.47988
1.48742
1.48568
1.4761
1.46221
1.44728
1.43257
1.41733
1.40084
1.3838
1.36785
1.35417
1.34308
1.33479
1.32971
1.32806
1.32999
1.33631
1.34868
1.36826
1.39376
1.4216
1.44765
1.46895
1.48425
1.49361
1.49772
1.49727
1.49254
1.48306
1.46793
1.44661
1.42029
1.39247
1.36783
1.35043
1.34213
1.34212
1.34746
1.35442
1.36033
1.36476
1.36954
1.37725
1.38916
1.40419
1.41906
1.43022
1.43588
1.43623
1.43232
1.42534
1.41647
1.40682
1.39717
1.38795
1.37964
1.37397
1.37509
1.38787
1.41202
1.43964
1.4608
1.4695
1.46472
1.44843
1.4236
1.39343
1.36202
1.33498
1.31831
1.31591
1.32744
1.3484
1.37245
1.39386
1.40883
1.41591
1.41609
1.41219
1.40721
1.40149
1.39196
1.37533
1.35255
1.33089
1.32181
1.33344
1.36263
1.39729
1.42603
1.44311
1.44805
1.44376
1.43491
1.42627
1.42154
1.42275
1.43017
1.44248
1.45681
1.46926
1.47568
1.47289
1.45922
1.435
1.4025
1.36594
1.33087
1.30286
1.28615
1.284
1.30028
1.33682
1.38625
1.43307
1.46499
1.47939
1.48077
1.47522
1.46645
1.45564
1.4436
1.43179
1.42137
1.41259
1.40521
1.39896
1.39367
1.38961
1.3872
1.38622
1.38553
1.38338
1.37857
1.37125
1.36311
1.35691
1.35513
1.35882
1.36694
1.37673
1.38429
1.38585
1.37929
1.36509
1.34624
1.32712
1.31254
1.30651
1.31159
1.32848
1.35536
1.38787
1.42033
1.44781
1.46752
1.47924
1.48474
1.48677
1.488
1.48973
1.49144
1.49133
1.48827
1.48312
1.47839
1.47643
1.4782
1.48256
1.48552
1.48046
1.46078
1.42402
1.37576
1.33014
1.30414
1.30681
1.33362
1.37169
1.40864
1.43668
1.45216
1.45335
1.43937
1.41089
1.37199
1.33084
1.29694
1.27651
1.27091
1.27818
1.29461
1.3158
1.33811
1.35942
1.37898
1.39674
1.41284
1.4273
1.43982
1.44922
1.45356
1.45096
1.44098
1.42461
1.40381
1.38216
1.36589
1.36159
1.37085
1.38722
1.39983
1.40078
1.38889
1.36856
1.34647
1.32869
1.31918
1.31945
1.32907
1.34608
1.36725
1.38936
1.41015
1.42849
1.44335
1.45251
1.45287
1.44229
1.4224
1.39929
1.38075
1.37125
1.36967
1.37145
1.3715
1.36581
1.35238
1.33227
1.31064
1.29638
1.29847
1.32031
1.35719
1.39921
1.43655
1.46285
1.47606
1.47742
1.47014
1.45816
1.44513
1.43346
1.42381
1.41538
1.40673
1.39633
1.38276
1.36514
1.34346
1.31917
1.29539
1.27604
1.2643
1.2612
1.26559
1.27545
1.28991
1.31045
1.3402
1.38057
1.42849
1.47775
1.52237
1.55828
1.58249
1.59257
1.58704
1.56605
1.53189
1.48909
1.44388
1.40328
1.37365
1.35897
1.35951
1.37193
1.39047
1.40945
1.42473
1.43384
1.43508
1.42728
1.41044
1.38662
1.35975
1.3346
1.31558
1.30593
1.30672
1.31637
1.33163
1.35079
1.3751
1.40555
1.4384
1.46587
1.48072
1.47988
1.46533
1.44282
1.41892
1.39795
1.38155
1.37105
1.36922
1.37845
1.39785
1.42345
1.44959
1.47017
1.47944
1.47338
1.45119
1.4164
1.3769
1.34323
1.32471
1.32449
1.33815
1.35748
1.37538
1.38839
1.39718
1.40479
1.41363
1.42249
1.42644
1.41982
1.39991
1.36915
1.33442
1.30454
1.28735
1.2873
1.30426
1.33404
1.37062
1.40858
1.44427
1.47541
1.5001
1.51646
1.52295
1.51887
1.50475
1.48212
1.45312
1.42092
1.38974
1.36416
1.34694
1.33724
1.33106
1.32389
1.314
1.30373
1.29837
1.30334
1.32171
1.35282
1.39233
1.43357
1.46933
1.49413
1.50586
1.50607
1.49817
1.48443
1.46442
1.43699
1.40267
1.36471
1.32855
1.30006
1.28352
1.2808
1.29173
1.31488
1.34744
1.38475
1.42065
1.44895
1.46534
1.46842
1.45943
1.44115
1.41711
1.39137
1.36867
1.35376
1.34968
1.35628
1.36981
1.38462
1.39592
1.40227
1.40586
1.41046
1.41861
1.43037
1.4441
1.45772
1.46935
1.47718
1.47945
1.4749
1.46338
1.44609
1.4251
1.40275
1.38092
1.36063
1.3421
1.32539
1.31108
1.30016
1.29297
1.28845
1.28508
1.28273
1.28297
1.287
1.29327
1.29812
1.29879
1.29638
1.29577
1.30144
1.31211
1.32108
1.32183
1.31229
1.2959
1.28059
1.27535
1.28543
1.30954
1.34159
1.37522
1.40651
1.4337
1.45574
1.47121
1.47902
1.47965
1.47595
1.47284
1.47482
1.48329
1.49608
1.50953
1.52098
1.52977
1.53636
1.54006
1.53791
1.52626
1.5038
1.47223
1.43484
1.39536
1.35832
1.32944
1.31441
1.31715
1.33749
1.37036
1.40747
1.44118
1.4675
1.48563
1.49451
1.49084
1.47232
1.44207
1.40905
1.3844
1.37627
1.38575
1.40643
1.42813
1.44153
1.44009
1.42038
1.38238
1.33016
1.27186
1.21816
1.17972
1.1645
1.17562
1.21026
1.2603
1.31539
1.36655
1.40814
1.43771
1.45503
1.46111
1.45736
1.44539
1.4276
1.40778
1.39067
1.38005
1.37698
1.37886
1.38055
1.37718
1.36681
1.35125
1.33485
1.32265
1.31929
1.32853
1.35231
1.38904
1.43278
1.47559
1.511
1.53547
1.54792
1.54862
1.53829
1.51747
1.48688
1.44823
1.40463
1.36026
1.31954
1.28624
1.26253
1.24845
1.24277
1.24483
1.25533
1.27532
1.30395
1.33674
1.36621
1.385
1.38934
1.3806
1.36449
1.34793
1.33575
1.33006
1.33177
1.34188
1.36138
1.38963
1.42372
1.45886
1.48924
1.50895
1.51327
1.50042
1.47306
1.43838
1.40639
1.38619
1.38148
1.38883
1.4016
1.41441
1.42486
1.43391
1.44436
1.45848
1.47627
1.49548
1.51273
1.52472
1.52913
1.5253
1.51459
1.49988
1.48455
1.47127
1.46087
1.45211
1.4424
1.42957
1.41348
1.39592
1.37937
1.36517
1.35295
1.34165
1.33108
1.32263
1.31849
1.32011
1.32684
1.33561
1.3427
1.34624
1.34739
1.34922
1.35363
1.35994
1.36598
1.37016
1.37322
1.37808
1.38732
1.40036
1.41293
1.41921
1.41536
1.40172
1.38283
1.36519
1.35413
1.35167
1.35642
1.36481
1.37213
1.37375
1.36662
1.35049
1.32809
1.30405
1.28342
1.26984
1.26456
1.26658
1.2739
1.2849
1.29852
1.31314
1.32617
1.3352
1.33959
1.34041
1.33954
1.33916
1.34188
1.35051
1.36651
1.38812
1.41044
1.42756
1.43526
1.43255
1.42194
1.4077
1.39286
1.37817
1.36423
1.353
1.34747
1.35019
1.362
1.38103
1.40295
1.42259
1.43576
1.44044
1.43685
1.42731
1.41633
1.4099
1.41271
1.42474
1.44064
1.45344
1.45906
1.45865
1.45724
1.45988
1.46842
1.48048
1.49126
1.49637
1.49373
1.48363
1.4678
1.44789
1.42484
1.39915
1.37177
1.34465
1.3205
1.30169
1.28882
1.28083
1.27707
1.27826
1.28507
1.29636
1.3093
1.32116
1.33146
1.3421
1.35497
1.36967
1.38335
1.39222
1.39366
1.3873
1.37522
1.36095
1.34787
1.33737
1.32869
1.32057
1.31352
1.31046
1.31506
1.32874
1.34957
1.37388
1.39891
1.42293
1.44452
1.46244
1.47664
1.48792
1.49671
1.50243
1.50421
1.50196
1.49691
1.49119
1.48676
1.48438
1.48313
1.48126
1.47795
1.47336
1.4668
1.45584
1.43813
1.41343
1.38447
1.35675
1.33697
1.32934
1.33335
1.34534
1.36157
1.3788
1.39335
1.40133
1.40041
1.3912
1.3765
1.35913
1.34087
1.32344
1.3098
1.30378
1.30825
1.323
1.34441
1.36733
1.38819
1.40619
1.42225
1.43693
1.44975
1.45927
1.46416
1.46404
1.45934
1.45078
1.43906
1.42482
1.40903
1.39317
1.37934
1.36986
1.36646
1.3691
1.37593
1.38378
1.38936
1.39016
1.38597
1.38087
1.38326
1.39906
1.42406
1.44763
1.46198
1.46529
1.45935
1.44631
1.42799
1.40737
1.39057
1.3853
1.39648
1.42206
1.45322
1.47902
1.49118
1.48638
1.46593
1.43491
1.40154
1.376
1.36641
1.37354
1.38955
1.40315
1.40636
1.39796
1.38281
1.36809
1.35835
1.35284
1.34745
1.3394
1.33125
1.32972
1.33933
1.35729
1.37611
1.38981
1.39636
1.39723
1.39646
1.39982
1.41278
1.43722
1.47024
1.50645
1.5419
1.57448
1.60058
1.61307
1.60479
1.57488
1.53169
1.48797
1.45148
1.42246
1.40057
1.38992
1.39472
1.41202
1.43377
1.45341
1.46787
1.47541
1.47434
1.46365
1.44349
1.41514
1.37995
1.33942
1.29676
1.25765
1.2284
1.21303
1.2124
1.22525
1.24949
1.282
1.31785
1.35076
1.37523
1.38844
1.39047
1.38341
1.37032
1.35451
1.33954
1.32939
1.32779
1.33627
1.35242
1.37134
1.38945
1.40645
1.4238
1.44179
1.458
1.46798
1.46768
1.4555
1.43341
1.4065
1.3815
1.36416
1.35748
1.36126
1.37282
1.38798
1.40209
1.41124
1.413
1.40709
1.39542
1.38148
1.36918
1.36117
1.35752
1.35578
1.35277
1.34735
1.34224
1.34236
1.35064
1.36621
1.38571
1.40407
1.41566
1.4162
1.40424
1.38152
1.35212
1.3224
1.30058
1.29454
1.30754
1.33569
1.37035
1.40191
1.42248
1.42764
1.41776
1.39708
1.37133
1.34578
1.32549
1.31542
1.31919
1.33754
1.36861
1.4088
1.45277
1.49313
1.52212
1.53415
1.52759
1.50544
1.4745
1.44355
1.42093
1.41226
1.41889
1.43766
1.46203
1.48441
1.4987
1.50178
1.49367
1.47675
1.45443
1.43009
1.40677
1.38723
1.37381
1.36781
1.36858
1.37343
1.37881
1.38171
1.38091
1.37728
1.37202
1.36456
1.35196
1.33141
1.30353
1.27292
1.24619
1.22869
1.22224
1.22499
1.23273
1.24054
1.24465
1.24411
1.2415
1.24206
1.25148
1.27305
1.30539
1.34242
1.37617
1.40072
1.41515
1.42354
1.43102
1.43978
1.44857
1.45516
1.45876
1.46047
1.46198
1.46457
1.46838
1.4725
1.47607
1.47936
1.48372
1.49018
1.49787
1.50413
1.50617
1.50263
1.49407
1.48221
1.46841
1.45292
1.43541
1.41618
1.39647
1.37787
1.36175
1.34911
1.34089
1.33786
1.34067
1.34926
1.3624
1.37717
1.38942
1.39536
1.39376
1.38662
1.37813
1.37214
1.37055
1.3727
1.37582
1.37622
1.37075
1.35856
1.34142
1.32253
1.30481
1.29037
1.28172
1.28266
1.29651
1.32278
1.35594
1.38811
1.41291
1.42698
1.42963
1.42219
1.40786
1.39137
1.37762
1.36976
1.36852
1.37318
1.38306
1.39802
1.41791
1.44147
1.46574
1.48636
1.4991
1.50104
1.49148
1.47246
1.44867
1.42674
1.41335
1.41284
1.42588
1.44902
1.47547
1.49734
1.50838
1.5055
1.48894
1.46175
1.42891
1.39655
1.37059
1.35501
1.35048
1.35425
1.36188
1.36954
1.37595
1.38255
1.39169
1.4042
1.41792
1.42849
1.43134
1.42387
1.40631
1.38142
1.35388
1.32917
1.31226
1.30574
1.30896
1.31855
1.32994
1.33928
1.34488
1.34722
1.34712
1.34486
1.34063
1.3349
1.32751
1.31738
1.30349
1.28605
1.2675
1.25222
1.24561
1.25249
1.27513
1.31183
1.35763
1.40661
1.45361
1.49427
1.52492
1.54312
1.54822
1.54159
1.52607
1.50534
1.48364
1.46652
1.46014
1.467
1.48189
1.49487
1.4983
1.49059
1.4751
1.45742
1.44331
1.43703
1.43942
1.44654
1.45189
1.45022
1.43985
1.42235
1.40094
1.37901
1.35955
1.34505
1.33637
1.33263
1.33277
1.33707
1.34643
1.36057
1.37734
1.39386
1.40817
1.41863
1.42192
1.41327
1.38988
1.35395
1.31259
1.27496
1.24862
1.23844
1.24847
1.28134
1.33121
1.38242
1.42034
1.43944
1.4425
1.43708
1.43173
1.43261
1.44099
1.45339
1.46414
1.4686
1.4645
1.45134
1.42963
1.40081
1.36792
1.3363
1.31233
1.29988
1.29684
1.29713
1.29562
1.29167
1.28835
1.28966
1.29835
1.31518
1.33922
1.36801
1.39784
1.4243
1.44349
1.45392
1.45733
1.45742
1.45741
1.45797
1.45767
1.45509
1.45053
1.44569
1.44181
1.43841
1.43391
1.4268
1.41625
1.40224
1.38581
1.36869
1.35214
1.33702
1.32491
1.31855
1.32051
1.33113
1.34771
1.36547
1.37997
1.38874
1.39246
1.39463
1.39958
1.40972
1.42398
1.43905
1.45174
1.46073
1.46694
1.47247
1.47883
1.48564
1.49084
1.49199
1.48726
1.47602
1.45926
1.43979
1.42165
1.40845
1.40195
1.40188
1.40628
1.41232
1.41651
1.41545
1.40643
1.38809
1.36079
1.32638
1.2878
1.24958
1.21824
1.2014
1.20423
1.22624
1.26137
1.30107
1.33735
1.36424
1.37848
1.38015
1.37295
1.3629
1.3555
1.35286
1.35429
1.35884
1.36615
1.3751
1.38326
1.38787
1.38692
1.37957
1.36565
1.34506
1.31819
1.2871
1.25657
1.23353
1.22488
1.23465
1.26271
1.30549
1.35797
1.41462
1.46921
1.5152
1.54754
1.56389
1.56458
1.55138
1.52718
1.49607
1.46301
1.43288
1.40933
1.39385
1.3854
1.38107
1.37813
1.37629
1.3782
1.38618
1.39895
1.41242
1.42281
1.42787
1.42634
1.41787
1.40328
1.38453
1.36529
1.35165
1.35061
1.36609
1.39589
1.43321
1.47074
1.50338
1.52824
1.54328
1.54672
1.5374
1.51581
1.48448
1.44756
1.41002
1.37646
1.34974
1.33016
1.31577
1.30357
1.29139
1.27886
1.26755
1.26036
1.25996
1.2675
1.28205
1.30105
1.32132
1.33994
1.35435
1.36239
1.36298
1.35777
1.35131
1.34907
1.35405
1.36522
1.37852
1.38926
1.39494
1.39708
1.40062
1.41056
1.42832
1.45044
1.47041
1.48208
1.48202
1.47057
1.45102
1.42809
1.40609
1.38755
1.37332
1.36319
1.3562
1.35051
1.34394
1.33493
1.32413
1.31535
1.31518
1.32928
1.35699
1.38961
1.41553
1.42698
1.42273
1.40693
1.38638
1.36884
1.36241
1.37387
1.4051
1.4507
1.49968
1.5403
1.56425
1.56809
1.55283
1.52242
1.4822
1.43768
1.39359
1.35375
1.32172
1.30091
1.29362
1.29909
1.31241
1.32643
1.33485
1.33458
1.32602
1.31235
1.29839
1.28939
1.28959
1.30026
1.31838
1.33746
1.35009
1.35079
1.33836
1.31626
1.29066
1.26809
1.25477
1.25606
1.27484
1.31002
1.35686
1.40792
1.45493
1.4907
1.51083
1.51454
1.50438
1.48533
1.46368
1.44587
1.43668
1.43792
1.44843
1.46512
1.48354
1.49806
1.50272
1.49313
1.46875
1.43331
1.3939
1.35841
1.33233
1.31692
1.3105
1.31158
1.32004
1.3348
1.35147
1.36366
1.36661
1.3596
1.34626
1.333
1.32648
1.33117
1.34778
1.37305
1.40075
1.42379
1.43634
1.43585
1.42403
1.40595
1.38795
1.37529
1.37069
1.37391
1.38244
1.3926
1.40081
1.40455
1.40299
1.39715
1.38975
1.38451
1.38488
1.39216
1.4042
1.41555
1.41986
1.41311
1.39536
1.37099
1.34761
1.33325
1.33252
1.34402
1.36142
1.37686
1.38418
1.38088
1.36848
1.35187
1.33789
1.33344
1.34291
1.36626
1.39887
1.43357
1.46351
1.48406
1.49378
1.49448
1.49041
1.48611
1.48399
1.48324
1.48093
1.47462
1.46413
1.45189
1.44142
1.43522
1.43355
1.43496
1.43724
1.43841
1.43689
1.43134
1.42039
1.40276
1.37812
1.34748
1.31303
1.27794
1.24637
1.22319
1.21276
1.21746
1.23734
1.27062
1.31384
1.36174
1.40767
1.44553
1.4714
1.48425
1.48534
1.47732
1.46325
1.44558
1.42557
1.40395
1.38213
1.36257
1.34788
1.33926
1.33554
1.3347
1.33602
1.34028
1.34849
1.36074
1.37527
1.38857
1.39654
1.3968
1.39013
1.38005
1.37091
1.36626
1.36786
1.37524
1.38623
1.3981
1.40792
1.41298
1.41075
1.39962
1.37964
1.3529
1.32348
1.29697
1.27983
1.27816
1.29525
1.32899
1.37161
1.41317
1.44607
1.46722
1.47729
1.47859
1.47378
1.46541
1.45645
1.45012
1.44818
1.44902
1.44813
1.4409
1.42558
1.4045
1.38287
1.36607
1.35681
1.35456
1.35726
1.36292
1.37007
1.37755
1.38496
1.39284
1.40215
1.41309
1.42462
1.43469
1.44101
1.44202
1.43749
1.42844
1.4166
1.40368
1.39096
1.37908
1.36793
1.35725
1.34736
1.33946
1.33532
1.33651
1.34362
1.35624
1.37324
1.3934
1.41555
1.43833
1.45935
1.47468
1.4798
1.47141
1.44941
1.41752
1.38204
1.34856
1.31941
1.2943
1.27335
1.26018
1.26131
1.28077
1.31497
1.35407
1.38819
1.41283
1.42994
1.44546
1.46489
1.48952
1.51637
1.54093
1.55972
1.5708
1.57326
1.56643
1.54983
1.52333
1.48772
1.44597
1.40398
1.36913
1.346
1.33315
1.32501
1.31721
1.3103
1.30846
1.31519
1.3298
1.34749
1.3619
1.36792
1.36356
1.35039
1.33201
1.31166
1.29152
1.27374
1.26189
1.26031
1.27211
1.29724
1.33169
1.36795
1.39738
1.41371
1.41572
1.40757
1.39679
1.39056
1.39309
1.40521
1.42564
1.45221
1.48198
1.51137
1.53678
1.5546
1.56168
1.55607
1.53788
1.50936
1.47436
1.43756
1.40392
1.37807
1.3636
1.3621
1.37244
1.39078
1.41187
1.4308
1.44456
1.45162
1.45093
1.44183
1.42544
1.40606
1.39032
1.38406
1.3889
1.40136
1.41506
1.42375
1.42347
1.41378
1.3978
1.38038
1.36465
1.35089
1.33884
1.33013
1.32782
1.33385
1.34684
1.36203
1.37352
1.37699
1.37203
1.36265
1.3556
1.35666
1.36725
1.38356
1.39912
1.40829
1.40792
1.39736
1.37803
1.35331
1.32864
1.31092
1.30601
1.31438
1.33092
1.34966
1.36663
1.37891
1.38446
1.38313
1.37736
1.37141
1.36946
1.37405
1.38577
1.40346
1.42407
1.44328
1.45717
1.46375
1.46308
1.45663
1.44659
1.43507
1.42388
1.41436
1.40726
1.40243
1.39872
1.39508
1.39181
1.39035
1.39113
1.39189
1.3878
1.37402
1.35012
1.32469
1.31339
1.32502
1.3513
1.37719
1.39398
1.39997
1.39664
1.38684
1.37477
1.3653
1.36222
1.36663
1.37652
1.388
1.3971
1.40125
1.39989
1.39431
1.38699
1.38039
1.37617
1.37471
1.37554
1.37783
1.38193
1.38943
1.40114
1.41429
1.42269
1.42068
1.40709
1.38588
1.36348
1.34615
1.33903
1.34553
1.36621
1.39752
1.43234
1.46201
1.47916
1.4797
1.46402
1.43708
1.40739
1.3837
1.37104
1.36878
1.37319
1.38146
1.39259
1.40512
1.41588
1.42217
1.42387
1.42285
1.42054
1.41694
1.41143
1.40397
1.39519
1.38606
1.37893
1.37819
1.38845
1.41073
1.44006
1.46747
1.48427
1.4855
1.47115
1.44575
1.41732
1.39542
1.38596
1.38676
1.39126
1.39525
1.39808
1.39971
1.39863
1.39232
1.37861
1.35701
1.32979
1.30204
1.28052
1.27089
1.27532
1.29187
1.31613
1.34297
1.36781
1.38773
1.40256
1.41477
1.42791
1.44422
1.46318
1.48141
1.49411
1.49748
1.48987
1.47184
1.44479
1.41049
1.37202
1.33486
1.30646
1.29338
1.29797
1.31767
1.34769
1.38346
1.42058
1.45381
1.47785
1.48953
1.48904
1.47906
1.46267
1.44226
1.42025
1.39951
1.38248
1.37032
1.36337
1.362
1.36674
1.37758
1.39309
1.41055
1.42688
1.43971
1.44763
1.45
1.44684
1.43891
1.4275
1.41388
1.39873
1.38226
1.36518
1.34943
1.33763
1.33128
1.32984
1.33135
1.33398
1.33689
1.34017
1.34451
1.35061
1.35882
1.3689
1.38026
1.39272
1.40656
1.42209
1.43906
1.45691
1.47498
1.49201
1.50541
1.51135
1.50607
1.48768
1.45704
1.41823
1.37809
1.34445
1.32327
1.31606
1.31967
1.32914
1.34007
1.3499
1.35734
1.36182
1.364
1.36621
1.37029
1.37604
1.38293
1.39182
1.40328
1.41629
1.42933
1.441
1.44967
1.45389
1.45334
1.44862
1.44037
1.42863
1.41341
1.39546
1.3765
1.35881
1.34416
1.33265
1.32276
1.31229
1.30003
1.28687
1.27628
1.27302
1.28027
1.29711
1.31942
1.34269
1.364
1.38242
1.39787
1.40972
1.41629
1.41616
1.40999
1.40083
1.39272
1.38885
1.39048
1.39761
1.41053
1.43
1.45491
1.48009
1.49853
1.50547
1.50034
1.48539
1.46358
1.43691
1.40647
1.37343
1.34049
1.31227
1.29462
1.29215
1.30594
1.33265
1.36576
1.39822
1.42531
1.445
1.45676
1.46098
1.45885
1.45118
1.43759
1.41775
1.39389
1.37167
1.3579
1.35615
1.36395
1.37525
1.3848
1.39016
1.3918
1.39274
1.39728
1.40888
1.42765
1.44985
1.46962
1.48159
1.48267
1.47253
1.4533
1.42869
1.40379
1.38408
1.3733
1.37186
1.37662
1.38251
1.38498
1.38211
1.37538
1.3682
1.36359
1.36211
1.36196
1.36061
1.3567
1.35061
1.34404
1.33891
1.33666
1.33775
1.34158
1.34675
1.35194
1.35662
1.36068
1.36394
1.366
1.36673
1.36641
1.36501
1.36212
1.35741
1.35125
1.3453
1.34238
1.34556
1.35626
1.37272
1.39007
1.40229
1.40502
1.39787
1.38512
1.37429
1.37224
1.38159
1.40007
1.42288
1.44519
1.46361
1.47629
1.48263
1.48322
1.4794
1.47252
1.46417
1.45673
1.45293
1.45441
1.46072
1.46942
1.47721
1.48112
1.47892
1.46877
1.44912
1.41986
1.38361
1.3461
1.31396
1.29152
1.27957
1.27683
1.28173
1.29262
1.30709
1.32169
1.3325
1.33607
1.33006
1.31406
1.29102
1.26754
1.25188
1.25085
1.2675
1.29972
1.34091
1.38275
1.41877
1.44586
1.46325
1.47153
1.47332
1.47394
1.47893
1.49035
1.50596
1.52162
1.53327
1.53792
1.53402
1.52158
1.5018
1.47642
1.44747
1.41668
1.38538
1.35482
1.32684
1.30415
1.28973
1.28552
1.2917
1.30623
1.32467
1.34074
1.34911
1.34797
1.33883
1.32411
1.30534
1.28398
1.26414
1.25297
1.25675
1.27571
1.30374
1.33308
1.35845
1.37791
1.39162
1.40052
1.40553
1.40698
1.40434
1.39686
1.38467
1.36946
1.35432
1.34325
1.34054
1.34948
1.37045
1.40003
1.43219
1.46082
1.48177
1.49332
1.49564
1.48996
1.47773
1.4604
1.44015
1.42076
1.40752
1.40581
1.41831
1.44265
1.47199
1.49842
1.51628
1.52271
1.51676
1.49889
1.47143
1.43871
1.40629
1.37987
1.36407
1.36092
1.3684
1.38042
1.38864
1.38555
1.36758
1.33627
1.29722
1.25765
1.22405
1.20063
1.18872
1.18739
1.1951
1.21137
1.23731
1.27448
1.32254
1.37781
1.43411
1.48475
1.52405
1.54837
1.55716
1.55329
1.54207
1.52888
1.51705
1.50739
1.49903
1.49049
1.48022
1.4671
1.45049
1.43032
1.4068
1.3806
1.35318
1.32691
1.30358
1.28218
1.2598
1.23532
1.21173
1.19477
1.18978
1.19955
1.22351
1.25759
1.29463
1.32627
1.34588
1.35113
1.34485
1.334
1.32648
1.32769
1.33895
1.35868
1.38425
1.41304
1.44238
1.46999
1.49422
1.51416
1.52919
1.53853
1.54106
1.53584
1.5224
1.50137
1.4746
1.44504
1.4162
1.39107
1.37048
1.35319
1.33825
1.32652
1.31931
1.31672
1.31802
1.32363
1.33567
1.35602
1.38326
1.41222
1.43682
1.45307
1.45979
1.4576
1.44803
1.43367
1.41892
1.40931
1.40947
1.42159
1.44476
1.47478
1.50499
1.5286
1.54137
1.54302
1.53657
1.52561
1.51162
1.49375
1.47048
1.44159
1.409
1.37561
1.34411
1.31685
1.29618
1.28358
1.2789
1.28095
1.28854
1.30172
1.32155
1.34765
1.37594
1.39953
1.41222
1.41113
1.3974
1.37596
1.35412
1.33928
1.3362
1.345
1.36151
1.37976
1.39527
1.40717
1.41799
1.4316
1.4507
1.47546
1.5034
1.52983
1.54913
1.55692
1.55179
1.53571
1.5123
1.4846
1.45447
1.42351
1.39454
1.37164
1.3582
1.35408
1.35505
1.35618
1.35493
1.35109
1.3451
1.33739
1.32849
1.31961
1.31269
1.30949
1.31028
1.31368
1.31865
1.32645
1.33998
1.36034
1.38419
1.40511
1.41763
1.42013
1.41514
1.40781
1.40342
1.40483
1.41089
1.4168
1.41722
1.40963
1.39521
1.37806
1.36394
1.3592
1.36814
1.39024
1.41994
1.44995
1.47479
1.4919
1.50009
1.49848
1.48683
1.46744
1.44592
1.42933
1.42249
1.42548
1.43423
1.44282
1.44601
1.44067
1.42578
1.40203
1.3712
1.33663
1.30434
1.28293
1.2796
1.29483
1.32181
1.35113
1.37502
1.3896
1.39532
1.39659
1.39921
1.40684
1.41831
1.42842
1.4317
1.42649
1.41652
1.40832
1.40619
1.40914
1.41216
1.4095
1.39799
1.3789
1.35769
1.34135
1.33511
1.34034
1.35498
1.37549
1.39824
1.41999
1.43806
1.45054
1.45681
1.45667
1.44953
1.43421
1.40999
1.37855
1.34511
1.3171
1.30038
1.29662
1.30387
1.31986
1.34401
1.37674
1.41663
1.45904
1.49784
1.52855
1.54967
1.56144
1.5643
1.55781
1.54111
1.51444
1.48096
1.44656
1.41607
1.3908
1.37178
1.36205
1.36368
1.37523
1.39311
1.41322
1.43121
1.44235
1.44312
1.43292
1.41434
1.39245
1.3737
1.36356
1.36371
1.37163
1.38364
1.39801
1.41484
1.43301
