2.02524
1.96021
1.9211
1.91069
1.92185
1.94261
1.96298
1.97884
1.99115
2.00277
2.01536
2.02816
2.03829
2.04259
2.03936
2.02874
2.01219
1.99153
1.96846
1.94439
1.9203
1.8975
1.87876
1.86799
1.8687
1.88225
1.90717
1.93992
1.97602
2.01132
2.04355
2.07373
2.10508
2.14
2.17905
2.2223
2.2702
2.32281
2.37841
2.43309
2.48108
2.51646
2.53456
2.53263
2.50917
2.46315
2.39387
2.30221
2.19314
2.07825
1.97522
1.90154
1.86576
1.86409
1.88516
1.91664
1.94833
1.9732
1.98824
1.99386
1.99201
1.98447
1.9724
1.95781
1.94523
1.94144
1.95189
1.97664
2.01044
2.04663
2.08026
2.10855
2.13019
2.14468
2.15249
2.15517
2.15533
2.15652
2.16108
2.16818
2.17368
2.17226
2.16005
2.13656
2.10526
2.07262
2.04607
2.03167
2.03168
2.04203
2.05322
2.0561
2.04709
2.02978
2.01312
2.00771
2.02151
2.05656
2.10835
2.16719
2.22076
2.25732
2.26925
2.25579
2.2229
2.17981
2.13399
2.08889
2.04519
2.00346
1.96617
1.93837
1.92613
1.93291
1.95669
1.99074
2.02659
2.05716
2.07873
2.0914
2.09859
2.10616
2.12009
2.14232
2.16862
2.19071
2.20112
2.19676
2.18001
2.15734
2.13712
2.12649
2.12873
2.14204
2.16072
2.17772
2.18713
2.18629
2.17658
2.16238
2.14752
2.13215
2.11311
2.08696
2.05235
2.01123
1.9691
1.93301
1.90845
1.89703
1.8971
1.90642
1.92459
1.95278
1.99071
2.03372
2.07258
2.09734
2.10248
2.08924
2.06361
2.03283
2.0036
1.98205
1.97306
1.97884
1.99889
2.03114
2.07258
2.11822
2.16053
2.19102
2.20386
2.19884
2.18105
2.15802
2.13628
2.11973
2.10906
2.10273
2.09869
2.09592
2.09516
2.09803
2.10532
2.11636
2.12986
2.14569
2.16502
2.18884
2.2155
2.23959
2.25362
2.25109
2.22906
2.18968
2.13967
2.08905
2.04876
2.02694
2.02477
2.03599
2.0517
2.06511
2.07278
2.07372
2.06835
2.05788
2.0443
2.03109
2.02311
2.0249
2.03823
2.06089
2.08831
2.1156
2.13847
2.15335
2.15768
2.15052
2.1325
2.10532
2.07074
2.03145
1.99302
1.96402
1.95283
1.96249
1.98802
2.01828
2.04203
2.05387
2.05542
2.05296
2.05235
2.0537
2.05164
2.04182
2.02697
2.01582
2.01541
2.02597
2.04291
2.06169
2.07955
2.09435
2.10333
2.10361
2.09407
2.07727
2.06015
2.05094
2.05486
2.07057
2.09091
2.10814
2.11939
2.12779
2.13912
2.15574
2.17385
2.18538
2.18347
2.16696
2.14058
2.11205
2.0883
2.07261
2.06393
2.05825
2.0501
2.03439
2.00974
1.98412
1.97395
1.98999
2.02586
2.067
2.10369
2.13386
2.1607
2.187
2.21013
2.22332
2.22203
2.20775
2.1857
2.16095
2.13642
2.11267
2.09011
2.07146
2.06193
2.06617
2.08531
2.11512
2.14556
2.16385
2.16061
2.13315
2.0867
2.03541
1.99889
1.98791
1.9958
2.00935
2.02172
2.03399
2.04892
2.064
2.07213
2.06857
2.05633
2.04367
2.03715
2.03787
2.04286
2.04901
2.0559
2.06716
2.08813
2.11999
2.15718
2.19115
2.21534
2.22656
2.22374
2.2065
2.17541
2.1337
2.08861
2.05047
2.02893
2.02948
2.05217
2.09253
2.1438
2.19969
2.25545
2.30685
2.34946
2.37919
2.39303
2.38965
2.36986
2.33745
2.29882
2.26102
2.229
2.20393
2.1833
2.16252
2.13668
2.10251
2.06069
2.01707
1.98053
1.95724
1.94621
1.94096
1.93583
1.93004
1.92613
1.92605
1.9305
1.94023
1.9564
1.97955
2.00836
2.03988
2.07093
2.09918
2.12323
2.14172
2.15271
2.15424
2.14597
2.13009
2.11043
2.09087
2.07373
2.05939
2.04758
2.03888
2.03563
2.04085
2.05503
2.07482
2.09483
2.11134
2.12432
2.13562
2.14604
2.15424
2.1576
2.15325
2.13878
2.11265
2.07515
2.02948
1.98192
1.94054
1.91228
1.90004
1.90217
1.91477
1.93428
1.9584
1.98617
2.01684
2.04877
2.07887
2.10337
2.1195
2.12712
2.12928
2.13149
2.13949
2.15628
2.18033
2.20497
2.22054
2.21845
2.19589
2.1574
2.11194
2.06744
2.03042
2.00826
2.00739
2.02823
2.06431
2.10652
2.14744
2.1822
2.20744
2.22032
2.21894
2.20345
2.17666
2.14352
2.11045
2.08406
2.06892
2.06546
2.06973
2.0754
2.07637
2.06919
2.05529
2.04141
2.03657
2.04619
2.06866
2.09784
2.12693
2.15031
2.16458
2.16898
2.16566
2.159
2.15434
2.15623
2.16577
2.17866
2.18655
2.18144
2.15928
2.11995
2.06586
2.0022
1.93736
1.8812
1.84062
1.81649
1.80413
1.79751
1.79432
1.79778
1.81411
1.84771
1.89843
1.9616
2.02996
2.09531
2.14974
2.18685
2.20302
2.19876
2.17938
2.1538
2.13086
2.11573
2.10917
2.10906
2.11225
2.11538
2.11479
2.10726
2.09105
2.06772
2.04299
2.02523
2.02159
2.03465
2.06161
2.09614
2.13132
2.16189
2.18495
2.1997
2.2063
2.20491
2.1957
2.1799
2.16107
2.14474
2.13609
2.13704
2.14589
2.15967
2.1762
2.19159
2.19859
2.19042
2.16524
2.12659
2.08098
2.03498
1.99369
1.95993
1.93461
1.91718
1.90687
1.90397
1.91023
1.92788
1.95736
1.99571
2.03689
2.07394
2.10174
2.11923
2.12975
2.13875
2.15141
2.17151
2.19956
2.23014
2.25378
2.26356
2.25889
2.24433
2.22666
2.2114
2.19968
2.18761
2.16852
2.13759
2.09555
2.04924
2.00918
1.98608
1.98618
2.0077
2.04165
2.07747
2.10781
2.12915
2.14047
2.14122
2.13051
2.10797
2.07697
2.04773
2.03416
2.04174
2.06243
2.08635
2.1107
2.13556
2.15796
2.17175
2.17107
2.15304
2.11842
2.07176
2.02121
1.97741
1.95092
1.94872
1.9719
2.01621
2.074
2.13598
2.19156
2.231
2.24843
2.24322
2.2197
2.18576
2.15077
2.12243
2.10395
2.09348
2.08639
2.07981
2.07557
2.07863
2.09092
2.10818
2.12344
2.13233
2.13389
2.12857
2.1171
2.10012
2.07878
2.05511
2.03239
2.01507
2.00738
2.01077
2.02257
2.03702
2.04784
2.05124
2.04714
2.03813
2.02751
2.0179
2.01087
2.00721
2.00689
2.00838
2.00865
2.00469
1.99577
1.98534
1.98097
1.99113
2.02008
2.06414
2.11235
2.15093
2.16951
2.16611
2.14789
2.12633
2.11069
2.10543
2.11095
2.12421
2.14024
2.15337
2.15805
2.1505
2.12979
2.09897
2.06522
2.03815
2.02554
2.03033
2.05239
2.09085
2.14262
2.19978
2.25111
2.28635
2.29921
2.28823
2.25647
2.2114
2.16341
2.12275
2.09514
2.07865
2.06511
2.04572
2.01614
1.97773
1.93591
1.89789
1.87005
1.85535
1.85267
1.85972
1.87662
1.9064
1.95209
2.01274
2.08141
2.14645
2.1956
2.22039
2.21902
2.19684
2.16385
2.13076
2.10556
2.09184
2.08919
2.09517
2.10698
2.12225
2.13749
2.14673
2.14271
2.12058
2.08074
2.02877
1.97342
1.92478
1.89238
1.88202
1.89327
1.92042
1.95581
1.99304
2.02961
2.06833
2.11572
2.17566
2.24305
2.30469
2.34621
2.3587
2.34095
2.29807
2.23847
2.17144
2.10597
2.04964
2.0076
1.98191
1.9719
1.97579
1.99157
2.01667
2.04779
2.0814
2.11505
2.14667
2.17196
2.18428
2.17767
2.15005
2.10437
2.04874
1.99604
1.96008
1.95016
1.96841
2.01128
2.0716
2.13904
2.20154
2.24802
2.27142
2.27103
2.25267
2.22605
2.20003
2.17871
2.1618
2.14752
2.13578
2.12856
2.12785
2.1326
2.13816
2.1392
2.13302
2.11972
2.10073
2.0782
2.05561
2.03831
2.0323
2.04085
2.06147
2.08515
2.1003
2.09802
2.07635
2.04032
1.99833
1.95739
1.92231
1.89879
1.89401
1.91205
1.94847
1.99037
2.02332
2.03831
2.03425
2.01741
1.9991
1.99191
2.00414
2.03525
2.07772
2.12301
2.16655
2.20809
2.24827
2.2843
2.30882
2.31398
2.29801
2.26726
2.23076
2.19278
2.15163
2.10503
2.05612
2.01611
1.99821
2.00369
2.01851
2.02924
2.03568
2.04679
2.06974
2.10371
2.14094
2.17239
2.19251
2.20101
2.20111
2.19673
2.19026
2.18282
2.17552
2.1696
2.16571
2.16295
2.15896
2.15011
2.1332
2.10759
2.07651
2.04607
2.02291
2.01119
2.0102
2.01458
2.01815
2.01734
2.0105
1.99704
1.97935
1.96393
1.95872
1.96791
1.98891
2.01493
2.04002
2.06165
2.07956
2.09348
2.10188
2.1027
2.09469
2.07784
2.05347
2.02439
1.99502
1.97147
1.96018
1.96461
1.98272
2.00822
2.0341
2.05453
2.06565
2.06738
2.06539
2.07041
2.09194
2.13011
2.17507
2.2138
2.23688
2.24042
2.22442
2.19096
2.14336
2.08662
2.0281
1.97678
1.94183
1.93078
1.94733
1.98825
2.04297
2.09776
2.14186
2.16978
2.18014
2.17346
2.15092
2.11469
2.06919
2.02233
1.9857
1.97146
1.98754
2.03268
2.09525
2.15801
2.20548
2.22858
2.22592
2.20312
2.17104
2.14184
2.12443
2.12197
2.13226
2.14966
2.16701
2.17731
2.1756
2.16056
2.13585
2.10981
2.09265
2.09106
2.1042
2.12429
2.14032
2.14221
2.12444
2.08936
2.04681
2.00879
1.98313
1.9716
1.9726
1.98434
2.00525
2.03222
2.05942
2.07984
2.08832
2.08404
2.07098
2.05673
2.05039
2.0591
2.08521
2.12507
2.17029
2.21081
2.23807
2.24715
2.23672
2.20853
2.16638
2.11588
2.06423
2.01934
1.98852
1.97751
1.98906
2.02059
2.06328
2.10475
2.13409
2.14586
2.14119
2.12585
2.10661
2.08745
2.06696
2.03916
1.99811
1.94431
1.88814
1.84671
1.83593
1.86298
1.92412
2.0079
2.10019
2.18849
2.26467
2.32467
2.36728
2.3926
2.40149
2.39597
2.37936
2.35566
2.32772
2.29668
2.26272
2.22847
2.20123
2.18914
2.19336
2.20504
2.2104
2.19809
2.16241
2.10406
2.03006
1.95301
1.88831
1.84997
1.8453
1.87118
1.91452
1.95874
1.99142
2.00827
2.01223
2.00984
2.00774
2.01071
2.02005
2.03293
2.04314
2.04349
2.02913
2.00043
1.96484
1.93531
1.92521
1.94168
1.98214
2.03625
2.09102
2.13513
2.16098
2.16498
2.14801
2.1152
2.07414
2.03207
1.99504
1.96965
1.96291
1.97722
2.00733
2.04337
2.07601
2.09972
2.11384
2.12292
2.13474
2.15663
2.19009
2.22873
2.26137
2.27787
2.27248
2.24386
2.19389
2.12749
2.0532
1.98328
1.93181
1.90962
1.91871
1.95194
1.99828
2.04847
2.09666
2.13856
2.17014
2.18818
2.19218
2.18551
2.1745
2.16554
2.16194
2.16375
2.16835
2.17144
2.16767
2.15207
2.12164
2.07647
2.02061
1.96182
1.91113
1.88044
1.87891
1.91004
1.97034
2.04993
2.13541
2.21358
2.27452
2.313
2.32866
2.32488
2.30632
2.27586
2.2334
2.17821
2.1128
2.04485
1.98576
1.94701
1.9358
1.95211
1.98893
2.03492
2.07815
2.109
2.12187
2.11537
2.09174
2.0555
2.01266
1.96943
1.9313
1.90239
1.88562
1.88353
1.89853
1.93164
1.9804
2.03832
2.09643
2.14642
2.1824
2.20135
2.20264
2.18798
2.16119
2.12755
2.09237
2.0592
2.02863
1.99918
1.96999
1.94419
1.93053
1.93973
1.97616
2.03146
2.08892
2.13518
2.16906
2.20004
2.23857
2.28543
2.33225
2.37015
2.39556
2.40822
2.40651
2.38644
2.34473
2.2819
2.2034
2.1197
2.0451
1.99336
1.97077
1.97211
1.98375
1.99079
1.98314
1.95914
1.92694
1.90092
1.89323
1.90686
1.93593
1.97026
1.99881
2.01265
2.00858
1.9911
1.97157
1.96444
1.98152
2.02364
2.07933
2.13466
2.18194
2.21918
2.24688
2.26649
2.28047
2.29139
2.30058
2.30706
2.30818
2.30058
2.28124
2.2475
2.19762
2.13233
2.05704
1.98298
1.924
1.89109
1.88841
1.91154
1.94813
1.98302
2.00533
2.0121
2.00762
1.99987
1.99655
2.00244
2.01839
2.04224
2.07031
2.09876
2.12407
2.14342
2.15521
2.15992
2.15982
2.15765
2.15498
2.15171
2.14681
2.13887
2.12655
2.10913
2.08756
2.06481
2.046
2.03692
2.04188
2.06126
2.0913
2.12703
2.16507
2.20396
2.24273
2.27894
2.3077
2.32277
2.31865
2.29254
2.24626
2.18676
2.12399
2.0671
2.0209
1.98562
1.95951
1.94186
1.9337
1.9363
1.94908
1.96946
1.99407
2.02017
2.04594
2.06991
2.08984
2.10273
2.10617
2.09976
2.08504
2.06417
2.03834
2.0086
1.9779
1.95165
1.9346
1.92727
1.92745
1.93495
1.95369
1.98729
2.03406
2.08713
2.13905
2.18511
2.22346
2.25354
2.2749
2.28672
2.2878
2.27669
2.25225
2.21433
2.16438
2.10636
2.04739
1.99784
1.9688
1.9662
1.98813
2.02821
2.079
2.13056
2.16979
2.18449
2.16903
2.1283
2.07811
2.03867
2.02269
2.02933
2.04888
2.07085
2.08815
2.09751
2.09848
2.09219
2.08123
2.06985
2.0626
2.06239
2.0698
2.08346
2.10105
2.12006
2.13874
2.15659
2.17383
2.19102
2.20868
2.22775
2.24867
2.26901
2.28212
2.27869
2.25014
2.19263
2.10925
2.01029
1.91111
1.82936
1.78017
1.7711
1.7999
1.85703
1.93109
2.01279
2.09562
2.17308
2.23687
2.27869
2.29417
2.28515
2.25967
2.22956
2.20582
2.19455
2.1964
2.20727
2.21907
2.2225
2.21226
2.19218
2.17367
2.16625
2.1695
2.17461
2.17098
2.14993
2.10632
2.04022
1.95818
1.87251
1.79783
1.747
1.72965
1.7541
1.82479
1.93192
2.05027
2.15335
2.225
2.2601
2.26092
2.234
2.18799
2.1328
2.07907
2.03684
2.01284
2.0075
2.01538
2.02871
2.04193
2.0528
2.06013
2.06346
2.06551
2.07228
2.08808
2.11109
2.13494
2.15459
2.17063
2.18762
2.20921
2.2343
2.25759
2.27352
2.27936
2.27612
2.26686
2.25445
2.23941
2.21928
2.19029
2.15073
2.10418
2.05923
2.02615
2.0124
2.01964
2.04408
2.0785
2.11463
2.14514
2.16478
2.17091
2.16267
2.13978
2.10315
2.05864
2.02098
2.00587
2.0124
2.02418
2.02902
2.02716
2.02508
2.02824
2.03799
2.05183
2.06515
2.07261
2.06964
2.05374
2.02544
1.98827
1.94873
1.91592
1.89997
1.90793
1.93878
1.98322
2.0301
2.07255
2.10828
2.13738
2.16149
2.18329
2.20545
2.22916
2.25276
2.27195
2.28153
2.27759
2.25927
2.23003
2.19731
2.16974
2.15311
2.14841
2.15302
2.16266
2.17213
2.1765
2.17252
2.15972
2.13989
2.11632
2.09446
2.08213
2.0849
2.10057
2.12119
2.13946
2.1507
2.1517
2.14009
2.11531
2.07937
2.03659
1.99248
1.9521
1.91882
1.89385
1.87636
1.86464
1.85731
1.85516
1.86184
1.8811
1.91097
1.94296
1.96885
1.98728
2.00286
2.01934
2.0354
2.0472
2.05284
2.05391
2.05375
2.05499
2.05842
2.06359
2.06983
2.07691
2.0846
2.0922
2.09859
2.1028
2.10533
2.109
2.11844
2.13837
2.17049
2.21155
2.25398
2.28856
2.30712
2.30362
2.27455
2.21921
2.14232
2.05884
1.99428
1.96736
1.97214
1.98981
2.00983
2.03271
2.06313
2.10437
2.15652
2.21723
2.28275
2.34711
2.40166
2.43647
2.44187
2.41008
2.33748
2.22848
2.09965
1.97956
1.89825
1.86806
1.87491
1.89488
1.91353
1.9283
1.9426
1.9608
1.98499
2.01356
2.04308
2.07108
2.09598
2.11565
2.12806
2.13332
2.13462
2.13612
2.13903
2.13924
2.12877
2.10065
2.05319
1.99134
1.92529
1.86729
1.82784
1.81278
1.8234
1.85819
1.91288
1.97968
2.04861
2.1108
2.16023
2.19379
2.211
2.21471
2.21139
2.2097
2.21638
2.2331
2.25698
2.28394
2.31057
2.33285
2.3444
2.33776
2.30824
2.25697
2.19175
2.12363
2.06127
2.00778
1.96414
1.93373
1.92269
1.93629
1.97329
2.02322
2.07086
2.10379
2.11735
2.11402
2.10013
2.08268
2.06826
2.06197
2.06493
2.07327
2.08156
2.08604
2.08489
2.07682
2.06164
2.04343
2.03224
2.03867
2.06478
2.10271
2.14126
2.17182
2.18954
2.19152
2.17475
2.13672
2.07866
2.00806
1.93876
1.8872
1.86609
1.8772
1.90952
1.9465
1.9758
1.99252
1.9975
1.99488
1.99007
1.98754
1.98968
1.99706
2.00965
2.028
2.05303
2.08477
2.12068
2.15503
2.18054
2.19198
2.19058
2.18625
2.19114
2.20785
2.22795
2.24255
2.25084
2.2588
2.27248
2.29168
2.30932
2.31644
2.30748
2.28198
2.24362
2.1982
2.15193
2.10973
2.07383
2.04274
2.01244
1.97908
1.94148
1.90265
1.86959
1.85061
1.84876
1.85714
1.86353
1.86096
1.85289
1.85109
1.86858
1.91142
1.97483
2.04645
2.11353
2.16796
2.20682
2.23046
2.24069
2.24029
2.23306
2.22323
2.21418
2.20712
2.20124
2.1951
2.1885
2.18341
2.18297
2.18909
2.20111
2.2161
2.23022
2.24076
2.24745
2.25235
2.25825
2.26665
2.27597
2.28144
2.27623
2.25346
2.20885
2.14271
2.06054
1.97124
1.88424
1.80722
1.74496
1.69966
1.67233
1.66413
1.6771
1.71318
1.77192
1.84698
1.92618
1.99693
2.05182
2.08971
2.11376
2.12933
2.14264
2.15934
2.18299
2.21436
2.25169
2.29108
2.32719
2.35378
2.36455
2.35394
2.31883
2.26085
2.18818
2.11517
2.05696
2.02077
2.00349
1.99852
2.0016
2.01154
2.02881
2.05437
2.08723
2.12234
2.15264
2.1724
2.17954
2.17545
2.16296
2.14422
2.11982
2.08974
2.05446
2.0161
1.97888
1.94866
1.93145
1.93095
1.94673
1.97451
2.00812
2.04239
2.07448
2.10463
2.13465
2.16472
2.19133
2.20874
2.21293
2.20444
2.18875
2.1748
2.17176
2.18534
2.2148
2.25326
2.29052
2.31621
2.3229
2.30897
2.27879
2.23881
2.19317
2.14357
2.09262
2.04499
2.00534
1.97571
1.95564
1.94524
1.94779
1.96788
2.00653
2.05773
2.11064
2.15406
2.17982
2.18363
2.16483
2.12619
2.07451
2.0202
1.9747
1.94758
1.94483
1.96751
2.01077
2.06425
2.11512
2.1527
2.17168
2.17241
2.1586
2.13418
2.10217
2.06646
2.03423
2.01401
2.00904
2.01359
2.01798
2.01527
2.00305
1.98242
1.95639
1.92889
1.9041
1.88654
1.8802
1.88725
1.90773
1.93973
1.9792
2.02077
2.05966
2.09365
2.12273
2.14846
2.17324
2.19905
2.22539
2.24829
2.26161
2.26001
2.24096
2.20508
2.1545
2.09286
2.02778
1.97386
1.94875
1.96171
2.00683
2.06786
2.12746
2.17415
2.20524
2.22479
2.23875
2.24997
2.25591
2.25092
2.23142
2.20011
2.16521
2.1356
2.11589
2.10454
2.09629
2.08655
2.07526
2.0673
2.06872
2.08107
2.09841
2.1093
2.1029
2.07607
2.03796
2.00756
2.00222
2.0261
2.06957
2.11733
2.15568
2.17575
2.17396
2.15135
2.11257
2.06493
2.01739
1.97945
1.9589
1.95901
1.97698
2.00517
2.0339
2.05416
2.06014
2.05065
2.02884
1.99981
1.96849
1.93903
1.9159
1.90403
1.9071
1.92587
1.9574
1.99524
2.03055
2.05501
2.06512
2.06508
2.06508
2.07618
2.1045
2.148
2.19814
2.24478
2.28072
2.3028
2.3099
2.30211
2.28156
2.2526
2.22025
2.1881
2.15772
2.12908
2.10146
2.0741
2.04695
2.02149
2.00135
1.99204
1.99872
2.02245
2.05894
2.10063
2.13987
2.17043
2.18844
2.19286
2.18567
2.1709
2.15304
2.13587
2.12224
2.11385
2.11179
2.11673
2.12847
2.14373
2.15415
2.1495
2.1246
2.0829
2.03271
1.98197
1.9363
1.89891
1.87199
1.85935
1.8666
1.89684
1.94613
2.00475
2.06146
2.10648
2.13292
2.13867
2.12714
2.10564
2.0824
2.06371
2.05235
2.04683
2.04331
2.03869
2.03281
2.02724
2.02188
2.01418
2.00149
1.98445
1.96776
1.95821
1.96082
1.97686
2.00378
2.03749
2.07454
2.11359
2.15526
2.19974
2.24396
2.28232
2.30996
2.32455
2.32503
2.30976
2.27713
2.22902
2.1729
2.1189
2.07438
2.04188
2.02249
2.0183
2.03053
2.05538
2.08437
2.10848
2.12121
2.1189
2.10135
2.07348
2.04447
2.02128
2.00222
1.97944
1.94831
1.91349
1.88556
1.87192
1.87453
1.89605
1.94141
2.01101
2.09766
2.19
2.27733
2.35124
2.40554
2.43636
2.44268
2.42688
2.39435
2.35218
2.3076
2.2666
2.2326
2.20535
2.18157
2.15661
2.12676
2.09071
2.05038
2.01052
1.97697
1.95438
1.94532
1.95051
1.96829
1.9931
2.01524
2.024
2.01314
1.98536
1.9517
1.92443
1.90913
1.90365
1.90256
1.90146
1.89825
1.89283
1.88712
1.88607
1.89796
1.93071
1.98519
2.05211
2.11685
2.16656
2.19444
2.20045
2.18982
2.17016
2.14842
2.1293
2.11509
2.10589
2.10068
2.09852
2.09923
2.10314
2.1104
2.12065
2.13258
2.14285
2.14596
2.13617
2.11135
2.07512
2.0352
1.9995
1.97325
1.95896
1.95735
1.96746
1.98574
2.0066
2.02495
2.03983
2.05531
2.07787
2.1114
2.15332
2.19597
2.23183
2.25723
2.27176
2.276
2.27109
2.26048
2.2498
2.24178
2.23236
2.21428
2.18387
2.14535
2.11049
2.09392
2.10427
2.13771
2.18154
2.22278
2.2524
2.26469
2.25614
2.22573
2.17543
2.11041
2.03849
1.96819
1.90711
1.86129
1.83583
1.83464
1.8579
1.89939
1.94722
1.98854
2.01471
2.02413
2.02192
2.01721
2.0183
2.02793
2.04244
2.05576
2.06415
2.06753
2.06748
2.06566
2.06348
2.06246
2.06316
2.06357
2.05893
2.04391
2.01528
1.97413
1.92709
1.88554
1.86222
1.86613
1.89898
1.95414
2.01812
2.07513
2.11301
2.12688
2.11919
2.09819
2.07504
2.06015
2.05987
2.07513
2.10278
2.13834
2.17843
2.22076
2.26288
2.30152
2.33323
2.35515
2.36481
2.36065
2.34242
2.31221
2.27473
2.2367
2.20428
2.17959
2.16221
2.1535
2.15499
2.16379
2.17271
2.17495
2.16782
2.15341
2.13642
2.12036
2.10545
2.08976
2.072
2.05248
2.03104
2.00564
1.97426
1.9384
1.90316
1.87504
1.85975
1.8612
1.87957
1.90943
1.94105
1.96661
1.98574
2.0044
2.02922
2.06222
2.09965
2.1352
2.16317
2.17981
2.18319
2.17382
2.15574
2.13631
2.12314
2.12002
2.12524
2.1335
2.13859
2.13545
2.12146
2.09759
2.06875
2.04197
2.02323
2.01577
2.02171
2.04218
2.07476
2.11239
2.14668
2.17303
2.19238
2.20918
2.22771
2.24973
2.27449
2.2997
2.32286
2.34129
2.35238
2.35363
2.34356
2.32228
2.29117
2.25088
2.1999
2.13633
2.06094
1.97888
1.89964
1.83473
1.79329
1.77722
1.78049
1.79454
1.81472
1.8417
1.87886
1.92929
1.99347
2.06765
2.14309
2.20844
2.25409
2.27592
2.27645
2.2623
2.23927
2.20925
2.17119
2.12473
2.07347
2.02536
1.9897
1.97184
1.97097
1.98367
2.00735
2.04005
2.07924
2.12079
2.15893
2.1871
2.20076
2.19999
2.18897
2.17314
2.156
2.13856
2.12056
2.10177
2.08295
2.06646
2.05557
2.05255
2.0569
2.06569
2.07545
2.08365
2.08875
2.08964
2.08591
2.0785
2.07022
2.06451
2.06393
2.06823
2.07357
2.07456
2.06749
2.05259
2.03367
2.01664
2.00771
2.01055
2.02313
2.03874
2.05072
2.05613
2.05598
2.05395
2.05432
2.06031
2.07237
2.0881
2.10333
2.11416
2.11835
2.11554
2.10649
2.09253
2.07582
2.05911
2.04555
2.03889
2.04386
2.06551
2.10653
2.16323
2.22436
2.27516
2.30373
2.30519
2.28166
2.2397
2.18772
2.13369
2.08385
2.04148
2.00669
1.97691
1.94889
1.92071
1.89248
1.8663
1.84633
1.83853
1.84919
1.88105
1.93005
1.9878
2.04614
2.09867
2.14057
2.16878
2.18209
2.18057
2.16575
2.14122
2.11348
2.091
2.08112
2.087
2.10619
2.13187
2.15591
2.17204
2.179
2.18292
2.1933
2.21353
2.23651
2.25148
2.25141
2.23517
2.20616
2.17004
2.13242
2.09755
2.06858
2.04936
2.04435
2.05476
2.07464
2.09237
2.09747
2.08614
2.06223
2.03465
2.01352
2.00746
2.02118
2.05263
2.09274
2.12958
2.15447
2.16484
2.16265
2.15185
2.1375
2.12544
2.12132
2.12827
2.14438
2.16262
2.17381
2.17128
2.15322
2.1225
2.08461
2.04636
2.0151
1.99765
1.99761
2.01268
2.03559
2.0579
2.07483
2.087
2.09741
2.10596
2.10895
2.10392
2.09386
2.08539
2.08374
2.08975
2.09942
2.10484
2.09693
2.07211
2.03955
2.01686
2.01276
2.02211
2.04003
2.06715
2.10198
2.13808
2.16863
2.18995
2.20185
2.20624
2.20528
2.20012
2.1921
2.18489
2.18261
2.18584
2.18922
2.18388
2.16328
2.12719
2.08148
2.03496
1.99554
1.96823
1.95487
1.95537
1.96831
1.99092
2.01881
2.04695
2.07131
2.09016
2.10404
2.11373
2.11819
2.11504
2.10383
2.08745
2.07068
2.05736
2.04948
2.048
2.05354
2.06621
2.08471
2.10575
2.12445
2.13632
2.13905
2.13399
2.125
2.11549
2.10633
2.09603
2.08208
2.06267
2.03768
2.00883
1.97912
1.9523
1.93356
1.92913
1.94326
1.97432
2.0143
2.05258
2.08146
2.09884
2.1074
2.11188
2.11619
2.12195
2.1286
2.13394
2.13568
2.13301
2.12769
2.12351
2.12389
2.13023
2.1424
2.16024
2.18426
2.21459
2.24926
2.28433
2.31537
2.3389
2.35255
2.3538
2.33973
2.30855
2.26242
2.20904
2.16046
2.12825
2.11725
2.12239
2.13176
2.13348
2.12059
2.09197
2.05057
2.00202
1.9543
1.91692
1.89863
1.90437
1.93385
1.98196
2.04044
2.09929
2.14893
2.18249
2.19785
2.19754
2.18638
2.16949
2.15066
2.13216
2.11487
2.09904
2.08484
2.07216
2.06031
2.04812
2.03514
2.02228
2.0107
2.00053
1.99081
1.98011
1.96714
1.95139
1.93336
1.91477
1.89778
1.88438
1.8762
1.87469
1.88194
1.89946
1.92618
1.95771
1.98847
2.01529
2.03815
2.05867
2.07726
2.09211
2.10079
2.1037
2.10546
2.11277
2.12966
2.15424
2.18046
2.20199
2.2154
2.21972
2.21509
2.20139
2.17834
2.14619
2.10718
2.0656
2.02618
1.99208
1.96467
1.94515
1.93554
1.93759
1.95131
1.9748
2.00499
2.03851
2.07275
2.10591
2.13592
2.1595
2.17277
2.17335
2.16253
2.1455
2.12926
2.11856
2.11306
2.10795
2.09724
2.0777
2.05016
2.01862
1.98755
1.96008
1.93739
1.91969
1.90732
1.90265
1.90991
1.93272
1.96974
2.01343
2.05399
2.08376
2.09916
2.10163
2.09773
2.09717
2.10664
2.12378
2.13786
2.13782
2.12091
2.09438
2.0676
2.04266
2.01558
1.98536
1.95837
1.9447
1.95129
1.97816
2.02048
2.07164
2.12356
2.16676
2.19241
2.19535
2.1762
2.14145
2.10186
2.06943
2.05283
2.05465
2.07123
2.0955
2.1201
2.13957
2.15251
2.16177
2.17065
2.17839
2.18015
2.17103
2.14937
2.11727
2.08038
2.04652
2.02261
2.01189
2.0137
2.02534
2.04328
2.06311
2.07961
2.08885
2.0908
2.08946
2.09054
2.09806
2.11223
2.13014
2.14763
2.16097
2.16742
2.16553
2.15586
2.14191
2.12979
2.12546
2.13017
2.13891
2.14436
2.1423
2.13369
2.121
2.1038
2.07798
2.03938
1.98743
1.92666
1.86589
1.8156
1.78504
1.77967
1.79987
1.84122
1.8963
1.95629
2.01311
2.0605
2.09489
2.1155
2.12377
2.12249
2.11494
2.1044
2.0938
2.08566
2.08198
2.08395
2.09143
2.10254
2.11338
2.11928
2.11656
2.10313
2.0786
2.04393
2.002
1.95727
1.91538
1.88182
1.86106
1.85708
1.87396
1.91361
1.9718
2.03829
2.10202
2.15612
2.19929
2.23364
2.26204
2.28567
2.30297
2.31056
2.3053
2.28624
2.25498
2.21476
2.1698
2.12588
2.09034
2.06986
2.0678
2.0821
2.10525
2.12655
2.13668
2.13151
2.11314
2.08758
2.06061
2.03533
2.0127
1.99423
1.98355
1.98538
2.00226
2.0324
2.07078
2.11141
2.14788
2.17352
2.18261
2.1724
2.14432
2.10396
2.05965
2.02111
1.99793
1.99631
2.01298
2.03547
2.05245
2.06205
2.0704
2.08426
2.1057
2.13195
2.15699
2.17352
2.17594
2.16338
2.13915
2.10791
2.0736
2.03943
2.00853
1.98408
1.96939
1.96707
1.97732
1.99701
2.02026
2.04104
2.05687
2.07093
2.08888
2.1131
2.14001
2.16288
2.17606
2.17691
2.16575
2.14488
2.11723
2.08595
2.05586
2.03454
2.0305
2.04877
2.08755
2.13921
2.1941
2.24405
2.28331
2.30855
2.31789
2.31002
2.28539
2.24826
2.20714
2.17193
2.14835
2.1346
2.12242
2.10226
2.06809
2.02029
1.96529
1.91368
1.87758
1.86727
1.88762
1.93472
1.99602
2.05591
2.10308
2.1332
2.14739
2.14979
2.1452
2.13729
2.12765
2.11594
2.10116
2.08313
2.06342
2.04568
2.03421
2.03203
2.03898
2.05209
2.067
2.07939
2.08624
2.08722
2.0854
2.08541
2.09079
2.10162
2.11508
2.12782
2.13822
2.14566
2.14865
2.14455
2.13156
2.11119
2.08892
2.07237
2.06747
2.07564
2.09301
2.11232
2.12684
2.13352
2.1338
2.13173
2.13062
2.13056
2.12909
2.12431
2.11702
2.10914
2.1015
2.094
2.08851
2.08936
2.09813
2.11051
2.12058
2.12575
2.12658
2.123
2.113
2.09562
2.07423
2.05672
2.05243
2.0674
2.10076
2.14335
2.1802
2.19654
2.18397
2.14407
2.08828
2.03318
1.99301
1.97365
1.97214
1.98156
1.99574
2.01081
2.02488
2.03749
2.04971
2.06377
2.08188
2.10497
2.13215
2.16182
2.19361
2.22729
2.25966
2.28322
2.28933
2.27442
2.2436
2.20767
2.17529
2.1481
2.12332
2.09926
2.07749
2.06196
2.05714
2.06614
2.08899
2.12193
2.15843
2.19172
2.21729
2.23281
2.23671
2.22794
2.20697
2.17614
2.13948
2.10236
2.07064
2.04883
2.03804
2.03612
2.03979
2.04657
2.05429
2.06028
2.06152
2.05538
2.04063
2.01795
1.98978
1.96036
1.93539
1.92143
1.92385
1.94474
1.98194
2.03011
2.0829
2.13418
2.17853
2.2116
2.23073
2.23526
2.22685
2.20991
2.19131
2.17887
2.17826
2.1897
2.20756
2.22375
2.23194
2.22964
2.21752
2.19677
2.16747
2.12924
2.08365
2.03563
1.99267
1.96102
1.94264
1.93585
1.93956
1.95591
1.98714
2.03025
2.07725
2.11924
2.14942
2.16363
2.15905
2.13333
2.08606
2.02108
1.9468
1.8742
1.81413
1.77419
1.7572
1.76204
1.78609
1.82567
1.87576
1.93083
1.98609
2.03761
2.0822
2.11872
2.14904
2.1774
2.20768
2.24098
2.27497
2.30568
2.32921
2.34226
2.34194
2.3256
2.29222
2.2438
2.18625
2.12851
2.08057
2.0505
2.04127
2.04937
2.0664
2.08297
2.09227
2.09146
2.08263
2.07321
2.07324
2.08919
2.12011
2.15956
2.19997
2.23408
2.25434
2.25399
2.22957
2.18377
2.1257
2.06865
2.02576
2.00594
2.01113
2.03585
2.06891
2.09704
2.10892
2.09906
2.07061
2.03367
1.99858
1.9699
1.94758
1.93322
1.93233
1.94995
1.98543
2.03132
2.07646
2.11096
2.12985
2.13384
2.1269
2.11286
2.09383
2.07087
2.04648
2.02609
2.0177
2.02874
2.06108
2.10852
2.15932
2.20127
2.22492
2.22472
2.19889
2.14978
2.08361
2.00958
1.938
1.87802
1.83614
1.81539
1.81722
1.84343
1.89547
1.97067
2.05981
2.14914
2.22453
2.27525
2.29588
2.28661
2.25284
2.20372
2.15019
2.1027
2.06877
2.0513
2.04789
2.05171
2.05413
2.04867
2.03374
2.013
1.99424
1.98701
1.99848
2.02875
2.07012
2.11111
2.14202
2.15891
2.16509
2.16944
2.18136
2.20499
2.23739
2.27247
2.30495
2.33189
2.35179
2.36377
2.36689
2.35972
2.34057
2.30838
2.26384
2.20952
2.14939
2.08707
2.02439
1.96292
1.90876
1.87587
1.87814
1.9138
1.96496
2.01319
2.04883
2.06988
2.07785
2.07587
2.06787
2.0574
2.04636
2.03431
2.01882
1.99737
1.96973
1.93916
1.91078
1.889
1.87635
1.87466
1.8855
1.90929
1.94438
1.98838
2.03941
2.09537
2.15206
2.2028
2.24056
2.25965
2.25673
2.23144
2.18759
2.13374
2.08251
2.04668
2.03276
2.03693
2.0481
2.05575
2.05492
2.04497
2.02654
2.0018
1.97717
1.96352
1.97171
2.00627
2.06282
2.13117
2.20026
2.26119
2.30771
2.33562
2.34239
2.32718
2.29175
2.24209
2.19016
2.15233
2.14148
2.15748
2.18771
2.21705
2.23534
2.23841
2.22688
2.20469
2.17734
2.14982
2.12432
2.10004
2.07389
2.04247
2.0045
1.96282
1.92396
1.89521
1.88124
1.88223
1.89438
1.91213
1.93083
1.94804
1.96271
1.97371
1.98127
1.98927
2.00376
2.02842
2.06194
2.09917
2.1336
2.15913
2.17123
2.16809
2.15147
2.12643
2.0995
2.07677
2.06224
2.05705
2.05977
2.06754
2.0776
2.0879
2.09689
2.10322
2.10549
2.10272
2.09454
2.08102
2.06234
2.03889
2.01156
1.98275
1.95729
1.94195
1.94276
1.96111
1.99236
2.02857
2.06275
2.09107
2.11247
2.12703
2.13481
2.13547
2.12907
2.11751
2.10512
2.09755
2.09916
2.11014
2.12652
2.1427
2.15416
2.15831
2.15413
2.14197
2.12406
2.10416
2.08518
2.06828
2.05379
2.04247
2.0356
2.03364
2.03506
2.03664
2.03549
2.03113
2.02618
2.02427
2.02654
2.03074
2.03285
2.02979
2.02154
2.01183
2.00653
2.01077
2.02702
2.05528
2.09415
2.14097
2.19106
2.2369
2.27004
2.28467
2.27998
2.25992
2.23019
2.19526
2.15725
2.11699
2.07557
2.03552
2.00114
1.977
1.96543
1.96581
1.97589
1.99337
2.01597
2.04143
2.06844
2.09673
2.12585
2.15448
2.18198
2.20896
2.23603
2.26195
2.28316
2.29556
2.29683
2.2877
2.27141
2.25141
2.22921
2.2041
2.1746
2.14005
2.10114
2.05924
2.01531
1.97038
1.92733
1.89138
1.86798
1.86031
1.86893
1.89332
1.93326
1.98717
2.05009
2.11431
2.17284
2.22182
2.25968
2.28484
2.29498
2.28836
2.26607
2.23278
2.19571
2.16179
2.13491
2.1147
2.09737
2.07846
2.0563
2.03435
2.02055
2.02298
2.04404
2.07726
2.10946
2.12622
2.11779
2.08273
2.02878
1.96977
1.91908
1.88394
1.86583
1.86496
1.88382
1.92639
1.99257
2.07327
2.15269
2.21637
2.25708
2.27486
2.27354
2.25753
2.23077
2.19698
2.15991
2.12302
2.08898
2.06027
2.04069
2.03466
2.04324
2.06082
2.07707
2.08152
2.06741
2.03431
1.98893
1.94322
1.91064
1.90153
1.91953
1.96059
2.01492
2.07066
2.11732
2.14772
2.15823
2.14882
2.12333
2.08941
2.0572
2.03595
2.03048
2.03907
2.0553
2.07204
2.08452
2.09168
2.09512
2.09662
2.09636
2.09283
2.08473
2.07285
2.06026
2.05181
2.0526
2.06647
2.09327
2.12736
2.15995
2.18367
2.19688
2.20372
2.20995
2.21739
2.22401
2.22838
2.23075
2.23067
2.22591
2.2143
2.19517
2.16938
2.13888
2.10681
2.07756
2.05529
2.0419
2.03622
2.03613
2.04036
2.04772
2.0552
2.05769
2.0508
2.03457
2.01483
2.00052
1.99902
2.01287
2.03951
2.07337
2.10822
2.13809
2.15748
2.16169
2.14822
2.1189
2.08085
2.04571
2.0265
2.03259
2.0646
2.11353
2.16512
2.20571
2.22586
2.2211
2.19182
2.14374
2.08738
2.03436
1.9912
1.95673
1.92601
1.89677
1.87303
1.86417
1.87956
1.92211
1.98662
2.06239
2.13683
2.19819
2.23783
2.2519
2.24266
2.21827
2.19085
2.17263
2.17056
2.18303
2.20208
2.21878
2.22684
2.22297
2.20551
2.17375
2.12856
2.0747
2.02151
1.97993
1.95734
1.9548
1.96911
1.99654
2.03406
2.07716
2.11876
2.15154
2.17197
2.18158
2.18498
2.18578
2.18309
2.17157
2.1444
2.09833
2.03749
1.97375
1.92257
1.89588
1.89742
1.92394
1.96821
2.0202
2.06737
2.09753
2.10306
2.08345
2.04502
1.99776
1.95173
1.91389
1.88656
1.86912
1.86081
1.86227
1.87488
1.89858
1.93109
1.96903
2.0091
2.04831
2.08374
2.11274
2.13362
2.14594
2.15065
2.15046
2.14903
2.14995
2.15502
2.16346
2.172
2.17601
2.1723
2.16194
2.15079
2.14611
2.14998
2.1549
2.14803
2.12115
2.07767
2.03013
1.99074
1.96343
1.9454
1.93467
1.93359
1.94572
1.97201
2.00972
2.05391
2.09956
2.14289
2.18144
2.21362
2.23867
2.25692
2.269
2.27382
2.26816
2.24898
2.21683
2.17697
2.13724
2.10517
2.08687
2.08683
2.10642
2.14102
2.17987
2.21027
2.22362
2.21848
2.19859
2.16918
2.1341
2.09585
2.05705
2.0218
1.99488
1.97873
1.97203
1.9721
1.97842
1.9934
2.02038
2.05921
2.10332
2.14312
2.17284
2.19273
2.20608
2.21485
2.21768
2.21161
2.19546
2.1719
2.14791
2.13328
2.1372
2.16239
2.20096
2.23786
2.26033
2.26371
2.25051
2.22608
2.19518
2.16056
2.12392
2.08656
2.0492
2.01206
1.97636
1.9457
1.92519
1.91854
1.92476
1.93713
1.94601
1.94424
1.93161
1.91573
1.90755
1.91382
1.93305
1.95893
1.98558
2.00924
2.02672
2.03446
2.02985
2.01338
1.98961
1.965
1.94528
1.93473
1.93628
1.9514
1.98073
2.0247
2.08228
2.14828
2.21407
2.27162
2.31633
2.3464
2.36085
2.35883
2.34028
2.30762
2.26686
2.22675
2.19576
2.1792
2.1775
2.18638
2.19865
2.20667
2.20524
2.19311
2.17208
2.14451
2.11129
2.07213
2.02789
1.98313
1.94587
1.92439
1.92195
1.93512
1.95674
1.97998
1.99989
2.01454
2.02533
2.03541
2.04562
2.05257
2.05123
2.03907
2.01786
1.99397
1.97761
1.97969
2.00646
2.05582
2.11885
2.18509
2.24585
2.29508
2.32997
2.35107
2.36057
2.36022
2.34983
2.3281
2.29533
2.25504
2.21331
2.1763
2.14743
2.1262
2.10978
2.09493
2.07898
2.06006
2.03801
2.01532
1.99708
1.9886
1.99222
2.00518
2.02069
2.0312
2.0319
2.02262
2.00779
1.99458
1.99006
1.99811
2.01732
2.04083
2.05876
2.0621
2.04721
2.01829
1.98711
1.97053
1.98538
2.0398
2.1263
2.22538
2.31602
2.38242
2.41545
2.41125
2.37077
2.30095
2.21592
2.13516
2.07632
2.04746
2.0466
2.06651
2.0974
2.12873
2.15246
2.16471
2.16493
2.15481
2.13802
2.12028
2.10788
2.10493
2.11174
2.12496
2.13891
2.14775
2.14849
2.14358
2.14001
2.14236
2.14618
2.14008
2.11493
2.069
2.00777
1.94166
1.8835
1.84558
1.83555
1.85356
1.89356
1.94663
2.00321
2.055
2.09677
2.12697
2.14619
2.15509
2.1534
2.14113
2.12053
2.09788
2.08282
2.08462
2.10739
2.14829
2.19952
2.25114
2.2937
2.31947
2.32301
2.30219
2.259
2.19999
2.13525
2.0753
2.02752
1.99462
1.97588
1.96918
1.97232
1.9833
2.00104
2.02499
2.05301
2.08027
2.10226
2.11822
2.12959
2.13641
2.13544
2.12216
2.09484
2.05832
2.0242
2.00695
2.01682
2.05378
2.10714
2.16145
2.20394
2.22904
2.23857
2.23912
2.23832
2.24132
2.24801
2.25345
2.25108
2.23606
2.20702
2.16597
2.11808
2.07151
2.03569
2.01619
2.01172
2.01755
2.03081
2.05146
2.08024
2.1168
2.15818
2.19809
2.22761
2.23814
2.22432
2.18604
2.12883
2.06358
2.00486
1.96533
1.95001
1.95572
1.97535
2.00171
2.02856
2.051
2.06634
2.07507
2.07998
2.08335
2.08464
2.08069
2.06852
2.04848
2.02516
2.00591
1.99706
2.00051
2.01298
2.02836
2.041
2.04897
2.05608
2.06975
2.0956
2.13194
2.17001
2.19911
2.21113
2.20204
2.17077
2.11849
2.04883
1.96911
1.89238
1.83732
1.8233
1.85958
1.93834
2.03918
2.14
2.22437
2.28322
2.31391
2.31835
2.30129
2.26927
2.2297
2.18945
2.15312
2.12176
2.09383
2.06743
2.04255
2.02168
2.00916
2.0098
2.0269
2.06059
2.10674
2.15747
2.20279
2.23396
2.24699
2.24394
2.23151
2.21775
2.2081
2.20281
2.19742
2.18656
2.16876
2.14869
2.13494
2.13411
2.14589
2.16351
2.17843
2.18447
2.17849
2.15877
2.12347
2.07131
2.00388
1.92865
1.85915
1.81089
1.79332
1.80385
1.83
1.85828
1.88129
1.89891
1.91478
1.93322
1.95865
1.99503
2.04304
2.09798
2.15225
2.2001
2.23999
2.2726
2.29794
2.31462
2.32148
2.31961
2.31192
2.30096
2.28768
2.27155
2.25157
2.22666
2.19601
2.15959
2.11984
2.0819
2.05191
2.03358
2.02583
2.02396
2.02345
2.02242
2.02117
2.02022
2.01918
2.01719
2.01402
2.01102
2.01136
2.01823
2.03163
2.0474
2.06048
2.07036
2.08327
2.10813
2.14874
2.1993
2.24775
2.28238
2.29579
2.28515
2.25199
2.20293
2.14855
2.09963
2.06331
2.04212
2.03536
2.04062
2.05433
2.07201
2.09021
2.10864
2.13031
2.15676
2.18246
2.19637
2.18907
2.1569
2.10136
2.02754
1.94404
1.86377
1.80118
1.76682
1.76405
1.78961
1.83591
1.8939
1.95538
2.0136
2.06268
2.09759
2.1154
2.1165
2.10473
2.08643
2.06904
2.05934
2.0614
2.07665
2.10506
2.14604
2.19703
2.25171
2.30063
2.3342
2.34591
2.33414
2.30242
2.25833
2.21156
2.17238
2.14969
2.14867
2.16873
2.20383
2.24493
2.28328
2.31234
2.32759
2.32544
2.30247
2.25584
2.1856
2.09718
2.00166
1.91101
1.83159
1.76413
1.71202
1.68436
1.68557
1.70952
1.74818
1.79662
1.85043
1.90397
1.95209
1.99219
2.02425
2.05033
2.0738
2.09866
2.12738
2.15814
2.18469
2.19881
2.19432
2.17058
2.13442
2.09872
2.0757
2.06899
2.07321
2.08045
2.08559
2.08653
2.08262
2.074
2.06229
2.05099
2.04262
2.03578
2.02733
2.01844
2.0159
2.02543
2.04549
2.07054
2.0977
2.12879
2.16692
2.21068
2.25241
2.28262
2.29502
2.28818
2.26506
2.2319
2.19736
2.1705
2.15701
2.156
2.16085
2.16364
2.15883
2.14465
2.12322
2.09968
2.08002
2.06842
2.06597
2.07234
2.08822
2.11384
2.14514
2.17337
2.18938
2.18815
2.17065
2.14248
2.10988
2.07639
2.0444
2.01853
2.00336
1.99838
1.99859
1.99956
1.99961
1.99825
1.99479
1.98899
1.98303
1.98145
1.9883
2.00359
2.0221
2.03513
2.03491
2.01908
1.99311
1.96866
1.95765
1.96577
1.99102
2.02722
2.06712
2.10293
2.12614
2.12942
2.11001
2.0724
2.02826
1.99441
1.9883
2.01902
2.07974
2.15246
2.21897
2.26732
2.29192
2.29264
2.27376
2.24293
2.20888
2.17996
2.16221
2.157
2.15939
2.16077
2.15502
2.14332
2.13297
2.13109
2.13886
2.15181
2.16395
2.17084
2.1703
2.16226
2.14818
2.13101
2.11394
2.09929
2.08815
2.08068
2.07645
2.075
2.07624
2.08023
2.0863
2.09173
2.0919
2.0828
2.06345
2.03636
2.0069
1.98256
1.97185
1.98062
2.00766
2.04467
2.08105
2.10816
2.12067
2.11629
2.09564
2.06192
2.0201
1.97698
1.94119
1.92216
1.92744
1.95878
2.01052
2.0718
2.13071
2.17836
2.21034
2.22667
2.23065
2.22776
2.22376
2.22229
2.22307
2.22175
2.21271
2.19257
2.16231
2.12757
2.09614
2.07432
2.06438
2.06485
2.07242
2.08309
2.09186
2.09354
2.08504
2.06715
2.04436
2.02353
2.01243
2.01731
2.04039
2.07811
2.12172
2.16028
2.18473
2.19092
2.18008
2.15774
2.13111
2.10661
2.08704
2.0708
2.05359
2.03226
2.00742
1.98322
1.96462
1.95531
1.95706
1.96993
1.99226
2.02068
2.0516
2.08272
2.11324
2.14247
2.16775
2.18438
2.18713
2.17239
2.14049
2.0967
2.05131
2.01678
2.00238
2.00954
2.03154
2.05782
2.07976
2.09375
2.10083
2.10446
2.10788
2.11243
2.11806
2.12485
2.13393
2.14717
2.16514
2.18485
2.19936
2.2004
2.18234
2.1447
2.0919
2.03142
1.9718
1.92097
1.88493
1.86642
1.86347
1.87012
1.87991
1.88995
1.90215
1.92071
1.94836
1.98466
2.02665
2.07034
2.11154
2.1467
2.17468
2.19774
2.22018
2.24473
2.26955
2.28859
2.29484
2.28411
2.25711
2.2189
2.17765
2.14301
2.12346
2.12319
2.13992
2.16595
2.19211
2.21111
2.21915
2.21567
2.20276
2.18415
2.16329
2.14177
2.11848
2.09044
2.05484
2.0112
1.96257
1.91497
1.87566
1.85042
1.84222
1.85074
1.87304
1.9048
1.94172
1.98001
2.01599
2.04548
2.06406
2.06915
2.06287
2.05257
2.04692
2.05033
2.06221
2.08035
2.10275
2.12612
2.1446
2.15246
2.14792
2.13421
2.11676
2.09936
2.08343
2.06977
2.05991
2.05495
2.05155
2.04108
2.01668
1.98212
1.95271
1.94546
1.96629
2.00816
2.06027
2.11695
2.1776
2.24005
2.29695
2.33888
2.35977
2.35969
2.34243
2.31144
2.26799
2.21393
2.15457
2.09912
2.05807
2.03959
2.04687
2.0774
2.12387
2.17621
2.2243
2.25991
2.27851
2.279
2.26299
2.23417
2.19802
2.16069
2.12687
2.09811
2.07323
2.04962
2.02464
1.9976
1.97125
1.95073
1.94055
1.9418
1.95051
1.95898
1.95944
1.94774
1.92545
1.89946
1.87793
1.86535
1.86196
1.86736
1.88234
1.90741
1.94114
1.9803
2.02164
2.06314
2.1033
2.13997
2.17133
2.19702
2.21867
2.23894
2.26079
2.28559
2.31172
2.33474
2.34993
2.35468
2.34875
2.33288
2.30737
2.27236
2.22929
2.18163
2.13353
2.08794
2.0468
2.01358
1.99427
1.994
2.01228
2.04203
2.07352
2.09933
2.11637
2.12418
2.12285
2.11288
2.09627
2.07694
2.05995
2.04923
2.04568
2.04703
2.04913
2.04789
2.04096
2.0282
2.01132
1.99399
1.98184
1.98216
2.00063
2.03754
2.08696
2.1388
2.18218
2.20887
2.21568
2.20457
2.18166
2.15645
2.13949
2.13609
2.14048
2.13924
2.12256
2.09187
2.05929
2.04038
2.04441
2.07032
2.11006
2.15454
2.19694
2.23339
2.26064
2.27383
2.26669
2.23501
2.18032
2.11206
2.0452
1.99364
1.96329
1.95099
1.94953
1.95312
1.95932
1.96833
1.98119
1.99837
2.01947
2.04289
2.06522
2.08128
2.08487
2.0712
2.03936
1.99421
1.94617
1.90875
1.89399
1.90712
1.94389
1.99323
2.04262
2.08203
2.10574
2.11348
2.11069
2.10687
2.11046
2.12301
2.13947
2.15398
2.16458
2.17312
2.18235
2.19348
2.20584
2.21848
2.23142
2.24467
2.25705
2.26668
2.27231
2.27334
2.26836
2.25473
2.23068
2.19803
2.16145
2.12436
2.08654
2.0465
2.0047
1.96384
1.92751
1.89916
1.88173
1.87686
1.88469
1.90442
1.93479
1.97373
2.01742
2.06002
2.09463
2.11535
2.1195
2.10909
2.09002
2.06913
2.05138
2.03805
2.0276
2.01787
2.00857
2.00281
2.00592
2.02178
2.04902
2.08032
2.10603
2.11953
2.12046
2.11357
2.1042
2.09587
2.09083
2.09189
2.10258
2.12506
2.15654
2.18927
2.21482
2.22774
2.22616
2.21086
2.18431
2.15026
2.113
2.07674
2.04511
2.02033
2.00189
1.98646
1.96981
1.95014
1.93061
1.91913
1.92458
1.95131
1.99608
2.0497
2.10182
2.1444
2.17282
2.18429
2.17628
2.14762
2.10317
2.05532
2.01851
2.00124
2.0037
2.02048
2.04357
2.0637
2.07217
2.06467
2.04473
2.02425
2.01831
2.03687
2.08064
2.14277
2.21259
2.2784
2.32998
2.3602
2.36529
2.34459
2.30045
2.23802
2.16381
2.08459
2.00731
1.94015
1.89214
1.87081
1.8785
1.9111
1.95989
2.01431
2.06408
2.10028
2.11679
2.1143
2.10549
2.11102
2.1396
2.1768
2.20223
2.20611
2.18915
2.15729
2.1191
2.08576
2.06923
2.07778
2.11151
2.16293
2.22163
2.27848
2.3265
2.35948
2.3715
2.35811
2.31854
2.2574
2.18384
2.10934
2.04406
1.99388
1.95985
1.93948
1.92829
1.9209
1.91202
1.89846
1.88119
1.86548
1.85797
1.86224
1.87642
1.8949
1.91364
1.93486
1.96588
2.0129
2.07512
2.14394
2.20799
2.25854
2.29217
2.30939
2.31219
2.30248
2.28246
2.25649
2.23285
2.22153
2.2277
2.24635
2.26567
2.27407
2.26427
2.23463
2.18941
2.13634
2.08321
2.03539
1.99591
1.96704
1.95031
1.94463
1.94593
1.94969
1.95389
1.96031
1.97344
1.99689
2.03013
2.06762
2.1021
2.12849
2.14463
2.14939
2.14127
2.11961
2.08711
2.05022
2.0173
1.99594
1.99058
2.00083
2.02271
2.05136
2.08349
2.11729
2.15112
2.18293
2.21079
2.23323
2.24944
2.25939
2.26381
2.26328
2.25701
2.24196
2.21456
2.17359
2.12353
2.07545
2.04254
2.03134
2.03812
2.05346
2.06916
2.08088
2.08789
2.09151
2.09357
2.09495
2.09413
2.08767
2.07274
2.04968
2.02323
2.0015
1.99266
2.00095
2.02389
2.05322
2.07863
2.09245
2.09217
2.08023
2.0625
2.0458
2.03638
2.0388
2.05504
2.08419
2.12256
2.16413
2.20156
2.22787
2.23814
2.23056
2.20556
2.16515
2.11285
2.0541
1.99526
1.94177
1.89837
1.87022
1.86222
1.87621
1.91001
1.95857
2.01455
2.06862
2.1112
2.13551
2.13979
2.12756
2.10599
2.08343
2.06717
2.06095
2.06353
2.06936
2.0732
2.07579
2.08444
2.10426
2.13067
2.15361
2.16714
2.1731
2.17752
2.18589
2.20015
2.21807
2.23511
2.24622
2.2471
2.23572
2.21304
2.18295
2.15038
2.11967
2.09392
2.07467
2.06146
2.05196
2.04387
2.03628
2.02884
2.02106
2.01426
2.01427
2.03025
2.06908
2.12904
2.1979
2.25834
2.29543
2.30112
2.27486
2.22262
2.15574
2.08809
2.03111
1.9895
1.96169
1.94462
1.93727
1.93997
1.95251
1.97296
1.99696
2.0187
2.03298
2.03746
2.03248
2.01904
1.99794
1.97205
1.94909
1.94109
1.95894
2.00575
2.07444
2.15034
2.21709
2.26267
2.28253
2.27897
2.25904
2.23232
2.20846
2.19472
2.19412
2.20486
2.22129
2.2358
2.24091
2.23195
2.20824
2.17281
2.13044
2.08572
2.04244
2.00487
1.97872
1.96897
1.97532
1.99117
2.00775
2.01886
2.02259
2.02102
2.01923
2.02246
2.03357
2.05233
2.07642
2.10208
2.12463
2.13946
2.14394
2.13842
2.12588
2.11026
2.09555
2.0846
2.07803
2.07432
2.07158
2.06985
2.07175
2.0811
2.09952
2.12374
2.14679
2.16216
2.1666
2.16014
2.14474
2.12297
2.09681
2.06649
2.03094
1.9894
1.94412
1.90102
1.86785
1.8513
1.85454
1.87702
1.91534
1.96316
2.01168
2.05197
2.07823
2.08972
2.0898
2.08338
2.07474
2.06692
2.06157
2.05882
2.05679
2.05237
2.04328
2.03051
2.01867
2.01409
2.02112
2.0396
2.06576
2.095
2.12397
2.15093
2.17482
2.19502
2.21227
2.22926
2.24887
2.27131
2.29226
2.30379
2.2964
2.26265
2.20046
2.11447
2.01441
1.91285
1.82289
1.75572
1.71789
1.70951
1.7251
1.75752
1.80142
1.85333
1.90919
1.96251
2.0064
2.03776
2.05878
2.07331
2.08215
2.08237
2.07101
2.04892
2.02295
2.0051
2.00732
2.03463
2.08266
2.14107
2.19915
2.24875
2.28459
2.304
2.30729
2.29776
2.28064
2.26096
2.24133
2.22172
2.20168
2.18255
2.16668
2.15461
2.14471
2.13558
2.12785
2.12369
2.12593
2.13705
2.15822
2.18651
2.2129
2.22559
2.21679
2.18561
2.13634
2.07528
2.00912
1.94565
1.89499
1.86898
1.87608
1.91529
1.97592
2.04349
2.10533
2.15253
2.17926
2.18278
2.16437
2.13032
2.09034
2.05369
2.02621
2.01027
2.00546
2.00947
2.01889
2.03045
2.04219
2.05418
2.06835
2.08669
2.10868
2.13021
2.14524
2.14927
2.14071
2.12017
2.08974
2.05339
2.01838
1.99421
1.98809
2.0003
2.0247
2.05376
2.08324
2.11319
2.14521
2.17929
2.2123
2.23891
2.2538
2.25402
2.24018
2.21599
2.18636
2.15605
2.12917
2.10898
2.09655
2.08925
2.08161
2.06882
2.05003
2.02931
2.01338
2.00792
2.01451
2.03008
2.04862
2.06408
2.07296
2.07503
2.07246
2.0684
2.06654
2.07074
2.08327
2.10259
2.12317
2.13887
2.14622
2.14471
2.13539
2.1197
2.10002
2.08075
2.068
2.06716
2.08071
2.10833
2.14673
2.18946
2.22805
2.25508
2.26749
2.26756
2.26062
2.25129
2.24131
2.23015
2.21734
2.2034
2.18896
2.17302
2.15281
2.12511
2.08827
2.04394
1.99757
1.9575
1.93203
1.9252
1.934
1.94976
1.96319
1.96989
1.97285
1.97935
1.99434
2.01653
2.04068
2.06234
2.07932
2.09054
2.09504
2.09259
2.08491
2.07634
2.07197
2.07319
2.07558
2.07253
2.06037
2.0406
2.01872
2.00182
1.99559
2.00241
2.0209
2.04724
2.07651
2.10366
2.12427
2.13497
2.13412
2.12173
2.0997
2.07187
2.04359
2.02044
2.00663
2.00367
2.01026
2.02389
2.04246
2.06404
2.08606
2.10572
2.12134
2.13292
2.14098
2.14497
2.14312
2.13368
2.1168
2.0977
2.08734
2.09657
2.12698
2.1701
2.21439
2.25039
2.27165
2.27531
2.26272
2.23907
2.21214
2.19071
2.18196
2.18817
2.20522
2.22476
2.23834
2.24115
2.2338
2.22137
2.2097
2.20041
2.18958
2.17057
2.13928
2.09709
2.04989
2.00486
1.9671
1.93822
1.91733
1.90361
1.89778
1.90057
1.91087
1.92669
1.94681
1.97094
1.99835
2.02705
2.05416
2.07637
2.09024
2.09236
2.07977
2.05073
2.0062
1.95095
1.89317
1.84299
1.81054
1.80367
1.82568
1.87355
1.93873
2.01016
2.07782
2.13481
2.17782
2.20634
2.22189
2.22633
2.22035
2.204
2.17888
2.14937
2.12117
2.09944
2.08856
2.09226
2.11184
2.14519
2.18746
2.23128
2.26694
2.28407
2.27594
2.24268
2.1911
2.13131
2.07363
2.02691
1.99743
1.98838
1.99933
2.02625
2.06294
2.10269
2.1391
2.16604
2.17786
2.17026
2.14157
2.09403
2.03492
1.97639
1.9329
1.91678
1.93436
1.98439
2.05858
2.1441
2.22697
2.29467
2.33816
2.35321
2.3407
2.30541
2.25414
2.19424
2.13288
2.07708
2.0331
2.00489
1.99245
1.99177
1.99615
1.99861
1.9943
1.98205
1.96442
1.94664
1.93506
1.9346
1.94678
1.96904
1.996
2.0226
2.04714
2.072
2.1007
2.13319
2.16402
2.18565
2.19416
2.19077
2.17873
2.16068
2.1387
2.11493
2.09232
2.07432
2.06348
2.06076
2.06534
2.0746
2.08392
2.08817
2.08426
2.07299
2.05762
2.04108
2.0249
2.01096
2.00428
2.01248
2.0384
2.07523
2.11403
2.15354
2.1969
2.24104
2.27598
2.29375
2.29317
2.27743
2.25047
2.21505
2.17268
2.12488
2.07444
2.02579
1.98368
1.95116
1.92858
1.91522
1.91191
1.92165
1.94725
1.98735
2.03465
2.08003
2.11765
2.14601
2.16482
2.173
2.16867
2.15132
2.12354
2.09143
2.06315
2.04618
2.04393
2.05439
2.07145
2.08797
2.09903
2.10337
2.103
2.10189
2.10502
2.11734
2.1414
2.17575
2.2155
2.25515
2.29137
2.32331
2.35026
2.36839
2.36986
2.34671
2.29593
2.22227
2.1371
2.05568
1.99352
1.96186
1.9635
1.99205
2.03617
2.08537
2.13285
2.17616
2.21574
2.25077
2.2769
2.28905
2.28477
2.26377
2.2264
2.17512
2.11763
2.06688
2.03595
2.0308
2.04762
2.07663
2.10783
2.1347
2.15456
2.16657
2.16888
2.15843
2.1341
2.09979
2.06425
2.03768
2.02687
2.0327
2.0509
2.0747
2.09733
2.11359
2.12005
2.11479
2.09679
2.06579
2.02259
1.97007
1.91433
1.86434
1.82866
1.81211
1.81541
1.8368
1.87331
1.92079
1.9733
2.02388
2.06691
2.09993
2.12381
2.14125
2.15375
2.1598
2.15669
2.14438
2.12742
2.11344
2.10933
2.11786
2.1373
2.16379
2.19307
2.22066
2.24189
2.25254
2.25028
2.23538
2.21113
2.18323
2.15794
2.13887
2.12442
2.1087
2.08499
2.05059
2.01019
1.97554
1.95972
1.96798
1.99458
2.02893
2.06204
2.0875
2.10017
2.09628
2.07545
2.04209
2.00463
1.97276
1.95401
1.95076
1.95951
1.9734
1.98591
1.99355
1.99623
1.99606
1.99542
1.99599
1.99909
2.00671
2.02229
2.0504
2.09541
2.15712
2.22616
2.28591
2.32247
2.33055
2.31293
2.27679
2.22971
2.17733
2.12387
2.07383
2.03397
2.01327
2.0176
2.04262
2.07616
2.10789
2.13345
2.15241
2.16511
2.17128
2.17165
2.16942
2.16877
2.1708
2.17294
2.17187
2.1667
2.15998
2.15602
2.15794
2.16578
2.1773
2.1896
2.19926
2.20203
2.1938
2.17205
2.13675
2.0907
2.03971
1.99191
1.95548
1.93583
1.93405
1.94653
1.96625
1.98489
1.9952
1.99338
1.98013
1.95987
1.93746
1.91526
1.89344
1.87291
1.85747
1.8532
1.86591
1.89813
1.94652
2.00286
2.05762
2.10426
2.14059
2.16713
2.18499
2.19511
2.19904
2.19896
2.19632
2.19071
2.18084
2.16641
2.14868
2.12944
2.1102
2.09226
2.07675
2.06386
2.05204
2.03847
2.02094
1.9996
1.97763
1.96034
1.95362
1.96232
1.98891
2.03282
2.09021
2.15482
2.21946
2.27771
2.32521
2.35961
2.37984
2.38526
2.37519
2.34929
2.30779
2.25233
2.18692
2.11907
2.05852
2.01396
1.9893
1.9822
1.98665
1.99701
2.01061
2.02736
2.04709
2.0679
2.08671
2.10072
2.10797
2.10699
2.09642
2.07606
2.04819
2.01856
1.99536
1.98534
1.99021
2.00681
2.02998
2.05565
2.08174
2.10766
2.13223
2.15238
2.16458
2.1675
2.16217
2.14958
2.12839
2.09551
2.04962
1.99438
1.93878
1.89366
1.8673
1.86268
1.87771
1.90762
1.94564
1.98304
2.0111
2.02457
2.02446
2.01802
2.01552
2.02542
2.05079
2.0884
2.1312
2.17221
2.20679
2.23293
2.25031
2.2597
2.26187
2.25574
2.2382
2.20708
2.16583
2.12552
2.10024
2.09758
2.1131
2.13516
2.15436
2.1677
2.17728
2.1863
2.19716
2.21081
2.22686
2.24245
2.25161
2.24615
2.21868
2.16673
2.096
2.02011
1.95639
1.91927
1.91505
1.93976
1.98157
2.02676
2.06443
2.08804
2.09473
2.08393
2.05628
2.01359
1.95938
1.89932
1.84071
1.79208
1.76197
1.75683
1.77899
1.82616
1.89223
1.96872
2.0468
2.11919
2.18108
2.22999
2.26498
2.28597
2.29365
2.29037
2.28024
2.26776
2.2561
2.2469
2.24013
2.23309
2.22132
2.2022
2.1769
2.14851
2.11962
2.09241
2.0698
2.05442
2.04713
2.0458
2.04619
2.04493
2.04204
2.04039
2.0429
2.05002
2.05913
2.06615
2.0676
2.06198
2.05019
2.03461
2.01786
2.00164
1.98766
1.97899
1.97966
1.99227
2.01639
2.04871
2.08396
2.11564
2.13764
2.14682
2.14551
2.14168
2.146
2.1656
2.19845
2.23453
2.26276
2.2763
2.27366
2.25745
2.23286
2.20616
2.18305
2.16733
2.15979
2.15773
2.15586
2.14895
2.13441
2.11358
2.09035
2.06844
2.04896
2.03019
2.00971
1.98742
1.96645
1.95154
1.94605
1.95132
1.96763
1.99409
2.02793
2.06526
2.10268
2.13803
2.16996
2.19632
2.21332
2.21699
2.2066
2.18659
2.16465
2.14691
2.13493
2.12719
2.12212
2.11798
2.11222
2.10214
2.0869
2.06804
2.04839
2.0303
2.01485
2.0023
1.99303
1.98806
1.98946
1.99982
2.0208
2.0513
2.08677
2.12105
2.1483
2.16411
2.16651
2.15742
2.14269
2.13085
2.13107
2.15078
2.1912
2.24443
2.29572
2.32964
2.33528
2.30795
2.24884
2.16499
2.06886
1.97567
1.89934
1.84883
1.82797
1.83717
1.87242
1.92312
1.97771
2.03257
2.09133
2.15598
2.22205
2.28401
2.34016
2.38959
2.42746
2.44558
2.43698
2.40011
2.33993
2.26601
2.18933
2.11943
2.06312
2.02422
2.00353
1.99868
2.00443
2.01373
2.02004
2.0191
2.00946
1.99249
1.97182
1.9528
1.94214
1.94613
1.96761
2.00376
2.04644
2.08612
2.11638
2.13575
2.14645
2.15092
2.14954
2.14048
2.12148
2.09216
2.05596
2.02073
1.99681
1.99291
2.01166
2.04829
2.09393
2.13951
2.17732
2.20097
2.20625
2.19319
2.16721
2.13702
2.11022
2.08901
2.07
2.04867
2.02471
2.00279
1.98889
1.98615
1.99427
2.01115
2.03385
2.05855
2.08167
2.10238
2.12317
2.14694
2.17244
2.19374
2.20378
2.19856
2.17978
2.15463
2.1305
2.10932
2.08804
2.06358
2.03621
2.00896
1.98606
1.97177
1.96999
1.98326
2.01183
2.05276
2.10014
2.14609
2.18329
2.208
2.2212
2.22677
2.22792
2.22518
2.21728
2.20209
2.17732
2.14163
2.09591
2.04439
1.99436
1.95446
1.93216
1.93124
1.94982
1.97959
2.00835
2.02658
2.03513
2.04824
2.08309
2.13911
2.19663
2.23656
2.25237
2.24876
2.23625
2.22438
2.21552
2.2034
2.17962
2.1436
2.10949
2.09811
2.11344
2.13614
2.14507
2.13181
2.09922
2.05664
2.01574
1.9854
1.96858
1.96488
1.9751
2.00134
2.0425
2.09105
2.13595
2.16875
2.18606
2.18852
2.17838
2.15814
2.13033
2.0983
2.06664
2.04107
2.02729
2.02956
2.04983
2.08669
2.13503
2.18694
2.23427
2.27171
2.2978
2.3129
2.31623
2.30482
2.27581
2.2292
2.16982
2.10693
2.05077
2.00734
1.97623
1.95353
1.93718
1.93006
1.93766
1.96254
2.00179
2.04926
2.09957
2.15009
2.20002
2.24662
2.28327
2.30133
2.29404
2.25869
2.19647
2.11225
2.01561
1.92211
1.85011
1.81362
1.81578
1.84973
1.90363
1.96584
2.02699
2.07908
2.11501
2.13021
2.12427
2.10178
2.07173
2.04553
2.0336
2.04119
2.06646
2.10246
2.14104
2.17607
2.20488
2.22766
2.24535
2.25788
2.26396
2.26264
2.25423
2.23962
2.21887
2.19176
2.1593
2.12499
2.09509
2.0781
2.081
2.10384
2.13899
2.17465
2.19878
2.20215
2.18076
2.13678
2.0783
2.01785
1.96977
1.94586
1.95106
1.98174
2.02748
2.07648
2.12072
2.15801
2.18927
2.21408
2.22915
2.22995
2.21382
2.18283
2.14487
2.11022
2.0856
2.07092
2.06095
2.04957
2.03316
2.0115
1.98691
1.96255
1.94141
1.92617
1.91898
1.92028
1.92862
1.94231
1.96117
1.98602
2.01661
2.0508
2.08616
2.12176
2.15813
2.19552
2.23189
2.26252
2.28157
2.28484
2.27219
2.24808
2.21924
2.19158
2.16858
2.15127
2.13872
2.12841
2.11654
2.09919
2.07481
2.0459
2.01735
1.99247
1.97131
1.95305
1.93893
1.93285
1.93931
1.96057
1.99512
2.03827
2.08428
2.12804
2.16507
2.19128
2.20371
2.20189
2.18838
2.16737
2.14293
2.11852
2.09747
2.08461
2.0852
2.10136
2.12945
2.16175
2.19119
2.21295
2.22299
2.21637
2.18831
2.13726
2.06776
1.99142
1.92379
1.87773
1.85857
1.86464
1.89065
1.93005
1.97549
2.02001
2.05869
2.0891
2.11024
2.12158
2.12301
2.11554
2.10201
2.08765
2.07917
2.08236
2.10009
2.1316
2.17287
2.21734
2.25756
2.2868
2.3004
2.2969
2.27754
2.24444
2.19982
2.14703
2.09192
2.04227
2.00402
1.97778
1.96
1.94797
1.9439
1.95338
1.98039
2.02316
2.07347
2.12005
2.15329
2.16884
2.16834
2.15797
2.14658
2.14227
2.14871
2.16374
2.18089
2.19319
2.19759
2.19622
2.19223
2.18384
2.1661
2.13871
2.10886
2.0872
2.08167
2.09381
2.11881
2.14871
2.17663
2.19904
2.21456
2.22203
2.21923
2.20338
2.17231
2.12555
2.06549
1.99957
1.94143
1.90778
1.9101
1.94743
2.00739
2.07449
2.13719
2.18946
2.22935
2.25734
2.27535
2.2843
2.28212
2.26441
2.22791
2.17258
2.10146
2.01957
1.93424
1.85601
1.79709
1.76593
1.76278
1.78038
1.8091
1.842
1.87691
1.9146
1.95593
2.00089
2.04958
2.1027
2.16008
2.21888
2.27377
2.31911
2.35101
2.36839
2.37269
2.36641
2.35157
2.32951
2.30117
2.268
2.23238
2.19725
2.16493
2.1359
2.10838
2.07915
2.04585
2.00883
1.97103
1.93656
1.90915
1.89093
1.8819
1.88047
1.88569
1.90011
1.9304
1.9813
2.04646
2.10825
2.14933
2.1626
2.15131
2.12412
2.09117
2.0631
2.05015
2.05874
2.08737
2.1263
2.16295
2.18851
2.20045
2.19998
2.18801
2.16415
2.1289
2.08588
2.04247
2.00818
1.99119
1.99475
2.01599
2.04808
2.0836
2.11615
2.14067
2.15243
2.14744
2.1235
2.08149
2.02716
1.97378
1.94015
1.93741
1.95657
1.97731
1.98549
1.97963
1.96764
1.96167
1.97336
2.00946
2.06874
2.14157
2.21302
2.26856
2.30023
2.30945
2.30494
2.29689
2.29128
2.28803
2.28373
2.27582
2.26426
2.25073
2.23708
2.22336
2.2071
2.18389
2.14994
2.10516
2.05581
2.01388
1.99235
1.99808
2.02694
2.06589
2.09953
2.11631
2.11112
2.08579
2.0483
2.01031
1.98239
1.97004
1.97326
1.98874
2.01202
2.03889
2.06595
2.09079
2.1121
2.12905
2.14135
2.14881
2.15186
2.15142
2.14942
2.14794
2.14809
2.15012
2.15413
2.15971
2.16475
2.16545
2.1583
2.14251
2.12089
2.09853
2.08135
2.07472
2.08208
2.10375
2.13609
2.17195
2.203
2.22309
2.23013
2.22553
2.21249
2.19391
2.17166
2.14657
2.11924
2.09085
2.0632
2.03839
2.01887
2.00746
2.00591
2.01213
2.01929
2.01952
2.00926
1.99116
1.97167
1.95664
1.94865
1.9467
1.94857
1.95349
1.96335
1.98092
2.00719
2.0393
2.07107
2.09689
2.11494
2.12737
2.13662
2.14193
2.13956
2.12572
2.09983
2.06608
2.0324
2.00692
1.99429
1.99414
2.00287
2.01658
2.03267
2.05057
2.07076
2.09381
2.11921
2.14488
2.16754
2.18378
2.19137
2.19033
2.18329
2.17399
2.16494
2.15587
2.14416
2.12711
2.10421
2.07892
2.05835
2.05019
2.05766
2.07833
2.1064
2.13552
2.16026
2.17689
2.18447
2.18528
2.18347
2.18206
2.1806
2.17516
2.16017
2.13138
2.08794
2.03385
1.97833
1.93377
1.91077
1.91286
1.93569
1.97107
2.01168
2.0529
2.09206
2.12685
2.15432
2.17059
2.17146
2.15393
2.11824
2.06889
2.0145
1.96546
1.92996
1.91059
1.90376
1.90325
1.90543
1.91123
1.92445
1.94888
1.98594
2.03341
2.08575
2.13551
2.17524
2.19938
2.20554
2.19532
2.17479
2.15373
2.14331
2.15225
2.18231
2.22594
2.26991
2.30262
2.31895
2.31924
2.30611
2.28246
2.25133
2.21581
2.17892
2.14305
2.10883
2.0757
2.04382
2.01643
1.99975
1.99942
2.01615
2.04458
2.07662
2.1051
2.12532
2.13506
2.13429
2.12443
2.10775
2.08657
2.06291
2.03858
2.01541
1.995
1.97815
1.96588
1.96119
1.96733
1.98387
2.00612
2.03041
2.05827
2.09474
2.14077
2.18718
2.21838
2.22166
2.19355
2.14026
2.07504
2.01453
1.97433
1.96465
1.98682
2.03231
2.08612
2.13375
2.16814
2.19177
2.21189
2.23287
2.25286
2.26632
2.26815
2.25588
2.22986
2.19205
2.1444
2.08792
2.02367
1.95618
1.89644
1.85998
1.85832
1.89067
1.94363
1.99937
2.0443
2.0721
2.08234
2.0782
2.0652
2.05
2.03907
2.03678
2.04412
2.05815
2.07305
2.08247
2.08244
2.07357
2.06234
2.05988
2.07775
2.12248
2.19135
2.27151
2.34374
2.38867
2.39277
2.3523
2.27536
2.18157
2.09604
2.03758
2.0106
2.00902
2.02461
2.05041
2.08013
2.10734
2.12619
2.13274
2.12613
2.10869
2.08468
2.05846
2.03332
2.01133
1.99374
1.98175
1.97777
1.98619
2.01154
2.05513
2.11235
2.17316
2.22493
2.25572
2.25681
2.22555
2.16839
2.10079
2.03926
1.98953
1.94741
1.90998
1.8808
1.8668
1.87338
1.90122
1.94424
1.99046
2.02641
2.04299
2.0396
2.0242
2.00951
2.00737
2.02433
2.05939
2.10474
2.14992
2.18768
2.21726
2.24212
2.26488
2.28415
2.29645
2.29992
2.29548
2.28519
2.26978
2.2477
2.21647
2.17536
2.12699
2.0777
2.03638
2.01237
2.0116
2.03234
2.06605
2.10258
2.13461
2.15826
2.1721
2.17589
2.16947
2.152
2.12231
2.08053
2.02985
1.97766
1.93373
1.90602
1.89706
1.90345
1.91936
1.94148
1.97032
2.00665
2.04706
2.08429
2.11159
2.12616
2.12914
2.12295
2.11059
2.09688
2.08707
2.08272
2.08156
2.08161
2.08328
2.08806
2.09709
2.11075
2.12874
2.14994
2.17277
2.19568
2.21693
2.23354
2.24073
2.23284
2.20578
2.15943
2.09852
2.03088
1.96547
1.91182
1.87986
1.8774
1.90653
1.96144
2.02957
2.09596
2.14781
2.17698
2.18067
2.16106
2.12357
2.07607
2.02842
1.99248
1.97922
1.99302
2.02816
2.0717
2.10986
2.13325
2.13908
2.13078
2.11604
2.10391
2.10149
2.11105
2.12923
2.14841
2.15966
2.15558
2.13277
2.0935
2.04591
2.00267
1.97814
1.98105
2.00809
2.04752
2.08883
2.1265
2.15808
2.18189
2.19565
2.19686
2.18446
2.16001
2.1277
2.09343
2.06383
2.04424
2.03619
2.03633
2.03801
2.03558
2.02863
2.02358
2.03058
2.05595
2.09607
2.1393
2.1731
2.19035
2.19011
2.17488
2.14779
2.11161
2.07004
2.02856
1.99352
1.96956
1.95828
1.95902
1.97046
1.99068
2.01566
2.03906
2.05447
2.05889
2.0543
2.04623
2.04043
2.04002
2.04485
2.05291
2.06198
2.06967
2.0723
2.06627
2.051
2.03084
2.01433
2.01171
2.0304
2.06998
2.12214
2.17578
2.22232
2.2579
2.2832
2.30149
2.31351
2.31409
2.29686
2.261
2.21175
2.15674
2.10224
2.05144
2.00441
1.95978
1.91723
1.87946
1.85249
1.8431
1.85412
1.88197
1.91907
1.95797
1.99294
2.02008
2.03776
2.04735
2.0528
2.05826
2.06595
2.07578
2.08642
2.09629
2.10473
2.1134
2.12576
2.14514
2.17254
2.20567
2.2399
2.26903
2.286
2.28472
2.26204
2.21943
2.16222
2.09862
2.03908
1.99518
1.97535
1.98001
2.00204
2.03192
2.06278
2.09274
2.12325
2.1547
2.18295
2.20137
2.2072
2.20484
2.20116
2.1985
2.19445
2.18558
2.17004
2.14837
2.12345
2.10065
2.08621
2.08471
2.09561
2.11185
2.12311
2.12266
2.11123
2.09538
2.08251
2.07712
2.08008
2.08989
2.10411
2.11998
2.13529
2.14905
2.16164
2.17372
2.1846
2.19105
2.18813
2.17121
2.14023
2.10684
2.09216
2.10334
2.12324
2.13371
2.13092
2.1203
2.10904
2.10237
2.10195
2.10675
2.11467
2.12492
2.1391
2.15947
2.18627
2.21633
2.24381
2.2621
2.26577
2.25174
2.21953
2.17027
2.10681
2.03396
1.9601
1.89734
1.85862
1.85186
1.87506
1.91697
1.96315
2.00282
2.03136
2.04953
2.06106
2.07024
2.07959
2.08909
2.09669
2.10075
2.10251
2.10538
2.11005
2.11092
2.09924
2.07037
2.0282
1.98395
1.94956
1.93113
1.92734
1.93298
1.9438
1.95889
1.98068
2.01262
2.0558
2.10682
2.1581
2.20039
2.22536
2.22771
2.20744
2.1719
2.13549
2.11308
2.11038
2.12227
2.13959
2.15531
2.16568
2.16941
2.16706
2.16184
2.15983
2.16684
2.1838
2.20636
2.22864
2.24591
2.2545
2.25142
2.23456
2.203
2.15767
2.10176
2.04078
1.98142
1.92937
1.88738
1.85503
1.83084
1.81423
1.8059
1.80641
1.81596
1.8357
1.8675
1.91065
1.96036
2.01005
2.05457
2.09105
2.11847
2.13719
2.14876
2.15559
2.1602
2.16422
2.16909
2.17755
2.19315
2.21687
2.2444
2.26711
2.27652
2.26855
2.24519
2.21332
2.18152
2.15617
2.14009
2.13376
2.13614
2.14406
2.15218
2.15507
2.14953
2.13591
2.11738
2.09699
2.07518
2.04904
2.01425
1.96825
1.91335
1.85769
1.81264
1.78787
1.78628
1.80283
1.82861
1.85606
1.88146
1.90336
1.92011
1.92961
1.93245
1.93342
1.93957
1.95577
1.98188
2.01269
2.04034
2.05718
2.0575
2.03898
2.00314
1.9555
1.90458
1.86065
1.83367
1.8313
1.8565
1.90616
1.97193
2.04306
2.11013
2.16772
2.21416
2.24967
2.27448
2.29005
2.30181
2.31691
2.33637
2.3518
2.35247
2.33359
2.29928
2.25993
2.22646
2.20491
2.19507
2.19287
2.19381
2.19479
2.19445
2.19288
2.19108
2.18904
2.18386
2.1703
2.14473
2.11065
2.08073
2.06832
2.0734
2.08215
2.08049
2.06262
2.03085
1.99235
1.95597
1.92883
1.91415
1.9108
1.91437
1.91957
1.92336
1.92765
1.93873
1.96267
1.99977
2.04308
2.08145
2.10471
2.10844
2.09675
2.08141
2.07408
2.07845
2.09185
2.11286
2.14324
2.18393
2.23089
2.27403
2.30046
2.30034
2.27197
2.22463
2.17516
2.13775
2.1163
2.10724
2.10574
2.10791
2.10998
2.10817
2.09909
2.0813
2.05639
2.02848
2.00188
1.9793
1.96155
1.94795
1.93668
1.92559
1.91322
1.89919
1.88415
1.86938
1.85783
1.85453
1.86576
1.89602
1.94547
2.00947
2.07963
2.14514
2.19539
2.22296
2.22563
2.20658
2.17347
2.13621
2.10408
2.0827
2.07267
2.07135
2.07784
2.09485
2.12277
2.15353
2.17487
2.17822
2.16089
2.12393
2.07037
2.00537
1.93678
1.87412
1.82653
1.80152
1.80383
1.83266
1.87959
1.93186
1.97887
2.01606
2.04433
2.06665
2.0852
2.10082
2.11445
2.1286
2.14692
2.1709
2.19748
2.21982
2.23113
2.22853
2.21415
2.19331
2.17093
2.14885
2.12599
2.10126
2.0757
2.05177
2.03126
2.01462
2.00218
1.99456
1.99209
1.99498
2.00446
2.02302
2.05239
2.09064
2.1324
2.17147
2.20342
2.22638
2.24042
2.24659
2.24591
2.23881
2.22459
2.2019
2.16991
2.13044
2.08871
2.05174
2.02564
2.0132
2.01319
2.02118
2.03164
2.0405
2.04714
2.05431
2.06588
2.08374
2.10629
2.12859
2.14533
2.15381
2.15434
2.14848
2.13801
2.12471
2.11022
2.09576
2.08193
2.06945
2.06095
2.06264
2.0818
2.11803
2.15947
2.1912
2.20425
2.19709
2.17265
2.1354
2.09015
2.04303
2.00247
1.97747
1.97387
1.99116
2.0226
2.05868
2.09079
2.11324
2.12386
2.12413
2.11829
2.11082
2.10224
2.08794
2.06299
2.02883
1.99633
1.98272
2.00016
2.04395
2.09594
2.13904
2.16467
2.17208
2.16564
2.15236
2.13941
2.13232
2.13413
2.14525
2.16372
2.18522
2.20389
2.21353
2.20934
2.18883
2.15251
2.10375
2.04891
1.9963
1.95428
1.92923
1.92599
1.95042
2.00523
2.07937
2.1496
2.19749
2.21908
2.22115
2.21283
2.19967
2.18346
2.16541
2.14768
2.13205
2.11888
2.10782
2.09844
2.09051
2.08442
2.0808
2.07933
2.07829
2.07507
2.06786
2.05687
2.04467
2.03536
2.03269
2.03822
2.05041
2.0651
2.07644
2.07877
2.06894
2.04764
2.01935
1.99069
1.96881
1.95976
1.96739
1.99273
2.03304
2.08181
2.13049
2.17172
2.20128
2.21887
2.22712
2.23016
2.232
2.2346
2.23715
2.237
2.23241
2.22468
2.21759
2.21465
2.21731
2.22385
2.22828
2.22069
2.19116
2.13603
2.06364
1.99521
1.9562
1.96022
2.00042
2.05754
2.11296
2.15502
2.17824
2.18003
2.15906
2.11633
2.05798
1.99627
1.94541
1.91477
1.90637
1.91727
1.94191
1.9737
2.00717
2.03914
2.06847
2.09511
2.11925
2.14095
2.15973
2.17383
2.18034
2.17644
2.16148
2.13692
2.10571
2.07324
2.04884
2.04238
2.05628
2.08083
2.09975
2.10117
2.08333
2.05284
2.01971
1.99304
1.97877
1.97918
1.99361
2.01911
2.05088
2.08404
2.11522
2.14274
2.16503
2.17877
2.1793
2.16344
2.1336
2.09894
2.07113
2.05687
2.05451
2.05718
2.05725
2.04871
2.02857
1.99841
1.96596
1.94456
1.9477
1.98046
2.03579
2.09882
2.15482
2.19428
2.21409
2.21613
2.20521
2.18724
2.1677
2.15019
2.13572
2.12307
2.11009
2.09449
2.07413
2.0477
2.01519
1.97875
1.94309
1.91406
1.89644
1.8918
1.89838
1.91318
1.93486
1.96567
2.0103
2.07085
2.14273
2.21663
2.28356
2.33743
2.37374
2.38886
2.38056
2.34907
2.29783
2.23363
2.16581
2.10492
2.06048
2.03845
2.03927
2.05789
2.08571
2.11417
2.13709
2.15075
2.15262
2.14092
2.11566
2.07993
2.03962
2.0019
1.97337
1.95889
1.96007
1.97455
1.99745
2.02618
2.06265
2.10832
2.1576
2.19881
2.22108
2.21982
2.19799
2.16423
2.12837
2.09692
2.07232
2.05657
2.05383
2.06767
2.09678
2.13518
2.17439
2.20525
2.21916
2.21006
2.17679
2.1246
2.06535
2.01484
1.98707
1.98674
2.00723
2.03622
2.06307
2.08259
2.09576
2.10719
2.12044
2.13373
2.13966
2.12972
2.09987
2.05372
2.00162
1.9568
1.93102
1.93095
1.95639
2.00106
2.05592
2.11288
2.16641
2.21312
2.25016
2.27469
2.28443
2.2783
2.25712
2.22318
2.17969
2.13138
2.08462
2.04624
2.02041
2.00585
1.99659
1.98584
1.971
1.9556
1.94755
1.95501
1.98257
2.02922
2.0885
2.15035
2.204
2.24119
2.25878
2.25911
2.24725
2.22665
2.19663
2.15549
2.10401
2.04706
1.99282
1.95008
1.92527
1.92121
1.9376
1.97232
2.02115
2.07713
2.13097
2.17343
2.19801
2.20263
2.18914
2.16172
2.12566
2.08705
2.05301
2.03063
2.02452
2.03441
2.05471
2.07693
2.09388
2.1034
2.1088
2.1157
2.12792
2.14556
2.16616
2.18658
2.20402
2.21577
2.21918
2.21235
2.19507
2.16913
2.13764
2.10412
2.07137
2.04095
2.01315
1.98809
1.96663
1.95025
1.93945
1.93267
1.92763
1.92409
1.92446
1.9305
1.93991
1.94718
1.94819
1.94458
1.94365
1.95217
1.96816
1.98161
1.98274
1.96844
1.94385
1.92089
1.91302
1.92815
1.96432
2.01238
2.06284
2.10976
2.15056
2.18361
2.20681
2.21853
2.21947
2.21393
2.20926
2.21223
2.22493
2.24411
2.2643
2.28148
2.29466
2.30454
2.3101
2.30687
2.28939
2.25569
2.20835
2.15226
2.09304
2.03749
1.99416
1.97162
1.97573
2.00624
2.05554
2.1112
2.16177
2.20125
2.22845
2.24177
2.23626
2.20848
2.16311
2.11357
2.0766
2.06441
2.07863
2.10964
2.1422
2.16229
2.16014
2.13057
2.07357
1.99524
1.90779
1.82724
1.76958
1.74675
1.76343
1.81538
1.89045
1.97308
2.04983
2.1122
2.15656
2.18255
2.19167
2.18604
2.16809
2.14141
2.11167
2.08601
2.07007
2.06547
2.06828
2.07083
2.06577
2.05021
2.02687
2.00228
1.98398
1.97894
1.9928
2.02846
2.08357
2.14918
2.21339
2.2665
2.3032
2.32187
2.32293
2.30744
2.2762
2.23032
2.17234
2.10694
2.04039
1.97931
1.92936
1.8938
1.87267
1.86416
1.86725
1.883
1.91298
1.95593
2.00512
2.04931
2.0775
2.08402
2.0709
2.04673
2.02189
2.00362
1.99509
1.99765
2.01282
2.04207
2.08445
2.13558
2.18829
2.23386
2.26343
2.26991
2.25063
2.20959
2.15758
2.10959
2.07929
2.07222
2.08324
2.1024
2.12161
2.13729
2.15086
2.16654
2.18773
2.21441
2.24322
2.26909
2.28707
2.29369
2.28796
2.27189
2.24982
2.22683
2.20691
2.1913
2.17817
2.16361
2.14436
2.12022
2.09388
2.06906
2.04775
2.02943
2.01247
1.99662
1.98395
1.97773
1.98017
1.99026
2.00342
2.01405
2.01935
2.02108
2.02384
2.03045
2.03991
2.04897
2.05525
2.05984
2.06712
2.08098
2.10055
2.1194
2.12881
2.12304
2.10257
2.07424
2.04778
2.0312
2.02751
2.03463
2.04722
2.05819
2.06062
2.04993
2.02574
1.99213
1.95608
1.92513
1.90476
1.89684
1.89987
1.91085
1.92735
1.94777
1.96971
1.98925
2.0028
2.00939
2.01061
2.0093
2.00873
2.01283
2.02577
2.04976
2.08217
2.11565
2.14135
2.1529
2.14883
2.1329
2.11155
2.08929
2.06725
2.04634
2.02949
2.02121
2.02528
2.043
2.07154
2.10443
2.13389
2.15365
2.16066
2.15528
2.14096
2.1245
2.11484
2.11906
2.1371
2.16096
2.18016
2.18859
2.18797
2.18585
2.18982
2.20263
2.22072
2.23688
2.24455
2.24059
2.22545
2.2017
2.17183
2.13726
2.09873
2.05766
2.01697
1.98075
1.95254
1.93322
1.92125
1.91561
1.91738
1.9276
1.94454
1.96395
1.98175
1.99719
2.01314
2.03246
2.0545
2.07502
2.08834
2.09049
2.08096
2.06283
2.04143
2.0218
2.00605
1.99304
1.98085
1.97028
1.9657
1.97259
1.99311
2.02435
2.06083
2.09837
2.13439
2.16678
2.19366
2.21496
2.23187
2.24506
2.25365
2.25631
2.25294
2.24536
2.23679
2.23013
2.22657
2.22469
2.22189
2.21692
2.21003
2.2002
2.18376
2.15719
2.12014
2.0767
2.03513
2.00545
1.994
2.00002
2.01801
2.04235
2.06821
2.09002
2.102
2.10062
2.08679
2.06475
2.03869
2.01131
1.98516
1.9647
1.95568
1.96237
1.98451
2.01661
2.051
2.08228
2.10929
2.13338
2.1554
2.17462
2.1889
2.19624
2.19606
2.18901
2.17618
2.15859
2.13723
2.11354
2.08976
2.06901
2.05479
2.04969
2.05366
2.0639
2.07568
2.08404
2.08523
2.07896
2.0713
2.07489
2.09858
2.1361
2.17145
2.19297
2.19794
2.18902
2.16947
2.14198
2.11106
2.08585
2.07794
2.09472
2.13309
2.17984
2.21853
2.23676
2.22957
2.19889
2.15236
2.10231
2.064
2.04961
2.06031
2.08432
2.10473
2.10954
2.09694
2.07422
2.05214
2.03752
2.02927
2.02117
2.0091
1.99688
1.99458
2.00899
2.03593
2.06417
2.08472
2.09454
2.09584
2.0947
2.09974
2.11917
2.15584
2.20536
2.25968
2.31285
2.36171
2.40086
2.41961
2.40718
2.36232
2.29753
2.23195
2.17721
2.13368
2.10085
2.08488
2.09208
2.11804
2.15065
2.18012
2.20181
2.21311
2.21152
2.19547
2.16524
2.12271
2.06992
2.00913
1.94514
1.88647
1.8426
1.81955
1.8186
1.83787
1.87424
1.923
1.97677
2.02614
2.06285
2.08266
2.0857
2.07512
2.05548
2.03177
2.00932
1.99408
1.99168
2.00441
2.02863
2.05701
2.08418
2.10967
2.13569
2.16269
2.187
2.20198
2.20152
2.18325
2.15011
2.10975
2.07225
2.04624
2.03622
2.04189
2.05923
2.08196
2.10314
2.11685
2.1195
2.11064
2.09313
2.07222
2.05376
2.04175
2.03628
2.03366
2.02916
2.02102
2.01335
2.01355
2.02596
2.04932
2.07856
2.10611
2.12349
2.1243
2.10636
2.07228
2.02818
1.9836
1.95087
1.94182
1.9613
2.00354
2.05552
2.10286
2.13372
2.14147
2.12664
2.09561
2.057
2.01867
1.98823
1.97312
1.97879
2.00631
2.05291
2.11321
2.17915
2.23969
2.28319
2.30122
2.29138
2.25816
2.21175
2.16533
2.13139
2.11838
2.12834
2.15649
2.19304
2.22662
2.24804
2.25267
2.2405
2.21513
2.18164
2.14514
2.11016
2.08085
2.06071
2.05172
2.05287
2.06015
2.06821
2.07256
2.07137
2.06592
2.05802
2.04684
2.02794
1.99712
1.9553
1.90938
1.86928
1.84304
1.83336
1.83749
1.84909
1.86081
1.86697
1.86617
1.86225
1.86309
1.87722
1.90958
1.95809
2.01363
2.06426
2.10108
2.12273
2.13531
2.14652
2.15967
2.17286
2.18274
2.18814
2.1907
2.19297
2.19686
2.20257
2.20876
2.2141
2.21904
2.22558
2.23528
2.2468
2.2562
2.25926
2.25394
2.24111
2.22331
2.20261
2.17938
2.15312
2.12427
2.0947
2.06681
2.04262
2.02367
2.01133
2.00679
2.011
2.02389
2.0436
2.06576
2.08414
2.09304
2.09064
2.07993
2.06719
2.0582
2.05583
2.05904
2.06374
2.06432
2.05613
2.03784
2.01213
1.98379
1.95721
1.93555
1.92259
1.92399
1.94476
1.98418
2.03391
2.08216
2.11937
2.14047
2.14444
2.13328
2.1118
2.08706
2.06643
2.05465
2.05278
2.05978
2.07459
2.09703
2.12686
2.16221
2.1986
2.22954
2.24866
2.25156
2.23722
2.2087
2.173
2.14012
2.12002
2.11926
2.13882
2.17353
2.21321
2.24601
2.26257
2.25826
2.23341
2.19263
2.14337
2.09483
2.05588
2.03251
2.02572
2.03137
2.04281
2.0543
2.06393
2.07382
2.08753
2.1063
2.12688
2.14274
2.14701
2.1358
2.10946
2.07214
2.03082
1.99376
1.96839
1.95861
1.96344
1.97782
1.99491
2.00891
2.01732
2.02083
2.02068
2.01729
2.01095
2.00235
1.99126
1.97607
1.95523
1.92908
1.90125
1.87833
1.86841
1.87873
1.91269
1.96775
2.03644
2.10992
2.18041
2.24141
2.28738
2.31467
2.32232
2.31239
2.2891
2.258
2.22546
2.19978
2.19021
2.2005
2.22283
2.2423
2.24745
2.23589
2.21264
2.18613
2.16496
2.15555
2.15913
2.16981
2.17783
2.17533
2.15978
2.13352
2.10141
2.06851
2.03933
2.01757
2.00455
1.99894
1.99916
2.0056
2.01964
2.04085
2.06601
2.09078
2.11226
2.12795
2.13287
2.11991
2.08482
2.03093
1.96889
1.91243
1.87294
1.85766
1.87271
1.92201
1.99681
2.07362
2.13051
2.15915
2.16376
2.15563
2.1476
2.14892
2.16149
2.18008
2.19622
2.20291
2.19675
2.177
2.14444
2.10121
2.05188
2.00444
1.9685
1.94981
1.94527
1.94569
1.94342
1.93751
1.93252
1.93449
1.94752
1.97277
2.00883
2.05202
2.09675
2.13644
2.16523
2.18088
2.18599
2.18613
2.18611
2.18695
2.1865
2.18264
2.17579
2.16854
2.16272
2.15762
2.15087
2.1402
2.12438
2.10336
2.07872
2.05303
2.02822
2.00553
1.98736
1.97783
1.98076
1.9967
2.02156
2.0482
2.06996
2.08312
2.0887
2.09194
2.09937
2.11458
2.13597
2.15858
2.17761
2.1911
2.20041
2.2087
2.21825
2.22846
2.23626
2.23798
2.23089
2.21403
2.18888
2.15968
2.13248
2.11267
2.10292
2.10282
2.10942
2.11848
2.12477
2.12318
2.10964
2.08214
2.04119
1.98957
1.9317
1.87437
1.82736
1.8021
1.80634
1.83935
1.89205
1.95161
2.00603
2.04635
2.06772
2.07023
2.05942
2.04435
2.03324
2.02928
2.03143
2.03826
2.04922
2.06265
2.07489
2.0818
2.08038
2.06935
2.04847
2.01759
1.97729
1.93064
1.88486
1.8503
1.83732
1.85197
1.89406
1.95824
2.03696
2.12193
2.20381
2.27281
2.32131
2.34584
2.34686
2.32707
2.29077
2.24411
2.19451
2.14932
2.11399
2.09078
2.07809
2.07161
2.06719
2.06444
2.0673
2.07927
2.09843
2.11862
2.13422
2.14181
2.13951
2.12681
2.10491
2.0768
2.04793
2.02748
2.02592
2.04914
2.09383
2.14981
2.20611
2.25507
2.29236
2.31493
2.32009
2.3061
2.27371
2.22672
2.17134
2.11503
2.0647
2.02462
1.99524
1.97365
1.95535
1.93709
1.91829
1.90133
1.89053
1.88994
1.90125
1.92307
1.95158
1.98198
2.00991
2.03152
2.04358
2.04448
2.03666
2.02697
2.0236
2.03108
2.04783
2.06779
2.0839
2.09241
2.09562
2.10093
2.11584
2.14248
2.17566
2.20561
2.22311
2.22303
2.20585
2.17653
2.14214
2.10913
2.08133
2.05998
2.04479
2.0343
2.02577
2.01591
2.0024
1.9862
1.97303
1.97276
1.99393
2.03549
2.08441
2.1233
2.14046
2.1341
2.1104
2.07957
2.05325
2.04362
2.06081
2.10766
2.17606
2.24952
2.31045
2.34637
2.35213
2.32924
2.28362
2.2233
2.15652
2.09038
2.03063
1.98258
1.95136
1.94043
1.94863
1.96862
1.98965
2.00228
2.00186
1.98902
1.96853
1.94759
1.93409
1.93439
1.95039
1.97756
2.00619
2.02513
2.02618
2.00755
1.97439
1.93598
1.90214
1.88215
1.8841
1.91226
1.96504
2.03529
2.11189
2.1824
2.23605
2.26625
2.27181
2.25656
2.228
2.19552
2.1688
2.15502
2.15688
2.17265
2.19768
2.22531
2.24708
2.25408
2.2397
2.20313
2.14997
2.09085
2.03761
1.9985
1.97538
1.96575
1.96737
1.98006
2.0022
2.0272
2.04549
2.04991
2.0394
2.01939
1.99951
1.98972
1.99676
2.02167
2.05958
2.10113
2.13568
2.15451
2.15377
2.13605
2.10892
2.08193
2.06294
2.05604
2.06086
2.07366
2.08891
2.10122
2.10683
2.10449
2.09573
2.08462
2.07677
2.07732
2.08825
2.1063
2.12332
2.12979
2.11966
2.09303
2.05648
2.02141
1.99987
1.99879
2.01603
2.04214
2.06529
2.07628
2.07132
2.05272
2.0278
2.00684
2.00015
2.01437
2.04939
2.0983
2.15036
2.19526
2.22609
2.24067
2.24172
2.23562
2.22917
2.22598
2.22486
2.2214
2.21194
2.1962
2.17784
2.16214
2.15283
2.15033
2.15244
2.15585
2.15762
2.15533
2.14702
2.13059
2.10414
2.06718
2.02121
1.96955
1.91691
1.86956
1.83479
1.81914
1.82618
1.85602
1.90593
1.97076
2.04261
2.11151
2.16829
2.20711
2.22637
2.228
2.21598
2.19488
2.16837
2.13836
2.10593
2.07319
2.04385
2.02182
2.00889
2.00331
2.00205
2.00403
2.01042
2.02274
2.04111
2.06291
2.08285
2.09481
2.0952
2.0852
2.07008
2.05636
2.04938
2.05179
2.06286
2.07935
2.09715
2.11188
2.11947
2.11612
2.09944
2.06946
2.02935
1.98522
1.94546
1.91975
1.91723
1.94288
1.99348
2.05742
2.11975
2.1691
2.20083
2.21593
2.21789
2.21067
2.19811
2.18468
2.17519
2.17227
2.17352
2.17219
2.16136
2.13838
2.10675
2.07431
2.04911
2.03521
2.03184
2.03588
2.04438
2.05511
2.06632
2.07743
2.08927
2.10322
2.11964
2.13693
2.15203
2.16151
2.16303
2.15623
2.14266
2.12489
2.10552
2.08645
2.06861
2.05189
2.03588
2.02104
2.00919
2.00299
2.00477
2.01544
2.03436
2.05987
2.0901
2.12333
2.1575
2.18902
2.21202
2.2197
2.20712
2.17412
2.12628
2.07306
2.02284
1.97911
1.94145
1.91003
1.89026
1.89196
1.92115
1.97245
2.0311
2.08229
2.11925
2.14491
2.16819
2.19734
2.23428
2.27455
2.3114
2.33958
2.3562
2.35989
2.34964
2.32474
2.28499
2.23158
2.16895
2.10597
2.05369
2.01899
1.99973
1.98752
1.97582
1.96545
1.96269
1.97279
1.9947
2.02123
2.04286
2.05187
2.04533
2.02558
1.99801
1.96749
1.93728
1.91061
1.89284
1.89047
1.90816
1.94586
1.99753
2.05193
2.09606
2.12057
2.12358
2.11136
2.09519
2.08585
2.08964
2.10782
2.13847
2.17831
2.22296
2.26706
2.30516
2.33191
2.34252
2.33411
2.30682
2.26404
2.21155
2.15633
2.10588
2.06711
2.0454
2.04315
2.05865
2.08617
2.11781
2.1462
2.16684
2.17744
2.1764
2.16275
2.13816
2.1091
2.08547
2.07609
2.08335
2.10203
2.12259
2.13562
2.13521
2.12067
2.09669
2.07057
2.04698
2.02634
2.00827
1.99519
1.99174
2.00077
2.02026
2.04305
2.06028
2.06549
2.05805
2.04398
2.0334
2.03499
2.05088
2.07534
2.09868
2.11244
2.11188
2.09603
2.06704
2.02997
1.99296
1.96637
1.95901
1.97157
1.99637
2.02449
2.04994
2.06836
2.07669
2.07469
2.06603
2.05711
2.05419
2.06107
2.07865
2.10519
2.13611
2.16492
2.18575
2.19562
2.19462
2.18494
2.16988
2.15261
2.13583
2.12154
2.11089
2.10364
2.09808
2.09261
2.08772
2.08552
2.0867
2.08783
2.08171
2.06104
2.02519
1.98704
1.97009
1.98753
2.02695
2.06579
2.09097
2.09995
2.09495
2.08026
2.06215
2.04794
2.04334
2.04995
2.06478
2.082
2.09565
2.10188
2.09983
2.09146
2.08048
2.07059
2.06425
2.06207
2.0633
2.06675
2.0729
2.08415
2.10172
2.12143
2.13404
2.13101
2.11064
2.07882
2.04522
2.01923
2.00854
2.0183
2.04931
2.09628
2.14851
2.19301
2.21874
2.21954
2.19603
2.15563
2.11109
2.07555
2.05656
2.05316
2.05979
2.07219
2.08889
2.10768
2.12381
2.13326
2.13581
2.13427
2.1308
2.12542
2.11714
2.10595
2.09279
2.07909
2.06839
2.06729
2.08268
2.11609
2.16009
2.2012
2.22641
2.22826
2.20672
2.16862
2.12599
2.09313
2.07893
2.08013
2.08689
2.09287
2.09713
2.09957
2.09794
2.08847
2.06792
2.03552
1.99469
1.95306
1.92077
1.90634
1.91297
1.9378
1.97419
2.01446
2.05171
2.0816
2.10384
2.12216
2.14186
2.16633
2.19478
2.22211
2.24117
2.24622
2.23481
2.20776
2.16718
2.11573
2.05802
2.0023
1.95968
1.94007
1.94696
1.9765
2.02154
2.07519
2.13087
2.18071
2.21678
2.23429
2.23356
2.21859
2.19401
2.16339
2.13037
2.09926
2.07371
2.05549
2.04506
2.043
2.05012
2.06637
2.08963
2.11582
2.14032
2.15957
2.17145
2.17499
2.17026
2.15837
2.14125
2.12082
2.0981
2.07339
2.04777
2.02415
2.00644
1.99692
1.99475
1.99702
2.00097
2.00534
2.01026
2.01677
2.02592
2.03823
2.05334
2.07039
2.08908
2.10984
2.13314
2.15859
2.18537
2.21247
2.23801
2.25812
2.26703
2.25911
2.23152
2.18557
2.12735
2.06713
2.01668
1.98491
1.97409
1.97951
1.9937
2.01011
2.02485
2.03601
2.04273
2.046
2.04932
2.05544
2.06406
2.0744
2.08773
2.10492
2.12443
2.14399
2.1615
2.1745
2.18083
2.18001
2.17294
2.16055
2.14294
2.12012
2.09318
2.06476
2.03822
2.01623
1.99897
1.98414
1.96843
1.95005
1.93031
1.91442
1.90953
1.92041
1.94567
1.97913
2.01403
2.046
2.07363
2.09681
2.11458
2.12444
2.12425
2.11499
2.10124
2.08908
2.08328
2.08571
2.09642
2.1158
2.145
2.18237
2.22014
2.2478
2.25821
2.2505
2.22809
2.19536
2.15537
2.1097
2.06014
2.01074
1.9684
1.94193
1.93823
1.95891
1.99898
2.04863
2.09734
2.13797
2.16751
2.18514
2.19146
2.18828
2.17677
2.15638
2.12663
2.09083
2.05751
2.03685
2.03422
2.04593
2.06287
2.07719
2.08524
2.0877
2.08911
2.09592
2.11332
2.14147
2.17478
2.20442
2.22239
2.224
2.2088
2.17994
2.14303
2.10569
2.07612
2.05995
2.05779
2.06493
2.07376
2.07747
2.07317
2.06306
2.0523
2.04539
2.04316
2.04294
2.04091
2.03505
2.02592
2.01606
2.00837
2.00499
2.00662
2.01237
2.02012
2.02791
2.03493
2.04103
2.04592
2.049
2.0501
2.04962
2.04752
2.04318
2.03611
2.02688
2.01796
2.01357
2.01834
2.03439
2.05908
2.0851
2.10344
2.10753
2.0968
2.07768
2.06144
2.05836
2.07238
2.10011
2.13431
2.16778
2.19541
2.21444
2.22394
2.22484
2.21911
2.20878
2.19625
2.1851
2.17939
2.18161
2.19107
2.20414
2.21582
2.22167
2.21838
2.20316
2.17369
2.12978
2.07541
2.01915
1.97095
1.93728
1.91935
1.91524
1.92259
1.93892
1.96064
1.98254
1.99875
2.00411
1.99509
1.97109
1.93653
1.90132
1.87781
1.87628
1.90124
1.94958
2.01136
2.07412
2.12815
2.16879
2.19488
2.20729
2.20998
2.21091
2.2184
2.23552
2.25894
2.28242
2.29991
2.30688
2.30103
2.28237
2.2527
2.21463
2.17121
2.12502
2.07806
2.03223
1.99025
1.95623
1.93459
1.92827
1.93755
1.95935
1.98701
2.01111
2.02366
2.02195
2.00825
1.98617
1.95801
1.92597
1.89621
1.87946
1.88512
1.91356
1.95561
1.99962
2.03767
2.06686
2.08743
2.10078
2.10829
2.11048
2.10651
2.09529
2.07701
2.05419
2.03148
2.01488
2.01082
2.02422
2.05568
2.10005
2.14829
2.19123
2.22265
2.23998
2.24346
2.23495
2.21659
2.1906
2.16022
2.13115
2.11128
2.10871
2.12747
2.16398
2.20798
2.24763
2.27442
2.28406
2.27514
2.24833
2.20714
2.15806
2.10943
2.06981
2.04611
2.04137
2.0526
2.07064
2.08296
2.07833
2.05137
2.0044
1.94583
1.88648
1.83608
1.80095
1.78307
1.78108
1.79265
1.81705
1.85596
1.91172
1.98381
2.06672
2.15117
2.22713
2.28608
2.32255
2.33573
2.32994
2.31311
2.29331
2.27557
2.26109
2.24855
2.23574
2.22033
2.20065
2.17573
2.14548
2.1102
2.0709
2.02977
1.99037
1.95537
1.92327
1.88971
1.85298
1.81759
1.79216
1.78467
1.79932
1.83527
1.88638
1.94194
1.9894
2.01883
2.02669
2.01727
2.00099
1.98972
1.99154
2.00842
2.03801
2.07638
2.11955
2.16357
2.20499
2.24134
2.27124
2.29379
2.30779
2.31159
2.30376
2.28359
2.25205
2.2119
2.16756
2.12429
2.08661
2.05572
2.02978
2.00738
1.98978
1.97896
1.97509
1.97704
1.98544
2.00351
2.03402
2.07489
2.11833
2.15523
2.17961
2.18969
2.1864
2.17205
2.15051
2.12838
2.11396
2.1142
2.13239
2.16715
2.21217
2.25748
2.29291
2.31205
2.31453
2.30486
2.28841
2.26743
2.24062
2.20572
2.16239
2.1135
2.06342
2.01617
1.97527
1.94426
1.92537
1.91835
1.92143
1.9328
1.95258
1.98232
2.02148
2.06391
2.0993
2.11833
2.11669
2.0961
2.06395
2.03118
2.00892
2.0043
2.0175
2.04226
2.06963
2.0929
2.11076
2.12698
2.1474
2.17605
2.21319
2.2551
2.29474
2.3237
2.33538
2.32768
2.30356
2.26844
2.2269
2.18171
2.13527
2.09181
2.05746
2.03731
2.03112
2.03258
2.03427
2.0324
2.02664
2.01765
2.00608
1.99274
1.97942
1.96903
1.96423
1.96542
1.97052
1.97798
1.98968
2.00997
2.04051
2.07629
2.10766
2.12644
2.13019
2.1227
2.11172
2.10513
2.10725
2.11634
2.1252
2.12582
2.11444
2.09281
2.06708
2.04591
2.0388
2.05221
2.08536
2.12991
2.17492
2.21219
2.23785
2.25013
2.24771
2.23024
2.20116
2.16889
2.144
2.13373
2.13822
2.15135
2.16423
2.16902
2.161
2.13867
2.10304
2.0568
2.00495
1.95651
1.9244
1.9194
1.94224
1.98271
2.02669
2.06253
2.08439
2.09298
2.09488
2.09882
2.11027
2.12747
2.14263
2.14756
2.13974
2.12478
2.11247
2.10928
2.11371
2.11825
2.11425
2.09698
2.06835
2.03653
2.01202
2.00266
2.01051
2.03248
2.06324
2.09736
2.12999
2.15708
2.17582
2.18521
2.18501
2.17429
2.15131
2.11499
2.06783
2.01766
1.97564
1.95057
1.94493
1.95581
1.97978
2.01602
2.06511
2.12494
2.18857
2.24676
2.29283
2.3245
2.34216
2.34645
2.33672
2.31167
2.27166
2.22144
2.16984
2.12411
2.0862
2.05767
2.04308
2.04552
2.06284
2.08967
2.11983
2.14682
2.16352
2.16467
2.14938
2.1215
2.08867
2.06055
2.04534
2.04557
2.05745
2.07546
2.09702
2.12227
2.14951
