-5.81801
-5.75427
-5.71515
-5.70571
-5.71916
-5.74154
-5.76256
-5.77874
-5.78814
-5.79976
-5.81267
-5.82386
-5.83528
-5.84055
-5.83797
-5.82929
-5.81177
-5.79208
-5.76836
-5.74462
-5.71987
-5.69837
-5.67671
-5.66529
-5.66632
-5.67793
-5.70285
-5.73463
-5.77009
-5.80539
-5.83924
-5.87169
-5.90174
-5.93536
-5.97344
-6.01507
-6.06427
-6.11622
-6.17086
-6.22813
-6.27677
-6.31118
-6.32896
-6.32897
-6.30713
-6.25885
-6.18989
-6.09791
-5.98818
-5.87458
-5.76959
-5.69461
-5.65624
-5.65491
-5.67695
-5.712
-5.74563
-5.76987
-5.78587
-5.79052
-5.78835
-5.7808
-5.76874
-5.75317
-5.74188
-5.7397
-5.74983
-5.77718
-5.81033
-5.84652
-5.8795
-5.90456
-5.92782
-5.94296
-5.94785
-5.94859
-5.9494
-5.95058
-5.95579
-5.96387
-5.9684
-5.9686
-5.95541
-5.93323
-5.9003
-5.86701
-5.84014
-5.82605
-5.82866
-5.84128
-5.85215
-5.85503
-5.84732
-5.83065
-5.81398
-5.81083
-5.82399
-5.86066
-5.91051
-5.96871
-6.02164
-6.0582
-6.07078
-6.05667
-6.02311
-5.98002
-5.9329
-5.88684
-5.84281
-5.80043
-5.76023
-5.73372
-5.72147
-5.72825
-5.75237
-5.78416
-5.82098
-5.8535
-5.87636
-5.89032
-5.89654
-5.90282
-5.91771
-5.94059
-5.96722
-5.98769
-5.99779
-5.99342
-5.97828
-5.95399
-5.93312
-5.92572
-5.92991
-5.94161
-5.96029
-5.97633
-5.98541
-5.98587
-5.97648
-5.96066
-5.9458
-5.92914
-5.9101
-5.88396
-5.84837
-5.8066
-5.76608
-5.73064
-5.70349
-5.69271
-5.69084
-5.70081
-5.71898
-5.74717
-5.78737
-5.83168
-5.86991
-5.89629
-5.90078
-5.88591
-5.85866
-5.82593
-5.79864
-5.77838
-5.76712
-5.7716
-5.79262
-5.82325
-5.86762
-5.91262
-5.95396
-5.98607
-5.99794
-5.99357
-5.97642
-5.95339
-5.93165
-5.91477
-5.90281
-5.89584
-5.89244
-5.88999
-5.88632
-5.8908
-5.89972
-5.91205
-5.92619
-5.94397
-5.96297
-5.98615
-6.01443
-6.0382
-6.05192
-6.05036
-6.02702
-5.98699
-5.93731
-5.88506
-5.84508
-5.82229
-5.81915
-5.82973
-5.84577
-5.86015
-5.8688
-5.87297
-5.86727
-5.85583
-5.84161
-5.82742
-5.82138
-5.82253
-5.83423
-5.85722
-5.88109
-5.90935
-5.93513
-5.9526
-5.96082
-5.9514
-5.93208
-5.90522
-5.87193
-5.83004
-5.79194
-5.76358
-5.75206
-5.76043
-5.78499
-5.81526
-5.84031
-5.85086
-5.85337
-5.8522
-5.84868
-5.84906
-5.84765
-5.83913
-5.82589
-5.81603
-5.81692
-5.8291
-5.84604
-5.8632
-5.88075
-5.89586
-5.9042
-5.90448
-5.89429
-5.87652
-5.85615
-5.84726
-5.85151
-5.8669
-5.88594
-5.90609
-5.91605
-5.92283
-5.93415
-5.95142
-5.96792
-5.97784
-5.97625
-5.96104
-5.93465
-5.90644
-5.88107
-5.86796
-5.85865
-5.85329
-5.84352
-5.82749
-5.80446
-5.77818
-5.76671
-5.78502
-5.81961
-5.86173
-5.89939
-5.92924
-5.95348
-5.98043
-6.00389
-6.01902
-6.01741
-6.00183
-5.97913
-5.95568
-5.9292
-5.90545
-5.88321
-5.86618
-5.85665
-5.86089
-5.88262
-5.91438
-5.9458
-5.96442
-5.96086
-5.93308
-5.88661
-5.83629
-5.80008
-5.78749
-5.79604
-5.80699
-5.81937
-5.83066
-5.84398
-5.85777
-5.8659
-5.86363
-5.85268
-5.84131
-5.83349
-5.83616
-5.84018
-5.84602
-5.85387
-5.86448
-5.88545
-5.91894
-5.95354
-5.98784
-6.01204
-6.02228
-6.02011
-6.00093
-5.96887
-5.92715
-5.88108
-5.84326
-5.82074
-5.82323
-5.8469
-5.88727
-5.93757
-5.99185
-6.04697
-6.09642
-6.14001
-6.16974
-6.18423
-6.18214
-6.16332
-6.13285
-6.0926
-6.05544
-6.02084
-5.99609
-5.97708
-5.95631
-5.92949
-5.89436
-5.85221
-5.80988
-5.77625
-5.75263
-5.74064
-5.73572
-5.72993
-5.72479
-5.72088
-5.7221
-5.72623
-5.7366
-5.75309
-5.77818
-5.80537
-5.83624
-5.86632
-5.89328
-5.91895
-5.93777
-5.94973
-5.95126
-5.94461
-5.92775
-5.90841
-5.88852
-5.86976
-5.8564
-5.84589
-5.83783
-5.83459
-5.84045
-5.85269
-5.87378
-5.89411
-5.91257
-5.92392
-5.93458
-5.94629
-5.95482
-5.95883
-5.95578
-5.94066
-5.91161
-5.87443
-5.82843
-5.78054
-5.73916
-5.70896
-5.6951
-5.70014
-5.71242
-5.73355
-5.75638
-5.78415
-5.81482
-5.84577
-5.87361
-5.89973
-5.91813
-5.92381
-5.92337
-5.92688
-5.93487
-5.95037
-5.97604
-6.00166
-6.01691
-6.0158
-5.99421
-5.95765
-5.91218
-5.86704
-5.83001
-5.80655
-5.80633
-5.82911
-5.8639
-5.90386
-5.94574
-5.97954
-6.00607
-6.01992
-6.02016
-6.00467
-5.97723
-5.94182
-5.90453
-5.87555
-5.85976
-5.85824
-5.86187
-5.86884
-5.87014
-5.86587
-5.85424
-5.8397
-5.83291
-5.84221
-5.86274
-5.89257
-5.92361
-5.94894
-5.9632
-5.97375
-5.97108
-5.9641
-5.95684
-5.95873
-5.96795
-5.97988
-5.98551
-5.98267
-5.96083
-5.9228
-5.86838
-5.80568
-5.74116
-5.68661
-5.64442
-5.61997
-5.60502
-5.59905
-5.59682
-5.59932
-5.61531
-5.64827
-5.69963
-5.76411
-5.83279
-5.89588
-5.94934
-5.98613
-6.0023
-5.99869
-5.97898
-5.95533
-5.93174
-5.91629
-5.90876
-5.90704
-5.91055
-5.914
-5.91342
-5.90686
-5.89097
-5.86635
-5.84129
-5.82157
-5.81405
-5.82905
-5.85764
-5.89152
-5.92638
-5.95955
-5.9826
-5.99897
-6.0033
-6.00289
-5.99173
-5.97561
-5.95548
-5.9372
-5.92822
-5.93047
-5.93933
-5.94954
-5.96737
-5.98244
-5.99269
-5.98258
-5.9574
-5.92133
-5.87604
-5.83166
-5.79036
-5.75564
-5.73096
-5.71321
-5.70517
-5.70356
-5.70982
-5.7252
-5.75371
-5.79303
-5.83519
-5.86998
-5.89714
-5.91591
-5.92708
-5.93673
-5.95165
-5.9724
-5.99819
-6.0291
-6.05306
-6.05896
-6.05202
-6.03875
-6.02302
-6.01067
-5.99993
-5.99012
-5.96975
-5.93623
-5.89483
-5.85045
-5.81201
-5.78696
-5.78675
-5.80827
-5.84255
-5.87805
-5.90741
-5.92682
-5.94007
-5.93953
-5.92623
-5.90402
-5.87204
-5.84215
-5.82987
-5.83842
-5.85977
-5.88304
-5.90642
-5.92902
-5.95045
-5.96586
-5.96324
-5.94586
-5.90962
-5.86262
-5.81304
-5.76859
-5.74339
-5.73957
-5.7634
-5.80835
-5.8668
-5.92911
-5.98664
-6.02575
-6.04254
-6.03732
-6.01542
-5.98212
-5.94616
-5.91813
-5.89868
-5.88757
-5.88178
-5.87325
-5.86869
-5.87141
-5.88371
-5.90162
-5.91883
-5.92966
-5.93317
-5.92946
-5.91767
-5.90165
-5.88226
-5.85827
-5.83425
-5.81466
-5.80502
-5.80875
-5.82087
-5.83824
-5.84744
-5.84987
-5.84706
-5.8387
-5.82873
-5.81847
-5.81176
-5.8068
-5.80518
-5.80635
-5.80727
-5.80332
-5.79375
-5.78331
-5.77894
-5.78844
-5.81772
-5.86471
-5.91453
-5.95313
-5.97203
-5.96831
-5.94846
-5.92753
-5.91319
-5.9063
-5.9128
-5.92542
-5.93919
-5.95361
-5.95829
-5.95107
-5.92938
-5.89954
-5.86384
-5.83838
-5.82318
-5.827
-5.85068
-5.88978
-5.94059
-5.9984
-6.05006
-6.08563
-6.09784
-6.08847
-6.05736
-6.01164
-5.96365
-5.92363
-5.89473
-5.87856
-5.86632
-5.84628
-5.81574
-5.77699
-5.73453
-5.69489
-5.66769
-5.65331
-5.64966
-5.65704
-5.67491
-5.70275
-5.74682
-5.80683
-5.87518
-5.94088
-5.98938
-6.01547
-6.01539
-5.99515
-5.96377
-5.92906
-5.90483
-5.89013
-5.88618
-5.89152
-5.89945
-5.91602
-5.92996
-5.93889
-5.93617
-5.91694
-5.87678
-5.82513
-5.77203
-5.72371
-5.69196
-5.67772
-5.68768
-5.71548
-5.7499
-5.78746
-5.82533
-5.86468
-5.91369
-5.97331
-6.04265
-6.10559
-6.14517
-6.15604
-6.13862
-6.09508
-6.0358
-5.9678
-5.90232
-5.84436
-5.80136
-5.77761
-5.76728
-5.77246
-5.78727
-5.81043
-5.83993
-5.87322
-5.9072
-5.94076
-5.96833
-5.98001
-5.97307
-5.94707
-5.90107
-5.84608
-5.79369
-5.7574
-5.74813
-5.76735
-5.81088
-5.87185
-5.93638
-5.99565
-6.04181
-6.06845
-6.06806
-6.04807
-6.02048
-5.99445
-5.97378
-5.96043
-5.94583
-5.93408
-5.92686
-5.9268
-5.93091
-5.93745
-5.94011
-5.93425
-5.92192
-5.90195
-5.8791
-5.85683
-5.83856
-5.83028
-5.83656
-5.85654
-5.87894
-5.8941
-5.8915
-5.87079
-5.83378
-5.79244
-5.75505
-5.72127
-5.69613
-5.69069
-5.70842
-5.74775
-5.78966
-5.82295
-5.83988
-5.83549
-5.81865
-5.79871
-5.79184
-5.80439
-5.83453
-5.87572
-5.92068
-5.96617
-6.00576
-6.0453
-6.08392
-6.10844
-6.11361
-6.09796
-6.06915
-6.03427
-5.99499
-5.95288
-5.90271
-5.85477
-5.8141
-5.79717
-5.80298
-5.81652
-5.82724
-5.834
-5.84283
-5.86482
-5.89944
-5.93602
-5.96683
-5.9863
-5.99414
-5.99327
-5.98987
-5.98275
-5.97855
-5.97124
-5.96532
-5.96078
-5.95997
-5.95565
-5.94616
-5.93055
-5.90429
-5.87321
-5.84212
-5.81927
-5.8082
-5.80754
-5.81095
-5.8142
-5.81242
-5.80655
-5.79503
-5.77734
-5.76386
-5.75865
-5.76622
-5.7869
-5.81389
-5.83834
-5.85836
-5.87756
-5.89212
-5.89955
-5.90135
-5.89139
-5.87486
-5.85017
-5.82109
-5.79107
-5.76751
-5.75623
-5.7639
-5.78136
-5.80622
-5.8308
-5.85188
-5.86462
-5.86473
-5.86273
-5.86645
-5.88927
-5.92842
-5.97177
-6.00921
-6.03229
-6.0355
-6.01853
-5.98669
-5.93682
-5.88266
-5.82641
-5.77314
-5.73753
-5.72745
-5.74303
-5.78623
-5.83934
-5.89382
-5.93565
-5.96163
-5.97522
-5.96789
-5.94276
-5.90783
-5.86233
-5.81707
-5.78043
-5.76296
-5.78291
-5.82677
-5.89064
-5.95601
-6.0038
-6.02593
-6.02457
-5.99949
-5.96643
-5.93593
-5.92111
-5.91929
-5.92991
-5.94732
-5.96435
-5.974
-5.97068
-5.95661
-5.93287
-5.90584
-5.8877
-5.88482
-5.89861
-5.91871
-5.93508
-5.936
-5.91758
-5.88282
-5.84027
-5.80645
-5.78046
-5.76926
-5.76994
-5.78232
-5.80162
-5.82729
-5.85449
-5.87266
-5.8834
-5.88204
-5.86929
-5.85439
-5.84804
-5.85837
-5.88545
-5.92596
-5.97281
-6.01398
-6.03963
-6.04774
-6.03828
-6.00782
-5.96437
-5.91516
-5.86319
-5.81862
-5.7852
-5.77387
-5.78542
-5.81696
-5.86062
-5.90275
-5.93372
-5.9471
-5.94372
-5.92805
-5.90849
-5.88966
-5.86918
-5.84008
-5.79547
-5.73876
-5.68355
-5.64242
-5.63035
-5.65837
-5.71854
-5.80298
-5.89528
-5.98618
-6.06139
-6.12171
-6.16399
-6.18705
-6.19723
-6.19332
-6.17866
-6.15333
-6.12443
-6.09112
-6.05813
-6.02484
-5.99954
-5.9881
-5.99363
-6.00466
-6.01068
-5.99902
-5.96302
-5.90402
-5.83325
-5.7536
-5.68986
-5.65087
-5.64685
-5.67501
-5.71739
-5.76065
-5.79333
-5.8092
-5.81154
-5.80914
-5.80705
-5.81066
-5.81903
-5.83159
-5.8431
-5.84119
-5.82682
-5.79781
-5.76415
-5.73104
-5.72159
-5.73644
-5.77755
-5.8307
-5.88677
-5.93218
-5.95674
-5.95945
-5.94312
-5.91063
-5.86925
-5.82944
-5.79337
-5.76571
-5.76091
-5.7749
-5.80566
-5.84074
-5.87209
-5.89515
-5.91089
-5.91899
-5.92951
-5.95301
-5.98811
-6.02643
-6.0607
-6.07818
-6.07181
-6.0432
-5.99354
-5.92779
-5.85058
-5.78064
-5.72982
-5.70762
-5.7151
-5.74899
-5.79598
-5.84584
-5.89371
-5.93594
-5.96525
-5.9833
-5.98729
-5.98029
-5.96702
-5.95838
-5.95574
-5.95788
-5.96314
-5.96525
-5.96181
-5.94848
-5.91611
-5.87223
-5.81767
-5.7566
-5.70461
-5.67391
-5.67336
-5.70448
-5.7677
-5.84698
-5.93441
-6.01323
-6.07418
-6.11297
-6.12864
-6.12226
-6.10466
-6.07324
-6.02916
-5.97494
-5.91017
-5.84124
-5.78343
-5.74436
-5.73444
-5.74979
-5.78532
-5.83164
-5.87519
-5.90734
-5.91859
-5.91112
-5.88748
-5.85157
-5.80807
-5.76582
-5.72963
-5.70298
-5.68556
-5.68541
-5.69879
-5.7306
-5.7784
-5.8373
-5.89541
-5.94411
-5.98075
-6.00164
-6.00066
-5.98471
-5.95791
-5.92685
-5.89103
-5.85786
-5.82729
-5.7959
-5.7693
-5.74285
-5.72788
-5.73837
-5.77675
-5.83335
-5.88985
-5.93483
-5.96902
-6.00096
-6.03949
-6.08377
-6.12963
-6.16785
-6.19261
-6.20689
-6.20745
-6.18641
-6.14859
-6.08511
-6.0079
-5.92419
-5.84796
-5.79525
-5.7704
-5.76915
-5.78081
-5.78883
-5.78247
-5.75814
-5.72691
-5.70249
-5.69253
-5.7052
-5.73395
-5.767
-5.79717
-5.81166
-5.80532
-5.78589
-5.76732
-5.76083
-5.77726
-5.81972
-5.87476
-5.93107
-5.97997
-6.01817
-6.04652
-6.06742
-6.08172
-6.09264
-6.10248
-6.10928
-6.10975
-6.10118
-6.08151
-6.04617
-5.99499
-5.92839
-5.85667
-5.7813
-5.72135
-5.68843
-5.68543
-5.70694
-5.74451
-5.78168
-5.80495
-5.81108
-5.80497
-5.79787
-5.79584
-5.80367
-5.81833
-5.83894
-5.86573
-5.89515
-5.91852
-5.93787
-5.95128
-5.95825
-5.95815
-5.95079
-5.95136
-5.94615
-5.9419
-5.93461
-5.92424
-5.90455
-5.88556
-5.86184
-5.84368
-5.83492
-5.84021
-5.85732
-5.88736
-5.9218
-5.96243
-6.00067
-6.03879
-6.07306
-6.09988
-6.11431
-6.11051
-6.08245
-6.03715
-5.98023
-5.9181
-5.86186
-5.81598
-5.78103
-5.75459
-5.73791
-5.73169
-5.73397
-5.74772
-5.7681
-5.79208
-5.81947
-5.84491
-5.86694
-5.8872
-5.903
-5.90612
-5.89971
-5.88434
-5.86282
-5.83667
-5.80628
-5.77687
-5.75029
-5.73421
-5.72429
-5.72221
-5.731
-5.74812
-5.7814
-5.83011
-5.88416
-5.9364
-5.98311
-6.02308
-6.05413
-6.07614
-6.08828
-6.09001
-6.07923
-6.05317
-6.01201
-5.96271
-5.90469
-5.84474
-5.79842
-5.77003
-5.76549
-5.7871
-5.82686
-5.87701
-5.9276
-5.96457
-5.98057
-5.96479
-5.9247
-5.87449
-5.83472
-5.81647
-5.82151
-5.84138
-5.86465
-5.88163
-5.89293
-5.89359
-5.88697
-5.876
-5.86398
-5.85866
-5.85781
-5.8649
-5.87467
-5.89356
-5.91257
-5.9319
-5.95104
-5.96828
-5.98807
-6.00604
-6.02512
-6.04733
-6.06735
-6.08047
-6.07477
-6.0459
-5.99001
-5.90468
-5.80636
-5.70879
-5.62606
-5.57686
-5.56714
-5.59595
-5.65601
-5.73007
-5.81047
-5.89201
-5.97044
-6.03585
-6.07768
-6.09478
-6.08478
-6.05929
-6.02691
-6.00672
-5.99675
-5.9986
-6.00916
-6.02096
-6.02342
-6.01156
-5.99147
-5.97295
-5.96424
-5.96652
-5.97034
-5.96899
-5.94795
-5.90433
-5.83726
-5.7536
-5.6676
-5.59518
-5.54466
-5.52699
-5.54917
-5.61922
-5.72636
-5.84408
-5.94846
-6.02141
-6.05651
-6.05829
-6.03072
-5.98471
-5.92951
-5.8748
-5.83355
-5.81019
-5.80162
-5.81015
-5.82089
-5.83508
-5.84563
-5.85199
-5.85629
-5.85898
-5.86542
-5.88382
-5.90748
-5.93036
-5.95098
-5.96701
-5.98336
-6.00656
-6.03036
-6.0543
-6.07153
-6.07673
-6.07381
-6.06422
-6.05212
-6.03838
-6.01825
-5.99121
-5.951
-5.90283
-5.85852
-5.82479
-5.81007
-5.81828
-5.84111
-5.87456
-5.9094
-5.93829
-5.95858
-5.96601
-5.95551
-5.93326
-5.89501
-5.85244
-5.81542
-5.79998
-5.80588
-5.81799
-5.82316
-5.82128
-5.82212
-5.82495
-5.83535
-5.8492
-5.86252
-5.8729
-5.86766
-5.85468
-5.82379
-5.78499
-5.74545
-5.71134
-5.69604
-5.70335
-5.73291
-5.77671
-5.8236
-5.8654
-5.9008
-5.92958
-5.95498
-5.9771
-6.00056
-6.02524
-6.05111
-6.07193
-6.08215
-6.07756
-6.06151
-6.03033
-5.99824
-5.97035
-5.95405
-5.94805
-5.95105
-5.96198
-5.9721
-5.97324
-5.96958
-5.95516
-5.93695
-5.91565
-5.89248
-5.87853
-5.87969
-5.89569
-5.91792
-5.93652
-5.94874
-5.94747
-5.93619
-5.91011
-5.87643
-5.83204
-5.7876
-5.74689
-5.71459
-5.69026
-5.67407
-5.66235
-5.65373
-5.6506
-5.65534
-5.6746
-5.70416
-5.73615
-5.76302
-5.78047
-5.79767
-5.8148
-5.83086
-5.8446
-5.84927
-5.84904
-5.8505
-5.85206
-5.85582
-5.85969
-5.86334
-5.86978
-5.87779
-5.88733
-5.89469
-5.89858
-5.90176
-5.9051
-5.91486
-5.9335
-5.96529
-6.00668
-6.04846
-6.08338
-6.10388
-6.10104
-6.07164
-6.0163
-5.9394
-5.8572
-5.79198
-5.76475
-5.77181
-5.78754
-5.80887
-5.82947
-5.85794
-5.89951
-5.95133
-6.01333
-6.08081
-6.14516
-6.19972
-6.23454
-6.23994
-6.20718
-6.13329
-6.02493
-5.89544
-5.7763
-5.69304
-5.66415
-5.67004
-5.69164
-5.71061
-5.72668
-5.73935
-5.7569
-5.78304
-5.80999
-5.84145
-5.8688
-5.89338
-5.91403
-5.92773
-5.93493
-5.9372
-5.9387
-5.94128
-5.93891
-5.92844
-5.90097
-5.85351
-5.79132
-5.72624
-5.66921
-5.62878
-5.61373
-5.62306
-5.65363
-5.70834
-5.77514
-5.84505
-5.90724
-5.95538
-5.99185
-6.00842
-6.01244
-6.00718
-6.0084
-6.01476
-6.03245
-6.05698
-6.08038
-6.10637
-6.12995
-6.14021
-6.13519
-6.10761
-6.05537
-5.99175
-5.92525
-5.8603
-5.80713
-5.76413
-5.7347
-5.723
-5.73758
-5.77491
-5.82452
-5.87217
-5.90639
-5.91801
-5.91306
-5.89884
-5.88365
-5.86761
-5.85905
-5.86363
-5.8723
-5.88092
-5.88734
-5.88781
-5.87942
-5.86294
-5.84407
-5.83223
-5.83768
-5.86316
-5.90077
-5.94094
-5.9715
-5.98857
-5.99056
-5.97444
-5.93544
-5.87737
-5.80612
-5.73681
-5.68492
-5.66413
-5.67655
-5.71211
-5.74975
-5.77678
-5.79318
-5.79782
-5.79487
-5.78942
-5.78527
-5.78709
-5.79285
-5.8064
-5.82442
-5.84784
-5.87958
-5.9155
-5.94823
-5.97634
-5.99133
-5.9896
-5.98494
-5.9908
-6.00687
-6.02406
-6.03866
-6.04791
-6.05263
-6.06632
-6.08649
-6.10382
-6.1132
-6.10456
-6.081
-6.04231
-5.99527
-5.95094
-5.90843
-5.87285
-5.8424
-5.80984
-5.77778
-5.73985
-5.70037
-5.66634
-5.64735
-5.64389
-5.65259
-5.65899
-5.65512
-5.64867
-5.64686
-5.66434
-5.70848
-5.77189
-5.84352
-5.91287
-5.96666
-6.00552
-6.02787
-6.03777
-6.0351
-6.02786
-6.01804
-6.00672
-5.99771
-5.99183
-5.98731
-5.97909
-5.97433
-5.97648
-5.98227
-5.99754
-6.01318
-6.03085
-6.04237
-6.04712
-6.04942
-6.0579
-6.06662
-6.0753
-6.08078
-6.07492
-6.05475
-6.00787
-5.94043
-5.85891
-5.76992
-5.68162
-5.60557
-5.54299
-5.49801
-5.47068
-5.4641
-5.47674
-5.51121
-5.57059
-5.6476
-5.72681
-5.79951
-5.85245
-5.88873
-5.91147
-5.92575
-5.93549
-5.95089
-5.97584
-6.00785
-6.04487
-6.08782
-6.12457
-6.15182
-6.16227
-6.15069
-6.1159
-6.05825
-5.98428
-5.90932
-5.85239
-5.81783
-5.79991
-5.79461
-5.79672
-5.80698
-5.82393
-5.84949
-5.88202
-5.91876
-5.94841
-5.96979
-5.97791
-5.97316
-5.95938
-5.93901
-5.91332
-5.88162
-5.84731
-5.80927
-5.77432
-5.74312
-5.72721
-5.72573
-5.74119
-5.7693
-5.80291
-5.83783
-5.87057
-5.90072
-5.93235
-5.96081
-5.9871
-6.00354
-6.00935
-6.00085
-5.98419
-5.97185
-5.96848
-5.98303
-6.01574
-6.05356
-6.08758
-6.11198
-6.119
-6.10442
-6.07423
-6.03457
-5.99087
-5.94031
-5.8887
-5.84139
-5.80303
-5.77211
-5.75107
-5.74293
-5.74612
-5.76718
-5.80455
-5.85348
-5.9051
-5.94853
-5.97364
-5.97617
-5.95671
-5.91936
-5.86994
-5.81465
-5.77011
-5.74493
-5.74413
-5.76584
-5.80749
-5.86194
-5.91379
-5.9517
-5.96938
-5.97075
-5.95338
-5.92864
-5.89727
-5.86221
-5.829
-5.8104
-5.8051
-5.81064
-5.81601
-5.81264
-5.80043
-5.78109
-5.75441
-5.72496
-5.69985
-5.68326
-5.67627
-5.683
-5.7038
-5.73677
-5.77625
-5.81684
-5.85444
-5.88649
-5.91427
-5.94194
-5.9651
-5.99188
-6.01661
-6.03951
-6.05283
-6.05091
-6.03218
-5.9963
-5.9454
-5.88408
-5.81899
-5.767
-5.74221
-5.75679
-5.80192
-5.86199
-5.91997
-5.96861
-5.99905
-6.02183
-6.03416
-6.04604
-6.05295
-6.04765
-6.0275
-5.99553
-5.95998
-5.93068
-5.91163
-5.89963
-5.89074
-5.88262
-5.871
-5.86239
-5.86543
-5.87616
-5.89351
-5.90506
-5.89964
-5.87215
-5.83402
-5.80394
-5.79794
-5.82118
-5.86692
-5.91404
-5.95272
-5.97344
-5.971
-5.9471
-5.90832
-5.86131
-5.81506
-5.77874
-5.75819
-5.75506
-5.77433
-5.8035
-5.83321
-5.85541
-5.86269
-5.85417
-5.83074
-5.80074
-5.76747
-5.73769
-5.71488
-5.70235
-5.70607
-5.72419
-5.7567
-5.79681
-5.83374
-5.85821
-5.86735
-5.86503
-5.86631
-5.87547
-5.90444
-5.94632
-5.99259
-6.03987
-6.07679
-6.09725
-6.10564
-6.09623
-6.07697
-6.04963
-6.0176
-5.98642
-5.95572
-5.92708
-5.89784
-5.87016
-5.84398
-5.8169
-5.79709
-5.79165
-5.79736
-5.82207
-5.85597
-5.89993
-5.93755
-5.9665
-5.98386
-5.98828
-5.98043
-5.96631
-5.94942
-5.9316
-5.92057
-5.91217
-5.90946
-5.91473
-5.92906
-5.94238
-5.95119
-5.94461
-5.92002
-5.88091
-5.83136
-5.7816
-5.73592
-5.69821
-5.67063
-5.65864
-5.66654
-5.69549
-5.7451
-5.8047
-5.86175
-5.90839
-5.93321
-5.93831
-5.92677
-5.90462
-5.88234
-5.86269
-5.85229
-5.84549
-5.841
-5.8367
-5.83018
-5.82622
-5.82118
-5.81284
-5.79854
-5.78084
-5.7622
-5.75427
-5.75656
-5.77454
-5.79984
-5.83323
-5.87222
-5.91062
-5.95358
-6.00163
-6.04456
-6.08357
-6.11089
-6.12289
-6.12402
-6.1094
-6.07742
-6.02931
-5.97091
-5.91497
-5.86914
-5.83568
-5.81693
-5.81404
-5.82465
-5.85113
-5.87915
-5.90358
-5.91761
-5.91271
-5.89354
-5.86664
-5.83956
-5.81509
-5.7983
-5.77617
-5.74342
-5.71086
-5.68326
-5.66703
-5.66963
-5.69082
-5.73585
-5.80449
-5.8905
-5.98479
-6.07147
-6.14408
-6.20065
-6.23179
-6.23876
-6.22458
-6.19334
-6.15117
-6.10626
-6.06332
-6.02802
-6.00077
-5.97732
-5.95398
-5.92446
-5.8871
-5.84969
-5.80853
-5.77789
-5.75335
-5.74365
-5.7498
-5.765
-5.79014
-5.81229
-5.81782
-5.80857
-5.77981
-5.74744
-5.71952
-5.7026
-5.69777
-5.69668
-5.69753
-5.69335
-5.68729
-5.68383
-5.68375
-5.69596
-5.72871
-5.78352
-5.85142
-5.91746
-5.96524
-5.99182
-5.99815
-5.98686
-5.96656
-5.94513
-5.92828
-5.91439
-5.90487
-5.89869
-5.89621
-5.89562
-5.89986
-5.90711
-5.91639
-5.92702
-5.93601
-5.93782
-5.92738
-5.90127
-5.86342
-5.82479
-5.79168
-5.7664
-5.75211
-5.75341
-5.76482
-5.78634
-5.80818
-5.8275
-5.83979
-5.85559
-5.87749
-5.91038
-5.9536
-5.99884
-6.03503
-6.05914
-6.07107
-6.07823
-6.07169
-6.05882
-6.04781
-6.03947
-6.02876
-6.01133
-5.98125
-5.94466
-5.9085
-5.89321
-5.90421
-5.93896
-5.98021
-6.0208
-6.05043
-6.06206
-6.05417
-6.02473
-5.97507
-5.90875
-5.83683
-5.76782
-5.70544
-5.65703
-5.63351
-5.63264
-5.65656
-5.69611
-5.74589
-5.78496
-5.81177
-5.81989
-5.818
-5.81587
-5.81599
-5.82433
-5.8382
-5.85054
-5.8599
-5.86361
-5.86421
-5.86335
-5.86183
-5.85951
-5.86151
-5.85966
-5.85567
-5.84227
-5.8143
-5.77282
-5.72382
-5.68194
-5.65958
-5.66414
-5.69603
-5.74989
-5.81356
-5.87187
-5.90944
-5.92234
-5.91367
-5.89363
-5.86982
-5.85429
-5.85336
-5.87056
-5.89886
-5.93345
-5.97484
-6.01652
-6.058
-6.09728
-6.13094
-6.15027
-6.15734
-6.15286
-6.13787
-6.10798
-6.07017
-6.03182
-5.99907
-5.97438
-5.95377
-5.94667
-5.94784
-5.95728
-5.96621
-5.9691
-5.96293
-5.94755
-5.93089
-5.91386
-5.89927
-5.88228
-5.86646
-5.84403
-5.82421
-5.79882
-5.76744
-5.73189
-5.69795
-5.6695
-5.65485
-5.65501
-5.67111
-5.70357
-5.73746
-5.76108
-5.7828
-5.8008
-5.82594
-5.85765
-5.89347
-5.92903
-5.95667
-5.97267
-5.97798
-5.96959
-5.95247
-5.93175
-5.9163
-5.91318
-5.92229
-5.93185
-5.93565
-5.93057
-5.91496
-5.89271
-5.86418
-5.83708
-5.81704
-5.80991
-5.81713
-5.83955
-5.86988
-5.90848
-5.94504
-5.97301
-5.99171
-6.0072
-6.02606
-6.04679
-6.07057
-6.0974
-6.12024
-6.13771
-6.14717
-6.1468
-6.13544
-6.11319
-6.0824
-6.04276
-5.99146
-5.92756
-5.85152
-5.76848
-5.69053
-5.62789
-5.58872
-5.57265
-5.57754
-5.59127
-5.6121
-5.63875
-5.67591
-5.72699
-5.79246
-5.86729
-5.94274
-6.00809
-6.05472
-6.07784
-6.07772
-6.06324
-6.04183
-6.01246
-5.97116
-5.9247
-5.87375
-5.82402
-5.7861
-5.76888
-5.76899
-5.78072
-5.80246
-5.83483
-5.87662
-5.91882
-5.95599
-5.9861
-6.00009
-5.99931
-5.98667
-5.96987
-5.9524
-5.93626
-5.91827
-5.89624
-5.87613
-5.85866
-5.84842
-5.84508
-5.8491
-5.85984
-5.87089
-5.88007
-5.88354
-5.88508
-5.88264
-5.87264
-5.8676
-5.86221
-5.86293
-5.86755
-5.87354
-5.87292
-5.86584
-5.85062
-5.83267
-5.81498
-5.80541
-5.8089
-5.82278
-5.83709
-5.84778
-5.85157
-5.85239
-5.84874
-5.8504
-5.85704
-5.86781
-5.88386
-5.89909
-5.90765
-5.91217
-5.91034
-5.90322
-5.88668
-5.87094
-5.8539
-5.84131
-5.83562
-5.83865
-5.86159
-5.90358
-5.96222
-6.02499
-6.07741
-6.10566
-6.10582
-6.08358
-6.04194
-5.98769
-5.93171
-5.87862
-5.8382
-5.80245
-5.77234
-5.74465
-5.7168
-5.69018
-5.66303
-5.64209
-5.63364
-5.64397
-5.6768
-5.72775
-5.78648
-5.84579
-5.89736
-5.93892
-5.96552
-5.97785
-5.97568
-5.96087
-5.93634
-5.91053
-5.88934
-5.87849
-5.88275
-5.90097
-5.9286
-5.95394
-5.97136
-5.9754
-5.97899
-5.9897
-6.00864
-6.03098
-6.04498
-6.04653
-6.03126
-6.0029
-5.96742
-5.92883
-5.89299
-5.86596
-5.8477
-5.84204
-5.85149
-5.87332
-5.88943
-5.89389
-5.88158
-5.8554
-5.82684
-5.807
-5.79899
-5.81336
-5.84612
-5.88656
-5.92243
-5.95088
-5.96093
-5.95776
-5.9489
-5.93454
-5.92346
-5.91771
-5.92531
-5.9424
-5.95999
-5.97054
-5.96639
-5.94736
-5.91955
-5.88102
-5.84178
-5.81214
-5.79372
-5.79304
-5.80812
-5.83103
-5.85399
-5.87059
-5.88244
-5.89414
-5.9027
-5.90633
-5.90097
-5.89058
-5.88503
-5.88338
-5.89133
-5.90263
-5.90774
-5.90112
-5.87532
-5.84372
-5.82006
-5.81337
-5.82337
-5.83805
-5.86517
-5.9
-5.93448
-5.96439
-5.98635
-5.99922
-6.00458
-6.00557
-6.00073
-5.99465
-5.98614
-5.98484
-5.98742
-5.98951
-5.98482
-5.96616
-5.92878
-5.88274
-5.83492
-5.79452
-5.76817
-5.7532
-5.7524
-5.76211
-5.78504
-5.81196
-5.84011
-5.86641
-5.88527
-5.89882
-5.90915
-5.91361
-5.91047
-5.90347
-5.88708
-5.87129
-5.85894
-5.8504
-5.84925
-5.85414
-5.86908
-5.88629
-5.90538
-5.92539
-5.93434
-5.93611
-5.93039
-5.92076
-5.91026
-5.90144
-5.8921
-5.88009
-5.85908
-5.83538
-5.80555
-5.77584
-5.74643
-5.72639
-5.7239
-5.73933
-5.77266
-5.81038
-5.84835
-5.87722
-5.8946
-5.90316
-5.90634
-5.90871
-5.91609
-5.925
-5.931
-5.93305
-5.93168
-5.92668
-5.92057
-5.91998
-5.92664
-5.93849
-5.95342
-5.97679
-6.00743
-6.04178
-6.07848
-6.1079
-6.13176
-6.14637
-6.14796
-6.13323
-6.10206
-6.05625
-6.00546
-5.95816
-5.92466
-5.91301
-5.91719
-5.9256
-5.92635
-5.91702
-5.88581
-5.84538
-5.79618
-5.75039
-5.71366
-5.69536
-5.70175
-5.73221
-5.78032
-5.84269
-5.90284
-5.95152
-5.98313
-5.99752
-5.99527
-5.98669
-5.96851
-5.9474
-5.92988
-5.91097
-5.89675
-5.8832
-5.87182
-5.86062
-5.84617
-5.83577
-5.82129
-5.80971
-5.7989
-5.78853
-5.77847
-5.76648
-5.75267
-5.73496
-5.71604
-5.69679
-5.68306
-5.67456
-5.67402
-5.68127
-5.6962
-5.7268
-5.75866
-5.78878
-5.81591
-5.83943
-5.86092
-5.87854
-5.89275
-5.90111
-5.90304
-5.9035
-5.91081
-5.92964
-5.95552
-5.98142
-6.00134
-6.01604
-6.02327
-6.01863
-6.00332
-5.97963
-5.94618
-5.90749
-5.86526
-5.82486
-5.79303
-5.76498
-5.74351
-5.73099
-5.73336
-5.74773
-5.77251
-5.80336
-5.83753
-5.87046
-5.90428
-5.93655
-5.96208
-5.97536
-5.97593
-5.96445
-5.94613
-5.92794
-5.91401
-5.9098
-5.90632
-5.89561
-5.87736
-5.84983
-5.81698
-5.78494
-5.75811
-5.7351
-5.71772
-5.70536
-5.70165
-5.70535
-5.72978
-5.77101
-5.81471
-5.8543
-5.88375
-5.89882
-5.90161
-5.89997
-5.90038
-5.91083
-5.92701
-5.93915
-5.93945
-5.92317
-5.89696
-5.87148
-5.8459
-5.81526
-5.78633
-5.75836
-5.74435
-5.75451
-5.77878
-5.81981
-5.86936
-5.92355
-5.9674
-5.99111
-5.9947
-5.97458
-5.93917
-5.90281
-5.86778
-5.85216
-5.85301
-5.87089
-5.89679
-5.91912
-5.9386
-5.95153
-5.95851
-5.96546
-5.97515
-5.97788
-5.96584
-5.94386
-5.9124
-5.87648
-5.84229
-5.81903
-5.80928
-5.81077
-5.825
-5.8423
-5.8618
-5.87669
-5.88463
-5.88561
-5.88459
-5.88405
-5.89092
-5.90671
-5.92527
-5.94373
-5.95772
-5.96353
-5.96099
-5.95164
-5.93769
-5.92427
-5.92253
-5.92724
-5.94085
-5.94629
-5.9465
-5.9408
-5.92586
-5.90735
-5.87992
-5.841
-5.78872
-5.72827
-5.66717
-5.61526
-5.58437
-5.57965
-5.59758
-5.63894
-5.69402
-5.75402
-5.8102
-5.85888
-5.89522
-5.91582
-5.92409
-5.92314
-5.91655
-5.90472
-5.89412
-5.88727
-5.88165
-5.88394
-5.88819
-5.89898
-5.91015
-5.91702
-5.913
-5.89861
-5.87536
-5.84134
-5.80038
-5.75889
-5.71667
-5.67954
-5.65587
-5.65059
-5.66812
-5.7068
-5.76661
-5.83344
-5.89749
-5.95095
-5.99314
-6.02684
-6.0546
-6.08147
-6.09683
-6.10668
-6.10078
-6.08204
-6.05273
-6.0125
-5.96592
-5.92427
-5.89034
-5.86792
-5.86715
-5.88113
-5.90429
-5.92495
-5.93637
-5.92861
-5.91056
-5.88662
-5.859
-5.83436
-5.81076
-5.79294
-5.78226
-5.78376
-5.80193
-5.83079
-5.86981
-5.90785
-5.9453
-5.97094
-5.98165
-5.97048
-5.94369
-5.90429
-5.86062
-5.82078
-5.7989
-5.7963
-5.81266
-5.8358
-5.85149
-5.86303
-5.87396
-5.88814
-5.90991
-5.93422
-5.95862
-5.97548
-5.97855
-5.96339
-5.93851
-5.90565
-5.87134
-5.83587
-5.80432
-5.77955
-5.76486
-5.76059
-5.77279
-5.79313
-5.81347
-5.83198
-5.84652
-5.85993
-5.88112
-5.90598
-5.93613
-5.95707
-5.97155
-5.97109
-5.95994
-5.93907
-5.91271
-5.88273
-5.8536
-5.83098
-5.82726
-5.84489
-5.88075
-5.93371
-5.98861
-6.03889
-6.07589
-6.10145
-6.11015
-6.10356
-6.0812
-6.04245
-6.00165
-5.96546
-5.94383
-5.92782
-5.91823
-5.89743
-5.86067
-5.81255
-5.75689
-5.70464
-5.67046
-5.6608
-5.68115
-5.72794
-5.79054
-5.85173
-5.89988
-5.92999
-5.94515
-5.94787
-5.9449
-5.93666
-5.92638
-5.91499
-5.90053
-5.88121
-5.86408
-5.84699
-5.83584
-5.8314
-5.83834
-5.84919
-5.86314
-5.87585
-5.88205
-5.88238
-5.8799
-5.87992
-5.88529
-5.8958
-5.91024
-5.9233
-5.93273
-5.94147
-5.9451
-5.94036
-5.92802
-5.90764
-5.88731
-5.87172
-5.86682
-5.87597
-5.89335
-5.91137
-5.92589
-5.93354
-5.93349
-5.93012
-5.92804
-5.92767
-5.9249
-5.91753
-5.91024
-5.90333
-5.89407
-5.88819
-5.88204
-5.88387
-5.89264
-5.90729
-5.91575
-5.9222
-5.92401
-5.91945
-5.90946
-5.89111
-5.8681
-5.85284
-5.84596
-5.85963
-5.89202
-5.93559
-5.97213
-5.99171
-5.97979
-5.94149
-5.88667
-5.83058
-5.79171
-5.7717
-5.76987
-5.77767
-5.79251
-5.80887
-5.82423
-5.8362
-5.84874
-5.86085
-5.87864
-5.90044
-5.9273
-5.95794
-5.9881
-6.02016
-6.05351
-6.07675
-6.08319
-6.06666
-6.03518
-5.99925
-5.96849
-5.94195
-5.91847
-5.89311
-5.87101
-5.85548
-5.85131
-5.86095
-5.88315
-5.91707
-5.95455
-5.98621
-6.01114
-6.02796
-6.02991
-6.02211
-6.00341
-5.97258
-5.93591
-5.89879
-5.86739
-5.84493
-5.83511
-5.83222
-5.83395
-5.8417
-5.84974
-5.85541
-5.85633
-5.84792
-5.83187
-5.80984
-5.7794
-5.74965
-5.725
-5.71266
-5.71637
-5.73597
-5.77447
-5.82491
-5.88061
-5.93125
-5.97495
-6.0077
-6.02553
-6.02845
-6.02197
-6.00535
-5.98708
-5.97398
-5.97629
-5.98968
-6.0082
-6.02374
-6.03387
-6.0306
-6.01621
-5.9974
-5.96616
-5.92858
-5.88331
-5.83496
-5.792
-5.75971
-5.74132
-5.73519
-5.73727
-5.75363
-5.78486
-5.82926
-5.87433
-5.91697
-5.9491
-5.96266
-5.95711
-5.93106
-5.88282
-5.81622
-5.7429
-5.66933
-5.60861
-5.57029
-5.55329
-5.55814
-5.58219
-5.62144
-5.67089
-5.72661
-5.78188
-5.83436
-5.87992
-5.9158
-5.94709
-5.97609
-6.0067
-6.03871
-6.07334
-6.10341
-6.12791
-6.14096
-6.13935
-6.12592
-6.09093
-6.04412
-5.98625
-5.92947
-5.88055
-5.84789
-5.83996
-5.84871
-5.86705
-5.88395
-5.89389
-5.89081
-5.87971
-5.86899
-5.86805
-5.88433
-5.91687
-5.95826
-5.99608
-6.02793
-6.04949
-6.05044
-6.02505
-5.98086
-5.92148
-5.86701
-5.82476
-5.80527
-5.81079
-5.83422
-5.86664
-5.89316
-5.90796
-5.8994
-5.87223
-5.83496
-5.79987
-5.76989
-5.74692
-5.73256
-5.73166
-5.7509
-5.78445
-5.83098
-5.87581
-5.90805
-5.92628
-5.93157
-5.9256
-5.91156
-5.8935
-5.86892
-5.84517
-5.82381
-5.81898
-5.82807
-5.86042
-5.90624
-5.95349
-5.99544
-6.01878
-6.01793
-5.99048
-5.94137
-5.87584
-5.80212
-5.73021
-5.66991
-5.63029
-5.60825
-5.60976
-5.63531
-5.6893
-5.76223
-5.84847
-5.9404
-6.01709
-6.07073
-6.09135
-6.08241
-6.04669
-5.99788
-5.94499
-5.8975
-5.86131
-5.84448
-5.84172
-5.84781
-5.84959
-5.84446
-5.82888
-5.80911
-5.79066
-5.78439
-5.79587
-5.82614
-5.86493
-5.90463
-5.93457
-5.95502
-5.96185
-5.96425
-5.97714
-6.00012
-6.0322
-6.06793
-6.10139
-6.13026
-6.1479
-6.16279
-6.16301
-6.15615
-6.13733
-6.10449
-6.05963
-6.00433
-5.9455
-5.88123
-5.81953
-5.75514
-5.69968
-5.66743
-5.67197
-5.70893
-5.7614
-5.80898
-5.84495
-5.86567
-5.87527
-5.87264
-5.86333
-5.85577
-5.84473
-5.833
-5.8185
-5.79672
-5.77199
-5.74142
-5.71206
-5.6906
-5.67731
-5.67594
-5.68775
-5.70992
-5.74501
-5.78933
-5.84231
-5.8986
-5.95529
-6.00409
-6.04186
-6.06224
-6.05803
-6.03144
-5.98759
-5.93373
-5.88313
-5.84471
-5.83177
-5.83562
-5.84711
-5.85379
-5.85524
-5.84496
-5.82621
-5.80113
-5.77618
-5.7622
-5.76974
-5.80268
-5.85924
-5.92727
-5.99474
-6.05471
-6.10479
-6.13238
-6.13882
-6.12394
-6.08819
-6.03948
-5.98917
-5.95035
-5.94178
-5.95907
-5.98704
-6.01478
-6.03242
-6.03484
-6.02039
-5.99659
-5.9702
-5.94074
-5.91783
-5.8942
-5.87065
-5.83793
-5.80093
-5.75892
-5.71715
-5.68968
-5.67539
-5.67606
-5.68724
-5.70726
-5.7279
-5.74511
-5.76204
-5.77467
-5.7819
-5.79248
-5.80438
-5.8284
-5.8616
-5.90109
-5.9352
-5.95814
-5.96895
-5.96581
-5.94886
-5.92414
-5.89721
-5.87318
-5.86059
-5.85379
-5.85586
-5.86331
-5.87466
-5.88302
-5.89039
-5.89575
-5.89835
-5.89752
-5.88805
-5.87615
-5.85714
-5.83499
-5.80927
-5.77949
-5.755
-5.74095
-5.74111
-5.75946
-5.79007
-5.82725
-5.86143
-5.88911
-5.90695
-5.92022
-5.92702
-5.92704
-5.9229
-5.91231
-5.90186
-5.89461
-5.89655
-5.90591
-5.92262
-5.93913
-5.94994
-5.95636
-5.95024
-5.93711
-5.91758
-5.89379
-5.87546
-5.85759
-5.84277
-5.83178
-5.8275
-5.82651
-5.82826
-5.83049
-5.82868
-5.82432
-5.82197
-5.8207
-5.82362
-5.8275
-5.82864
-5.82656
-5.81507
-5.80729
-5.8007
-5.80429
-5.82119
-5.85236
-5.89155
-5.93774
-5.98815
-6.03238
-6.06617
-6.0808
-6.07578
-6.0554
-6.02469
-5.99073
-5.95143
-5.91116
-5.87072
-5.83001
-5.79822
-5.7731
-5.76219
-5.76224
-5.76876
-5.78559
-5.81046
-5.8356
-5.86163
-5.89024
-5.92066
-5.94767
-5.97808
-6.00345
-6.03084
-6.05644
-6.07603
-6.09038
-6.09424
-6.08349
-6.06687
-6.04817
-6.025
-5.99827
-5.96521
-5.93293
-5.89532
-5.85503
-5.80916
-5.76261
-5.72183
-5.68587
-5.66312
-5.65577
-5.66407
-5.68782
-5.72646
-5.78296
-5.84848
-5.91141
-5.96928
-6.02021
-6.05872
-6.08193
-6.09208
-6.08546
-6.0609
-6.02826
-5.99215
-5.95758
-5.932
-5.91017
-5.89479
-5.87393
-5.85145
-5.83014
-5.81665
-5.8178
-5.84015
-5.87274
-5.90592
-5.9243
-5.91587
-5.88146
-5.82879
-5.76653
-5.71811
-5.6807
-5.66129
-5.65849
-5.67701
-5.72185
-5.78771
-5.86907
-5.95012
-6.01672
-6.05808
-6.07585
-6.0755
-6.05917
-6.03078
-5.99893
-5.96154
-5.924
-5.88801
-5.85833
-5.8381
-5.83239
-5.84131
-5.85954
-5.87547
-5.87961
-5.86388
-5.82883
-5.78603
-5.73999
-5.7074
-5.69958
-5.71953
-5.76157
-5.81493
-5.86938
-5.91831
-5.94645
-5.95598
-5.94462
-5.92011
-5.88779
-5.85331
-5.83174
-5.82789
-5.83681
-5.85175
-5.86849
-5.88097
-5.88846
-5.89124
-5.89372
-5.89832
-5.89317
-5.88572
-5.87221
-5.86092
-5.84987
-5.85162
-5.86259
-5.89166
-5.92413
-5.95543
-5.97851
-5.98848
-5.99337
-5.9996
-6.00865
-6.0156
-6.02159
-6.02461
-6.02615
-6.01913
-6.00817
-5.99097
-5.96648
-5.93435
-5.90196
-5.87335
-5.85044
-5.83608
-5.83202
-5.83257
-5.83616
-5.84319
-5.851
-5.85252
-5.84595
-5.83231
-5.81483
-5.79987
-5.7987
-5.81319
-5.84081
-5.8724
-5.90725
-5.93778
-5.95426
-5.95879
-5.94533
-5.9147
-5.87665
-5.8402
-5.81936
-5.82836
-5.862
-5.91062
-5.96027
-5.99827
-6.01714
-6.01335
-5.98633
-5.93986
-5.8835
-5.82918
-5.78635
-5.75156
-5.72052
-5.69354
-5.66947
-5.66093
-5.67632
-5.71952
-5.785
-5.8611
-5.93393
-5.99659
-6.03526
-6.05062
-6.03976
-6.01666
-5.98955
-5.96906
-5.96796
-5.9814
-6.00273
-6.01781
-6.02555
-6.02136
-6.00487
-5.97408
-5.92856
-5.87438
-5.82215
-5.78056
-5.75701
-5.75511
-5.77007
-5.79718
-5.83374
-5.87749
-5.9191
-5.94896
-5.96907
-5.97673
-5.9811
-5.98093
-5.98116
-5.96965
-5.94215
-5.89769
-5.83944
-5.77569
-5.72449
-5.69845
-5.7
-5.72652
-5.7708
-5.82246
-5.86868
-5.89851
-5.9047
-5.88605
-5.84568
-5.79841
-5.7514
-5.71647
-5.6872
-5.66944
-5.66016
-5.66324
-5.67585
-5.7002
-5.73401
-5.77065
-5.8104
-5.85091
-5.88666
-5.91696
-5.93817
-5.95178
-5.95325
-5.95306
-5.95033
-5.9519
-5.95859
-5.96703
-5.97428
-5.97927
-5.97458
-5.96616
-5.95306
-5.9458
-5.95
-5.95395
-5.94547
-5.91891
-5.87607
-5.8282
-5.78654
-5.75729
-5.73797
-5.72886
-5.72939
-5.74314
-5.76846
-5.80682
-5.85133
-5.89828
-5.94128
-5.9821
-6.01266
-6.03609
-6.05531
-6.06609
-6.06994
-6.06461
-6.04705
-6.0149
-5.97439
-5.93336
-5.90096
-5.88201
-5.88262
-5.90383
-5.93941
-5.97761
-6.00964
-6.02525
-6.01687
-5.9931
-5.96433
-5.92828
-5.88809
-5.85025
-5.81468
-5.78873
-5.77549
-5.76944
-5.76983
-5.77777
-5.7921
-5.81973
-5.85856
-5.90429
-5.94313
-5.97058
-5.99209
-6.00382
-6.01356
-6.01672
-6.0087
-5.9945
-5.97029
-5.94629
-5.92971
-5.9333
-5.9585
-5.99675
-6.03464
-6.05776
-6.06146
-6.04987
-6.0248
-5.99616
-5.95992
-5.9223
-5.88527
-5.84726
-5.80818
-5.77378
-5.74376
-5.7226
-5.71563
-5.72056
-5.73132
-5.74053
-5.73779
-5.72677
-5.71056
-5.70075
-5.70573
-5.72497
-5.75214
-5.78009
-5.8044
-5.82156
-5.82963
-5.82696
-5.81081
-5.78736
-5.76048
-5.74011
-5.72794
-5.73046
-5.74461
-5.77232
-5.8179
-5.87581
-5.94311
-6.0102
-6.0684
-6.11117
-6.14221
-6.15537
-6.1527
-6.1322
-6.10116
-6.06007
-6.02125
-5.98832
-5.9724
-5.97006
-5.9796
-5.99025
-5.996
-5.99555
-5.98309
-5.96498
-5.93935
-5.90776
-5.8673
-5.82403
-5.77862
-5.74071
-5.71988
-5.71776
-5.73223
-5.75418
-5.77677
-5.79733
-5.81231
-5.82341
-5.8335
-5.84435
-5.84936
-5.84834
-5.83716
-5.81302
-5.78848
-5.77147
-5.77387
-5.79999
-5.84773
-5.9111
-5.97702
-6.03972
-6.08895
-6.12449
-6.14429
-6.15476
-6.15182
-6.14434
-6.12196
-6.09113
-6.05181
-6.0117
-5.97339
-5.94549
-5.92686
-5.91011
-5.89624
-5.88158
-5.86202
-5.83771
-5.81339
-5.79515
-5.78602
-5.78932
-5.80066
-5.81552
-5.82571
-5.82382
-5.81486
-5.80164
-5.78908
-5.78423
-5.78969
-5.80858
-5.83178
-5.85068
-5.85403
-5.8401
-5.81247
-5.7816
-5.76566
-5.78051
-5.83494
-5.92178
-6.02345
-6.11604
-6.18374
-6.21678
-6.21322
-6.17338
-6.10485
-6.01851
-5.93839
-5.87955
-5.84939
-5.84627
-5.86392
-5.89514
-5.92744
-5.95312
-5.96505
-5.96494
-5.95287
-5.93576
-5.91866
-5.90497
-5.90428
-5.91206
-5.92529
-5.93665
-5.94355
-5.94331
-5.93808
-5.9358
-5.93977
-5.94424
-5.93588
-5.91299
-5.86415
-5.80356
-5.73615
-5.67733
-5.64103
-5.63165
-5.65161
-5.69258
-5.74598
-5.80257
-5.85339
-5.89354
-5.92148
-5.94328
-5.94991
-5.94887
-5.93725
-5.91664
-5.89399
-5.88249
-5.88428
-5.90575
-5.94375
-5.99595
-6.04693
-6.0895
-6.11559
-6.12108
-6.09929
-6.05512
-5.99675
-5.93136
-5.87302
-5.82265
-5.78976
-5.77165
-5.7669
-5.76616
-5.77585
-5.79229
-5.81462
-5.84329
-5.87315
-5.89254
-5.91013
-5.9215
-5.9322
-5.93092
-5.91861
-5.89356
-5.85638
-5.82161
-5.80435
-5.81454
-5.85248
-5.90358
-5.95724
-6.00071
-6.02613
-6.03371
-6.03652
-6.03669
-6.04261
-6.05091
-6.05248
-6.04687
-6.0296
-5.99893
-5.95853
-5.91127
-5.86599
-5.82758
-5.80809
-5.80588
-5.81301
-5.82595
-5.84854
-5.87861
-5.91582
-5.95623
-5.99679
-6.02438
-6.03523
-6.02109
-5.98442
-5.92461
-5.86065
-5.80289
-5.76401
-5.74966
-5.7544
-5.77306
-5.79846
-5.82467
-5.84904
-5.86503
-5.87442
-5.88062
-5.8801
-5.87848
-5.87486
-5.86399
-5.84718
-5.82353
-5.80525
-5.79834
-5.80212
-5.81524
-5.83127
-5.84554
-5.84994
-5.85802
-5.87039
-5.89688
-5.93161
-5.97098
-5.99943
-6.00984
-6.0014
-5.97239
-5.91947
-5.84947
-5.76975
-5.69333
-5.63891
-5.62294
-5.65599
-5.73573
-5.83723
-5.93709
-6.01952
-6.0761
-6.10582
-6.11025
-6.09318
-6.06214
-6.02354
-5.98522
-5.95246
-5.91917
-5.89059
-5.86451
-5.83866
-5.81681
-5.80494
-5.80558
-5.82365
-5.85474
-5.90252
-5.95293
-5.99987
-6.03008
-6.04084
-6.03552
-6.02308
-6.00997
-6.00064
-5.99373
-5.99061
-5.98106
-5.96487
-5.94544
-5.93233
-5.93409
-5.94588
-5.96286
-5.9752
-5.98059
-5.97364
-5.9523
-5.91798
-5.86549
-5.79903
-5.72444
-5.65299
-5.60699
-5.5878
-5.60028
-5.62612
-5.65441
-5.67709
-5.69341
-5.71025
-5.72869
-5.75508
-5.7892
-5.83624
-5.88957
-5.94319
-5.99395
-6.03579
-6.06839
-6.09536
-6.11106
-6.11631
-6.11379
-6.10675
-6.09708
-6.08088
-6.06638
-6.04866
-6.02375
-5.99407
-5.95959
-5.92114
-5.88157
-5.85125
-5.83131
-5.82745
-5.82493
-5.82605
-5.82307
-5.81891
-5.81699
-5.81789
-5.81363
-5.80981
-5.80778
-5.80812
-5.81434
-5.82645
-5.8406
-5.8553
-5.86648
-5.87906
-5.90327
-5.94452
-5.99509
-6.04484
-6.07979
-6.09385
-6.08321
-6.0507
-6.00293
-5.94886
-5.89929
-5.86167
-5.84049
-5.83308
-5.83672
-5.85043
-5.86715
-5.8847
-5.90118
-5.92317
-5.95189
-5.97987
-5.99378
-5.98745
-5.9556
-5.89877
-5.82301
-5.7395
-5.66019
-5.59792
-5.56323
-5.55884
-5.58733
-5.63622
-5.69454
-5.75635
-5.81456
-5.86236
-5.89663
-5.91282
-5.91326
-5.90149
-5.88383
-5.86677
-5.85479
-5.85523
-5.87243
-5.90148
-5.94246
-5.99281
-6.04619
-6.09804
-6.12968
-6.14041
-6.128
-6.09854
-6.0554
-6.01025
-5.97235
-5.94772
-5.94573
-5.96741
-6.00122
-6.04329
-6.08165
-6.11266
-6.12597
-6.12414
-6.10181
-6.0526
-5.98236
-5.89393
-5.79937
-5.70904
-5.62865
-5.56087
-5.51135
-5.48239
-5.48166
-5.50788
-5.54654
-5.59434
-5.65107
-5.70655
-5.75434
-5.79413
-5.82618
-5.85291
-5.8767
-5.90285
-5.93189
-5.96169
-5.98533
-5.99719
-5.99238
-5.96669
-5.92956
-5.89514
-5.87277
-5.86768
-5.87288
-5.88174
-5.88525
-5.88879
-5.881
-5.87108
-5.85839
-5.84644
-5.83743
-5.82994
-5.82117
-5.80969
-5.80747
-5.81895
-5.8403
-5.86503
-5.89252
-5.92392
-5.96205
-6.00647
-6.04756
-6.07745
-6.0905
-6.08399
-6.06021
-6.02769
-5.99186
-5.96434
-5.9502
-5.94984
-5.95308
-5.95619
-5.95365
-5.93882
-5.91771
-5.89611
-5.87936
-5.86776
-5.86434
-5.872
-5.88918
-5.91287
-5.94481
-5.97111
-5.98777
-5.98719
-5.96871
-5.94184
-5.90955
-5.87445
-5.84213
-5.81464
-5.79753
-5.79223
-5.79244
-5.79503
-5.79346
-5.79242
-5.78896
-5.78446
-5.78075
-5.78014
-5.78602
-5.80067
-5.81821
-5.8319
-5.832
-5.81649
-5.79116
-5.76768
-5.75537
-5.76349
-5.78745
-5.82494
-5.86808
-5.90423
-5.92745
-5.93105
-5.91002
-5.87434
-5.82987
-5.79795
-5.7886
-5.819
-5.87811
-5.95214
-6.01801
-6.06539
-6.08966
-6.08876
-6.06988
-6.03872
-6.00466
-5.97736
-5.96025
-5.95505
-5.95744
-5.95721
-5.95178
-5.93943
-5.93134
-5.93011
-5.93626
-5.94889
-5.96072
-5.96825
-5.96706
-5.95934
-5.94461
-5.92517
-5.90746
-5.8941
-5.88394
-5.87711
-5.87288
-5.87111
-5.87235
-5.87504
-5.87982
-5.88752
-5.88736
-5.87535
-5.85405
-5.8302
-5.79976
-5.77672
-5.76535
-5.77412
-5.80214
-5.83786
-5.87489
-5.90136
-5.91354
-5.91143
-5.89046
-5.85705
-5.81523
-5.77242
-5.73663
-5.71824
-5.72482
-5.75616
-5.80694
-5.86725
-5.92584
-5.97576
-6.0058
-6.02051
-6.02643
-6.0245
-6.01953
-6.01741
-6.01819
-6.01817
-6.00817
-5.9877
-5.9568
-5.92302
-5.89418
-5.873
-5.86176
-5.86354
-5.87078
-5.88146
-5.89023
-5.89062
-5.88406
-5.86616
-5.84337
-5.82059
-5.80819
-5.81275
-5.83518
-5.87258
-5.91458
-5.95412
-5.9776
-5.98703
-5.97682
-5.9535
-5.92591
-5.9027
-5.88248
-5.8656
-5.84742
-5.82577
-5.80125
-5.77899
-5.75877
-5.74784
-5.7512
-5.7657
-5.78835
-5.81839
-5.84802
-5.87914
-5.90901
-5.93403
-5.95899
-5.97594
-5.98129
-5.96687
-5.93561
-5.89085
-5.84545
-5.81124
-5.79554
-5.80465
-5.826
-5.85294
-5.87326
-5.88757
-5.89563
-5.89958
-5.90234
-5.90592
-5.91091
-5.92159
-5.93099
-5.94617
-5.96414
-5.98419
-5.9974
-5.99845
-5.98038
-5.94404
-5.89092
-5.83205
-5.7708
-5.72029
-5.68425
-5.66574
-5.6615
-5.66427
-5.67536
-5.68539
-5.69759
-5.71614
-5.73992
-5.77524
-5.81756
-5.86384
-5.90731
-5.94441
-5.97401
-5.99932
-6.01788
-6.0434
-6.06629
-6.08372
-6.09223
-6.0828
-6.05612
-6.01726
-5.97633
-5.94395
-5.92375
-5.92154
-5.936
-5.96366
-5.99015
-6.00915
-6.01589
-6.01048
-5.99886
-5.98252
-5.96198
-5.93916
-5.91523
-5.88589
-5.84997
-5.80601
-5.75544
-5.70978
-5.67143
-5.64748
-5.63896
-5.64845
-5.67076
-5.70446
-5.74106
-5.77903
-5.81274
-5.84159
-5.85952
-5.86526
-5.85639
-5.84706
-5.8401
-5.84352
-5.85734
-5.87612
-5.8995
-5.9232
-5.94201
-5.95116
-5.94758
-5.9329
-5.91512
-5.89675
-5.88018
-5.86652
-5.85698
-5.85105
-5.84734
-5.83493
-5.81215
-5.77757
-5.74848
-5.74252
-5.76562
-5.80587
-5.85637
-5.91369
-5.97563
-6.0381
-6.09436
-6.13596
-6.15686
-6.15677
-6.13951
-6.10884
-6.06507
-6.00874
-5.94873
-5.89035
-5.84962
-5.83179
-5.84004
-5.87349
-5.92029
-5.97329
-6.02171
-6.05538
-6.07075
-6.0722
-6.05619
-6.02705
-5.99154
-5.95453
-5.92136
-5.8913
-5.86416
-5.8412
-5.81719
-5.79048
-5.76444
-5.74522
-5.74021
-5.74244
-5.74856
-5.75412
-5.75556
-5.74159
-5.71832
-5.69298
-5.67015
-5.6566
-5.65256
-5.6599
-5.6752
-5.69929
-5.73271
-5.77123
-5.81387
-5.85375
-5.89391
-5.9309
-5.96582
-5.99054
-6.01186
-6.03472
-6.05592
-6.07942
-6.10782
-6.13084
-6.14636
-6.14916
-6.14324
-6.12996
-6.10509
-6.06943
-6.02507
-5.9774
-5.92898
-5.88469
-5.84484
-5.81292
-5.79457
-5.79236
-5.81065
-5.83846
-5.87125
-5.89674
-5.91281
-5.92029
-5.91896
-5.90899
-5.8927
-5.87596
-5.8593
-5.8476
-5.84244
-5.8425
-5.84331
-5.84336
-5.83546
-5.82335
-5.80808
-5.79367
-5.78313
-5.78215
-5.79804
-5.83365
-5.8847
-5.93719
-5.98057
-6.00856
-6.01343
-6.00361
-5.98166
-5.95483
-5.93657
-5.93512
-5.94016
-5.93926
-5.92063
-5.88961
-5.85572
-5.83745
-5.83922
-5.86448
-5.90553
-5.95098
-5.99241
-6.02789
-6.05514
-6.06963
-6.06379
-6.03146
-5.97741
-5.91206
-5.84552
-5.79395
-5.7649
-5.75455
-5.75148
-5.75539
-5.76192
-5.76996
-5.78314
-5.80065
-5.82045
-5.84419
-5.86362
-5.88129
-5.88522
-5.87187
-5.83873
-5.79228
-5.74487
-5.70615
-5.69236
-5.70452
-5.74098
-5.79032
-5.83874
-5.87848
-5.90058
-5.90701
-5.90454
-5.90331
-5.90657
-5.92075
-5.93624
-5.95108
-5.96168
-5.96988
-5.97782
-5.98572
-5.99808
-6.01201
-6.02593
-6.03821
-6.04832
-6.0586
-6.06422
-6.06623
-6.06417
-6.04762
-6.02681
-5.99415
-5.95887
-5.92211
-5.88429
-5.84489
-5.80082
-5.75834
-5.72201
-5.69333
-5.67751
-5.67168
-5.67886
-5.69957
-5.73123
-5.77082
-5.81451
-5.85647
-5.89237
-5.91278
-5.9153
-5.90587
-5.88615
-5.86396
-5.84653
-5.83223
-5.82308
-5.81465
-5.80469
-5.79893
-5.80236
-5.81985
-5.84579
-5.87969
-5.90411
-5.91826
-5.91724
-5.91002
-5.90453
-5.8962
-5.89084
-5.8906
-5.90097
-5.92151
-5.95493
-5.98896
-6.01322
-6.02388
-6.02261
-6.00828
-5.98045
-5.94606
-5.9088
-5.87513
-5.84545
-5.82033
-5.79833
-5.78194
-5.76561
-5.74303
-5.72253
-5.71136
-5.71811
-5.74516
-5.79058
-5.84584
-5.89892
-5.93956
-5.96895
-5.97913
-5.97404
-5.94765
-5.90222
-5.85209
-5.81431
-5.79542
-5.79886
-5.81369
-5.83809
-5.85919
-5.86993
-5.86374
-5.84346
-5.82459
-5.81993
-5.83882
-5.88065
-5.94117
-6.00969
-6.07616
-6.12839
-6.15797
-6.16111
-6.14009
-6.09595
-6.03157
-5.95607
-5.87813
-5.80053
-5.73174
-5.68567
-5.66467
-5.67171
-5.70431
-5.75505
-5.80818
-5.85861
-5.89676
-5.91132
-5.91369
-5.90357
-5.91071
-5.9393
-5.9778
-6.00065
-6.00551
-5.98757
-5.95538
-5.91686
-5.88286
-5.86406
-5.87132
-5.90699
-5.96068
-6.01777
-6.07463
-6.12103
-6.15434
-6.16636
-6.1533
-6.11243
-6.05193
-5.97869
-5.9071
-5.84376
-5.79325
-5.75857
-5.73756
-5.72702
-5.71899
-5.70881
-5.6959
-5.6809
-5.66518
-5.65637
-5.65934
-5.67289
-5.69072
-5.70978
-5.72938
-5.762
-5.80968
-5.87222
-5.94138
-6.00705
-6.05339
-6.0854
-6.10197
-6.10543
-6.09442
-6.07732
-6.04907
-6.0264
-6.0154
-6.01931
-6.04023
-6.05988
-6.06796
-6.05945
-6.0282
-5.98523
-5.92989
-5.8787
-5.83023
-5.79205
-5.76188
-5.74709
-5.74109
-5.74142
-5.74583
-5.75068
-5.75936
-5.77281
-5.79595
-5.83016
-5.86992
-5.90246
-5.92885
-5.94402
-5.94781
-5.93937
-5.919
-5.88455
-5.84831
-5.81441
-5.79208
-5.78639
-5.79859
-5.82079
-5.84912
-5.88319
-5.91344
-5.94824
-5.9807
-6.00856
-6.03198
-6.04689
-6.0549
-6.05899
-6.06009
-6.05414
-6.03974
-6.0104
-5.96975
-5.91871
-5.8716
-5.83901
-5.8304
-5.83718
-5.85092
-5.86791
-5.87963
-5.88664
-5.88961
-5.89361
-5.89337
-5.89191
-5.88642
-5.86728
-5.84195
-5.81647
-5.797
-5.78784
-5.79741
-5.82004
-5.84841
-5.87706
-5.89152
-5.89189
-5.88254
-5.86642
-5.84972
-5.83932
-5.83883
-5.85571
-5.8852
-5.92259
-5.96449
-6.00031
-6.02404
-6.03755
-6.03159
-6.00659
-5.9639
-5.91226
-5.85221
-5.79433
-5.74214
-5.69743
-5.67058
-5.66128
-5.67139
-5.70293
-5.7544
-5.81169
-5.8677
-5.91125
-5.93589
-5.93984
-5.92729
-5.90409
-5.88282
-5.86527
-5.85808
-5.8639
-5.87103
-5.87422
-5.87681
-5.88545
-5.90657
-5.93363
-5.95594
-5.96817
-5.9751
-5.98146
-5.98917
-6.0044
-6.02265
-6.04067
-6.04886
-6.05007
-6.03577
-6.0118
-5.98333
-5.94881
-5.91616
-5.88976
-5.86954
-5.85536
-5.84456
-5.83777
-5.83245
-5.82566
-5.82014
-5.81334
-5.81334
-5.8277
-5.86524
-5.92455
-5.99439
-6.05581
-6.09226
-6.0999
-6.07265
-6.02106
-5.9532
-5.88522
-5.82888
-5.78759
-5.75978
-5.7411
-5.7344
-5.73775
-5.74899
-5.77041
-5.79506
-5.81616
-5.83077
-5.83394
-5.83286
-5.81779
-5.79605
-5.77014
-5.74589
-5.73852
-5.7554
-5.80319
-5.87091
-5.94457
-6.01067
-6.05722
-6.07612
-6.07255
-6.05456
-6.02751
-6.00332
-5.98861
-5.98898
-6.00069
-6.01714
-6.03198
-6.03903
-6.02747
-6.00603
-5.97255
-5.92984
-5.88512
-5.83764
-5.79876
-5.77164
-5.76578
-5.77051
-5.78733
-5.80359
-5.81374
-5.81682
-5.81524
-5.81377
-5.81765
-5.82747
-5.84461
-5.86999
-5.89696
-5.92049
-5.93725
-5.94173
-5.93491
-5.92075
-5.90481
-5.8901
-5.88142
-5.87516
-5.87211
-5.86808
-5.86504
-5.86661
-5.87887
-5.89957
-5.92443
-5.9475
-5.96383
-5.9686
-5.96214
-5.94706
-5.92595
-5.89945
-5.87044
-5.83617
-5.79431
-5.74838
-5.70495
-5.66984
-5.64907
-5.65425
-5.67447
-5.71538
-5.76289
-5.81076
-5.85137
-5.87569
-5.88848
-5.88952
-5.8831
-5.87608
-5.86955
-5.86582
-5.86016
-5.85587
-5.85339
-5.8456
-5.83217
-5.82162
-5.81801
-5.82342
-5.83899
-5.86451
-5.89246
-5.92175
-5.95066
-5.9726
-5.99378
-6.01038
-6.03028
-6.04892
-6.06974
-6.09102
-6.10514
-6.09906
-6.06304
-6.00084
-5.91517
-5.81543
-5.71321
-5.62097
-5.55154
-5.51631
-5.5089
-5.52384
-5.55853
-5.60179
-5.6537
-5.70891
-5.76418
-5.80742
-5.83846
-5.85786
-5.87335
-5.88026
-5.8808
-5.86847
-5.84443
-5.81813
-5.79865
-5.80217
-5.82949
-5.8772
-5.93593
-5.99434
-6.04557
-6.08044
-6.09887
-6.10281
-6.0923
-6.07582
-6.05484
-6.0349
-6.01658
-5.99622
-5.9787
-5.96283
-5.95044
-5.93892
-5.92882
-5.92335
-5.92113
-5.92337
-5.93449
-5.95437
-5.98137
-6.01004
-6.02273
-6.0149
-5.98275
-5.93249
-5.87111
-5.80559
-5.74373
-5.69338
-5.6677
-5.67414
-5.71498
-5.77659
-5.84319
-5.9044
-5.95095
-5.97736
-5.97958
-5.9615
-5.92777
-5.88907
-5.85371
-5.82559
-5.809
-5.80484
-5.80497
-5.81633
-5.82886
-5.83899
-5.84838
-5.86351
-5.88283
-5.90742
-5.92894
-5.94431
-5.94737
-5.93783
-5.91632
-5.88654
-5.85083
-5.81452
-5.79068
-5.78293
-5.79838
-5.82182
-5.85152
-5.88295
-5.91354
-5.94653
-5.97867
-6.01168
-6.03862
-6.05125
-6.05212
-6.03536
-6.01116
-5.97992
-5.94766
-5.92045
-5.89929
-5.88848
-5.88312
-5.87678
-5.86367
-5.84488
-5.82285
-5.80692
-5.80469
-5.81161
-5.82719
-5.84735
-5.86249
-5.87137
-5.87474
-5.87151
-5.86842
-5.86462
-5.86817
-5.88167
-5.8997
-5.92125
-5.93372
-5.94042
-5.93762
-5.92894
-5.91358
-5.89292
-5.87365
-5.86155
-5.86102
-5.87587
-5.90576
-5.94319
-5.9869
-6.02582
-6.05382
-6.06881
-6.06824
-6.06129
-6.05359
-6.04133
-6.02986
-6.01801
-6.00311
-5.98672
-5.96852
-5.9467
-5.91964
-5.88443
-5.84041
-5.79468
-5.75591
-5.73173
-5.72231
-5.73047
-5.74494
-5.75934
-5.76572
-5.76899
-5.77712
-5.79242
-5.81559
-5.84006
-5.86173
-5.87807
-5.8883
-5.89184
-5.89068
-5.88333
-5.87411
-5.87005
-5.87225
-5.87529
-5.86966
-5.85846
-5.83675
-5.81421
-5.79763
-5.79011
-5.79823
-5.81704
-5.84629
-5.87654
-5.90402
-5.92463
-5.93663
-5.93319
-5.92079
-5.89812
-5.86575
-5.8378
-5.81432
-5.80213
-5.79658
-5.80219
-5.81583
-5.83343
-5.85533
-5.87735
-5.89734
-5.91295
-5.92454
-5.93389
-5.93885
-5.93895
-5.93047
-5.91263
-5.89708
-5.88574
-5.89465
-5.92474
-5.96658
-6.0086
-6.04558
-6.06554
-6.0705
-6.05953
-6.0349
-6.00927
-5.98653
-5.9781
-5.98626
-6.00234
-6.02221
-6.03515
-6.03795
-6.03157
-6.02141
-6.00844
-5.99883
-5.98606
-5.96543
-5.93576
-5.89552
-5.84734
-5.80101
-5.76163
-5.73404
-5.71121
-5.69458
-5.68939
-5.69348
-5.70411
-5.72121
-5.74231
-5.76546
-5.7932
-5.82288
-5.85031
-5.87414
-5.88866
-5.8924
-5.88176
-5.85207
-5.80819
-5.74937
-5.69255
-5.64205
-5.60959
-5.6011
-5.62344
-5.67099
-5.73877
-5.80729
-5.87592
-5.93389
-5.9769
-6.00542
-6.0242
-6.02702
-6.01749
-6.00082
-5.97601
-5.9478
-5.91798
-5.89657
-5.88665
-5.891
-5.90864
-5.94296
-5.98523
-6.03133
-6.06829
-6.08381
-6.07374
-6.04047
-5.98726
-5.92909
-5.87043
-5.82274
-5.79423
-5.78616
-5.79872
-5.8237
-5.8591
-5.89627
-5.93333
-5.95898
-5.97079
-5.96158
-5.93386
-5.88567
-5.8272
-5.77125
-5.72743
-5.71065
-5.72662
-5.77698
-5.85182
-5.93735
-6.0199
-6.09084
-6.13498
-6.14744
-6.13363
-6.09834
-6.04835
-5.98878
-5.92838
-5.87549
-5.83086
-5.80394
-5.79086
-5.78953
-5.79424
-5.79703
-5.79239
-5.78046
-5.76477
-5.74861
-5.73832
-5.73591
-5.74745
-5.77004
-5.79765
-5.82392
-5.84587
-5.87008
-5.89716
-5.92998
-5.96081
-5.98244
-5.99258
-5.99015
-5.97585
-5.95553
-5.93355
-5.91042
-5.88684
-5.86916
-5.85767
-5.85657
-5.86083
-5.87074
-5.88039
-5.88431
-5.88105
-5.87042
-5.85441
-5.83754
-5.82136
-5.80742
-5.79879
-5.80796
-5.83421
-5.87072
-5.91146
-5.95096
-5.99595
-6.04009
-6.07438
-6.09345
-6.09027
-6.07614
-6.05112
-6.01603
-5.97333
-5.92521
-5.87509
-5.82482
-5.78173
-5.74922
-5.72664
-5.70972
-5.70511
-5.71258
-5.73916
-5.78088
-5.82916
-5.87552
-5.91249
-5.93988
-5.95933
-5.96946
-5.96513
-5.94777
-5.91869
-5.88819
-5.85894
-5.841
-5.83907
-5.84987
-5.86596
-5.88184
-5.8916
-5.8982
-5.89816
-5.89672
-5.90244
-5.91443
-5.94173
-5.97608
-6.01746
-6.05549
-6.09074
-6.12333
-6.14899
-6.16615
-6.16569
-6.14415
-6.09272
-6.01938
-5.93388
-5.85245
-5.78964
-5.75765
-5.75865
-5.7872
-5.83262
-5.88183
-5.93093
-5.9723
-6.01317
-6.04917
-6.07336
-6.08422
-6.08091
-6.0599
-6.02189
-5.97092
-5.91375
-5.86332
-5.83271
-5.82594
-5.84277
-5.87243
-5.90428
-5.93018
-5.94972
-5.9627
-5.96307
-5.95327
-5.92796
-5.89462
-5.85908
-5.83153
-5.82136
-5.82817
-5.84703
-5.87147
-5.89282
-5.90908
-5.9178
-5.91513
-5.89908
-5.86808
-5.82326
-5.76976
-5.71272
-5.66467
-5.62641
-5.61018
-5.61186
-5.63358
-5.67009
-5.71725
-5.76912
-5.81873
-5.86306
-5.89413
-5.91866
-5.93706
-5.94989
-5.95627
-5.9525
-5.94279
-5.92647
-5.91022
-5.90643
-5.91301
-5.9331
-5.95669
-5.98888
-6.01583
-6.039
-6.04901
-6.04578
-6.02958
-6.00791
-5.97969
-5.9531
-5.93435
-5.91861
-5.90322
-5.88016
-5.84997
-5.80729
-5.77101
-5.75519
-5.76281
-5.79038
-5.82474
-5.85785
-5.88526
-5.89502
-5.89339
-5.87257
-5.83791
-5.80044
-5.76825
-5.74949
-5.74624
-5.75694
-5.77213
-5.78464
-5.79163
-5.79497
-5.7935
-5.79285
-5.79472
-5.79685
-5.80349
-5.82005
-5.8475
-5.89477
-5.95714
-6.02392
-6.08304
-6.1183
-6.12864
-6.11069
-6.07746
-6.02908
-5.9754
-5.92324
-5.87352
-5.83268
-5.80907
-5.81211
-5.83519
-5.86939
-5.90208
-5.92635
-5.94661
-5.95898
-5.96547
-5.96616
-5.96393
-5.96264
-5.96499
-5.96681
-5.96477
-5.96122
-5.95611
-5.95215
-5.95503
-5.96158
-5.97634
-5.98832
-5.99701
-5.99816
-5.98961
-5.96883
-5.93612
-5.89039
-5.84135
-5.79386
-5.75808
-5.73648
-5.73438
-5.74492
-5.76174
-5.77844
-5.79101
-5.78822
-5.77658
-5.7547
-5.73197
-5.70945
-5.69119
-5.67033
-5.65457
-5.65094
-5.66332
-5.69489
-5.73941
-5.79737
-5.85505
-5.9017
-5.93738
-5.96424
-5.98178
-5.99287
-5.99647
-5.99801
-5.99569
-5.98976
-5.97826
-5.96189
-5.94125
-5.92168
-5.90309
-5.88709
-5.87126
-5.85773
-5.84688
-5.83396
-5.81739
-5.79864
-5.77506
-5.75873
-5.74975
-5.75779
-5.78277
-5.82765
-5.88504
-5.94901
-6.01333
-6.06931
-6.11617
-6.14862
-6.17112
-6.17589
-6.16615
-6.14251
-6.10198
-6.04587
-5.97982
-5.91261
-5.85141
-5.80749
-5.78024
-5.77703
-5.77955
-5.78926
-5.80156
-5.8209
-5.83933
-5.86274
-5.88091
-5.8962
-5.90539
-5.90247
-5.89093
-5.87316
-5.84529
-5.81403
-5.78921
-5.77887
-5.78374
-5.80131
-5.82643
-5.85274
-5.87721
-5.90476
-5.93224
-5.95466
-5.96686
-5.96912
-5.96153
-5.94797
-5.9271
-5.89455
-5.84963
-5.79633
-5.74105
-5.69559
-5.66956
-5.66623
-5.68062
-5.71119
-5.74791
-5.7837
-5.81144
-5.82394
-5.82188
-5.81543
-5.81551
-5.82509
-5.84819
-5.88613
-5.92602
-5.9651
-6.00096
-6.02743
-6.04351
-6.05356
-6.05896
-6.05219
-6.03594
-6.00547
-5.96421
-5.92486
-5.8999
-5.89757
-5.91439
-5.93613
-5.95339
-5.96932
-5.9776
-5.98499
-5.9965
-6.00983
-6.02718
-6.04309
-6.0529
-6.04648
-6.01804
-5.96609
-5.89534
-5.82009
-5.75734
-5.7215
-5.71631
-5.74135
-5.78156
-5.82643
-5.8628
-5.88707
-5.89408
-5.8836
-5.85466
-5.81326
-5.75775
-5.69575
-5.63778
-5.58946
-5.55935
-5.55324
-5.57345
-5.62225
-5.68573
-5.75996
-5.83837
-5.91238
-5.97394
-6.02156
-6.05688
-6.07949
-6.08975
-6.08551
-6.0757
-6.06709
-6.0577
-6.04624
-6.03752
-6.02984
-6.0171
-5.997
-5.97203
-5.94332
-5.9128
-5.88689
-5.86201
-5.84631
-5.84194
-5.83834
-5.84035
-5.84103
-5.83782
-5.83681
-5.84029
-5.84806
-5.85782
-5.86387
-5.86403
-5.85808
-5.84435
-5.82909
-5.81331
-5.79612
-5.78278
-5.77313
-5.77315
-5.78447
-5.80989
-5.84415
-5.87876
-5.91174
-5.93536
-5.94422
-5.94193
-5.93712
-5.94241
-5.9604
-5.99163
-6.0261
-6.05628
-6.06852
-6.06815
-6.05129
-6.02637
-5.99966
-5.97849
-5.96439
-5.95556
-5.95382
-5.95163
-5.94472
-5.93018
-5.90773
-5.88417
-5.86292
-5.84375
-5.82595
-5.80288
-5.77994
-5.75897
-5.74373
-5.74051
-5.74578
-5.76015
-5.78628
-5.82012
-5.85714
-5.89487
-5.9312
-5.96345
-5.99079
-6.00875
-6.01405
-6.0056
-5.9872
-5.96299
-5.94234
-5.93069
-5.91939
-5.91561
-5.91115
-5.90539
-5.89564
-5.88298
-5.86477
-5.84511
-5.82864
-5.81448
-5.80259
-5.79364
-5.78866
-5.78748
-5.79751
-5.81655
-5.84899
-5.88512
-5.92005
-5.94892
-5.96376
-5.96422
-5.95448
-5.93942
-5.92724
-5.92746
-5.94555
-5.985
-6.0376
-6.08858
-6.12186
-6.12912
-6.10309
-6.0443
-5.96044
-5.86624
-5.77337
-5.6993
-5.64846
-5.62792
-5.63584
-5.66915
-5.71695
-5.77154
-5.82607
-5.88418
-5.9498
-6.01782
-6.0814
-6.13722
-6.18795
-6.22615
-6.24426
-6.23437
-6.19717
-6.13731
-6.06241
-5.9854
-5.91549
-5.85659
-5.81867
-5.79701
-5.79379
-5.79824
-5.80755
-5.81419
-5.8139
-5.80555
-5.78858
-5.76628
-5.74726
-5.73594
-5.73993
-5.76012
-5.79465
-5.83702
-5.87605
-5.91117
-5.93119
-5.94027
-5.94473
-5.94173
-5.933
-5.91723
-5.88889
-5.853
-5.81938
-5.79546
-5.7922
-5.80901
-5.84306
-5.89226
-5.93688
-5.97501
-5.99737
-6.00362
-5.98894
-5.96328
-5.93211
-5.90595
-5.88508
-5.86607
-5.84636
-5.82239
-5.79821
-5.78463
-5.78188
-5.78871
-5.80592
-5.82894
-5.85397
-5.87709
-5.89748
-5.91988
-5.94236
-5.9682
-5.98853
-6.00019
-5.99497
-5.97619
-5.9507
-5.92592
-5.90409
-5.88184
-5.85836
-5.83292
-5.80374
-5.78213
-5.76654
-5.76734
-5.7803
-5.80724
-5.8472
-5.89492
-5.94411
-5.98099
-6.00828
-6.02148
-6.0277
-6.02852
-6.02545
-6.01724
-6.00301
-5.97695
-5.93867
-5.89424
-5.84273
-5.79074
-5.74922
-5.72757
-5.72762
-5.74653
-5.77566
-5.80605
-5.82298
-5.8325
-5.843
-5.87979
-5.93712
-5.99368
-6.03491
-6.04975
-6.04743
-6.03361
-6.01948
-6.01127
-5.99786
-5.97408
-5.93967
-5.90457
-5.89352
-5.91047
-5.92996
-5.93856
-5.92627
-5.89433
-5.85109
-5.81116
-5.77887
-5.76076
-5.75738
-5.76825
-5.7974
-5.83662
-5.8855
-5.93072
-5.96515
-5.98472
-5.98588
-5.97606
-5.9555
-5.92865
-5.89532
-5.86496
-5.84036
-5.82463
-5.82819
-5.84911
-5.88824
-5.93691
-5.98656
-6.03195
-6.06712
-6.09451
-6.11058
-6.11229
-6.09797
-6.06799
-6.02235
-5.96393
-5.90007
-5.84455
-5.80242
-5.77422
-5.75088
-5.73647
-5.73
-5.73856
-5.76247
-5.80172
-5.8492
-5.89692
-5.94712
-5.99219
-6.04073
-6.07933
-6.09707
-6.09107
-6.05508
-5.99383
-5.90895
-5.81425
-5.71879
-5.64452
-5.60867
-5.6131
-5.64706
-5.70129
-5.7648
-5.82337
-5.87611
-5.91399
-5.92594
-5.9213
-5.89978
-5.86875
-5.84221
-5.82963
-5.83722
-5.86217
-5.89851
-5.93709
-5.97147
-6.0019
-6.02597
-6.0427
-6.05426
-6.06066
-6.05804
-6.05222
-6.03761
-6.01654
-5.98943
-5.95956
-5.92654
-5.89533
-5.87575
-5.87509
-5.89826
-5.93277
-5.96778
-5.99354
-5.99724
-5.97746
-5.93477
-5.87597
-5.81519
-5.76644
-5.74059
-5.74709
-5.77842
-5.82287
-5.8748
-5.91936
-5.956
-5.98791
-6.01467
-6.02974
-6.03151
-6.01311
-5.98018
-5.93865
-5.90237
-5.87775
-5.86405
-5.85506
-5.84659
-5.83018
-5.80788
-5.78296
-5.7586
-5.73616
-5.72027
-5.71244
-5.71536
-5.72435
-5.73642
-5.75625
-5.78336
-5.81427
-5.84912
-5.88545
-5.91975
-5.95677
-5.99416
-6.03085
-6.06084
-6.07957
-6.08284
-6.0676
-6.04284
-6.01302
-5.98633
-5.96106
-5.94148
-5.92926
-5.92155
-5.91065
-5.89233
-5.86828
-5.84033
-5.81113
-5.78658
-5.76445
-5.74715
-5.73336
-5.72759
-5.73503
-5.75693
-5.79182
-5.83335
-5.87904
-5.92247
-5.95951
-5.98831
-6.0001
-5.99729
-5.9841
-5.96147
-5.93995
-5.9165
-5.89351
-5.88194
-5.88026
-5.89545
-5.92452
-5.9565
-5.98498
-6.00738
-6.01937
-6.00886
-5.9808
-5.9304
-5.85831
-5.78455
-5.71561
-5.67019
-5.65298
-5.66229
-5.68636
-5.72641
-5.77218
-5.81929
-5.85765
-5.88514
-5.90434
-5.91794
-5.91938
-5.90932
-5.89449
-5.88077
-5.87261
-5.87547
-5.89159
-5.9231
-5.96405
-6.00982
-6.05069
-6.07961
-6.0945
-6.09068
-6.07229
-6.03983
-5.99521
-5.94306
-5.88893
-5.8396
-5.80102
-5.77349
-5.75376
-5.7398
-5.73508
-5.74682
-5.77416
-5.81661
-5.86595
-5.91447
-5.94707
-5.96489
-5.96405
-5.95465
-5.94294
-5.93732
-5.94085
-5.95751
-5.97498
-5.98631
-5.98941
-5.98933
-5.98632
-5.97793
-5.96019
-5.93539
-5.90585
-5.88418
-5.88027
-5.89145
-5.91419
-5.94182
-5.96781
-5.99151
-6.00767
-6.01611
-6.01624
-6.002
-5.97255
-5.9245
-5.86572
-5.7998
-5.73841
-5.70249
-5.70676
-5.74377
-5.8018
-5.87052
-5.93257
-5.98387
-6.02215
-6.05143
-6.0717
-6.08228
-6.07913
-6.06174
-6.02557
-5.97023
-5.89717
-5.81496
-5.73027
-5.65268
-5.59246
-5.56195
-5.56075
-5.57965
-5.60837
-5.63965
-5.67359
-5.71194
-5.75326
-5.79725
-5.84431
-5.89873
-5.95611
-6.01557
-6.07175
-6.11742
-6.15029
-6.16508
-6.1684
-6.16179
-6.14598
-6.12392
-6.09429
-6.06079
-6.02646
-5.99198
-5.9603
-5.92836
-5.90343
-5.87485
-5.84415
-5.80745
-5.76867
-5.73355
-5.70387
-5.6876
-5.67728
-5.67811
-5.68397
-5.69807
-5.72933
-5.78283
-5.84962
-5.90817
-5.95055
-5.96058
-5.94896
-5.92079
-5.88849
-5.85976
-5.84551
-5.85345
-5.88306
-5.92363
-5.96092
-5.98584
-5.99745
-5.99699
-5.98437
-5.96277
-5.92753
-5.88644
-5.84497
-5.811
-5.79206
-5.79368
-5.81557
-5.84638
-5.88448
-5.91574
-5.93962
-5.953
-5.94704
-5.92116
-5.87883
-5.82513
-5.7711
-5.73972
-5.73699
-5.7539
-5.77496
-5.78153
-5.77372
-5.76302
-5.75704
-5.76938
-5.80418
-5.86217
-5.9334
-6.00582
-6.06234
-6.09433
-6.10452
-6.09806
-6.09
-6.08633
-6.08536
-6.08106
-6.07412
-6.06255
-6.05031
-6.03569
-6.02035
-6.00248
-5.97734
-5.94305
-5.89666
-5.84763
-5.80471
-5.7848
-5.78955
-5.82069
-5.86062
-5.89459
-5.91105
-5.90618
-5.88181
-5.84464
-5.80729
-5.77937
-5.76864
-5.77154
-5.78249
-5.80544
-5.83297
-5.86229
-5.88876
-5.90941
-5.92475
-5.9364
-5.94353
-5.94464
-5.94323
-5.9409
-5.94266
-5.94346
-5.94581
-5.95047
-5.95734
-5.96239
-5.96503
-5.9582
-5.94403
-5.92176
-5.89745
-5.88059
-5.87202
-5.88003
-5.90138
-5.93663
-5.97153
-6.00161
-6.02008
-6.02583
-6.01928
-6.00526
-5.98539
-5.96379
-5.93935
-5.91266
-5.88362
-5.85856
-5.8357
-5.81552
-5.80443
-5.80516
-5.81073
-5.81757
-5.81781
-5.80657
-5.78523
-5.76573
-5.75038
-5.74206
-5.74077
-5.74361
-5.74723
-5.75902
-5.77821
-5.8061
-5.84049
-5.87388
-5.89646
-5.9116
-5.9237
-5.93489
-5.93956
-5.93849
-5.92432
-5.89746
-5.86176
-5.82711
-5.80227
-5.78899
-5.78885
-5.79855
-5.81291
-5.82836
-5.84658
-5.86611
-5.8882
-5.9136
-5.94121
-5.96614
-5.98303
-5.989
-5.99055
-5.98351
-5.97486
-5.96549
-5.95383
-5.93985
-5.9228
-5.89796
-5.87233
-5.85208
-5.84456
-5.85139
-5.87109
-5.89884
-5.92991
-5.954
-5.9729
-5.9808
-5.98096
-5.97882
-5.9774
-5.97466
-5.96954
-5.9539
-5.9248
-5.88102
-5.82564
-5.76946
-5.7249
-5.70158
-5.70302
-5.7278
-5.76221
-5.80509
-5.84955
-5.89065
-5.92608
-5.95065
-5.96725
-5.96747
-5.94832
-5.91231
-5.86231
-5.80726
-5.75886
-5.72206
-5.70367
-5.69652
-5.69828
-5.70013
-5.70528
-5.7185
-5.74195
-5.78225
-5.83167
-5.88467
-5.9341
-5.9719
-5.99539
-6.00026
-5.98971
-5.97047
-5.9481
-5.93735
-5.94468
-5.97377
-6.01709
-6.0617
-6.09637
-6.11464
-6.1159
-6.10083
-6.07879
-6.04863
-6.01052
-5.97493
-5.94067
-5.90516
-5.87268
-5.84047
-5.81373
-5.79445
-5.79316
-5.81086
-5.83671
-5.86843
-5.89756
-5.91778
-5.92882
-5.92933
-5.91947
-5.90343
-5.88193
-5.86087
-5.83556
-5.81077
-5.79036
-5.77286
-5.76123
-5.75622
-5.76171
-5.77793
-5.8018
-5.82641
-5.85426
-5.88911
-5.93709
-5.98189
-6.0131
-6.01606
-5.98536
-5.93141
-5.87072
-5.81246
-5.77258
-5.76354
-5.78702
-5.83155
-5.88602
-5.9343
-5.96869
-5.99328
-6.01307
-6.03503
-6.05437
-6.06622
-6.06772
-6.05512
-6.02943
-5.99065
-5.94105
-5.8849
-5.82032
-5.74959
-5.69114
-5.65596
-5.65268
-5.6831
-5.73574
-5.79311
-5.83772
-5.8652
-5.87511
-5.87032
-5.85699
-5.84081
-5.83247
-5.82953
-5.83785
-5.85156
-5.86905
-5.8801
-5.88168
-5.87345
-5.86189
-5.8591
-5.87729
-5.92267
-5.99025
-6.07074
-6.14137
-6.18728
-6.19138
-6.1522
-6.07427
-5.98111
-5.8959
-5.83775
-5.81078
-5.8092
-5.82447
-5.85125
-5.8787
-5.90559
-5.92542
-5.93358
-5.92536
-5.90856
-5.88455
-5.85833
-5.83254
-5.8099
-5.79328
-5.78096
-5.77666
-5.7841
-5.80913
-5.85564
-5.91124
-5.97206
-6.02222
-6.05366
-6.05605
-6.02317
-5.96535
-5.8971
-5.83459
-5.78421
-5.7395
-5.70369
-5.67677
-5.66504
-5.67227
-5.70173
-5.74638
-5.79131
-5.82564
-5.83834
-5.83688
-5.81986
-5.80581
-5.80464
-5.82354
-5.85797
-5.90397
-5.94624
-5.984
-6.01552
-6.04038
-6.06282
-6.08209
-6.09407
-6.09688
-6.09374
-6.0828
-6.06448
-6.04143
-6.00826
-5.96812
-5.91844
-5.8698
-5.8288
-5.80802
-5.80855
-5.82962
-5.86236
-5.89857
-5.93158
-5.95458
-5.96938
-5.97479
-5.96837
-5.95252
-5.92218
-5.87879
-5.83036
-5.77882
-5.73521
-5.7075
-5.69788
-5.7033
-5.71825
-5.73744
-5.76596
-5.80423
-5.84303
-5.88188
-5.90918
-5.92278
-5.92479
-5.92021
-5.90947
-5.89479
-5.88498
-5.88031
-5.88141
-5.87984
-5.88183
-5.88629
-5.89208
-5.90412
-5.92114
-5.94427
-5.96937
-5.99067
-6.01386
-6.03176
-6.03864
-6.02848
-6.00402
-5.95766
-5.89643
-5.82715
-5.76044
-5.7055
-5.67223
-5.66913
-5.69858
-5.75609
-5.82358
-5.88965
-5.94119
-5.97068
-5.97534
-5.95475
-5.91662
-5.87072
-5.82404
-5.78777
-5.7758
-5.7909
-5.82669
-5.86798
-5.90291
-5.92565
-5.93244
-5.92316
-5.90939
-5.89661
-5.89613
-5.9044
-5.9229
-5.94371
-5.95658
-5.95315
-5.93067
-5.89366
-5.84411
-5.80216
-5.77925
-5.78151
-5.80499
-5.84443
-5.88607
-5.92373
-5.95564
-5.97783
-5.9903
-5.99119
-5.98008
-5.9566
-5.92396
-5.89034
-5.86073
-5.83985
-5.83342
-5.83195
-5.83298
-5.8325
-5.82457
-5.82049
-5.82749
-5.85156
-5.89104
-5.93104
-5.96711
-5.98533
-5.98282
-5.96694
-5.93823
-5.90367
-5.86178
-5.82385
-5.78848
-5.76388
-5.75422
-5.75722
-5.76899
-5.78954
-5.81517
-5.8376
-5.85366
-5.85678
-5.85024
-5.84281
-5.83702
-5.83693
-5.84079
-5.85014
-5.86019
-5.86982
-5.87505
-5.86805
-5.85342
-5.83293
-5.81803
-5.81606
-5.8341
-5.87271
-5.92391
-5.97788
-6.02475
-6.05806
-6.08432
-6.10165
-6.11075
-6.11101
-6.09281
-6.05565
-6.00381
-5.94977
-5.89624
-5.84479
-5.79711
-5.75411
-5.71155
-5.67378
-5.64908
-5.63935
-5.65038
-5.68115
-5.71761
-5.75781
-5.79214
-5.81636
-5.83404
-5.84428
-5.85296
-5.85939
-5.86772
-5.87821
-5.88755
-5.89677
-5.90391
-5.91291
-5.92397
-5.94141
-5.96816
-6.00065
-6.03423
-6.06207
-6.07905
-6.07873
-6.0567
-6.01506
-5.95915
-5.89554
-5.83632
-5.795
-5.7755
-5.77952
-5.79896
-5.82787
-5.86003
-5.89096
-5.9205
-5.95162
-5.98246
-6.00056
-6.00575
-6.00241
-5.99905
-5.99736
-5.99203
-5.98186
-5.96503
-5.9427
-5.92135
-5.89951
-5.88734
-5.88584
-5.89707
-5.91234
-5.92134
-5.91991
-5.90783
-5.88971
-5.87619
-5.87016
-5.87474
-5.88746
-5.90201
-5.91496
-5.93189
-5.94273
-5.95501
-5.96838
-5.97861
-5.98507
-5.98313
-5.96816
-5.93716
-5.90279
-5.88713
-5.89639
-5.91759
-5.92742
-5.92527
-5.91496
-5.90564
-5.898
-5.89628
-5.9053
-5.91192
-5.9212
-5.93699
-5.95704
-5.98287
-6.01423
-6.03945
-6.05515
-6.06012
-6.04415
-6.01259
-5.96786
-5.90536
-5.83284
-5.75671
-5.69491
-5.65651
-5.64943
-5.67069
-5.71422
-5.76139
-5.80009
-5.82959
-5.84873
-5.85896
-5.86847
-5.87846
-5.88699
-5.89363
-5.89963
-5.90268
-5.90556
-5.90958
-5.90851
-5.89878
-5.86764
-5.82547
-5.78153
-5.74811
-5.7258
-5.72265
-5.72959
-5.73912
-5.75291
-5.77826
-5.81052
-5.85403
-5.90538
-5.95731
-5.99896
-6.02264
-6.02563
-6.00471
-5.96755
-5.93371
-5.90968
-5.90667
-5.91695
-5.9333
-5.94999
-5.96069
-5.96344
-5.96239
-5.95555
-5.95288
-5.96119
-5.97751
-6.00233
-6.0272
-6.04318
-6.05177
-6.04901
-6.03054
-5.99898
-5.95105
-5.89806
-5.83578
-5.77641
-5.72307
-5.68173
-5.65035
-5.62713
-5.61085
-5.60186
-5.60238
-5.61161
-5.6307
-5.6599
-5.70403
-5.75472
-5.80279
-5.84537
-5.88282
-5.91348
-5.93252
-5.94409
-5.95285
-5.96103
-5.96569
-5.96959
-5.97805
-5.99365
-6.0164
-6.04459
-6.06762
-6.07801
-6.06777
-6.04343
-6.01091
-5.98106
-5.957
-5.94157
-5.93394
-5.93632
-5.94521
-5.95528
-5.95849
-5.95295
-5.93933
-5.9195
-5.90138
-5.87957
-5.85344
-5.81638
-5.76876
-5.7145
-5.65819
-5.61184
-5.58804
-5.58677
-5.59944
-5.62523
-5.65236
-5.68164
-5.70484
-5.72127
-5.73077
-5.73393
-5.73263
-5.73554
-5.75304
-5.77882
-5.80932
-5.8373
-5.85414
-5.85349
-5.83302
-5.79751
-5.74953
-5.69958
-5.6579
-5.62963
-5.62758
-5.65472
-5.7031
-5.76855
-5.8371
-5.90223
-5.96079
-6.00658
-6.04177
-6.06885
-6.08506
-6.09778
-6.11192
-6.13137
-6.14618
-6.15009
-6.13249
-6.09591
-6.05494
-6.02114
-5.99862
-5.98652
-5.98464
-5.98591
-5.98526
-5.98428
-5.98303
-5.97994
-5.97952
-5.97466
-5.96208
-5.93618
-5.90371
-5.87572
-5.86558
-5.86971
-5.8749
-5.87292
-5.8557
-5.82327
-5.7851
-5.74677
-5.72222
-5.70948
-5.70581
-5.70809
-5.71167
-5.71481
-5.71845
-5.73082
-5.75476
-5.79187
-5.83745
-5.87485
-5.90007
-5.90282
-5.89307
-5.87545
-5.86812
-5.87379
-5.88654
-5.90593
-5.93566
-5.97732
-6.02494
-6.06744
-6.09388
-6.0944
-6.06797
-6.02224
-5.97276
-5.936
-5.91455
-5.90387
-5.90108
-5.90454
-5.90727
-5.90642
-5.89507
-5.87664
-5.85269
-5.82608
-5.79657
-5.77333
-5.75688
-5.74231
-5.73137
-5.7206
-5.70694
-5.69388
-5.68046
-5.66536
-5.65283
-5.64889
-5.65978
-5.68973
-5.73885
-5.80544
-5.87626
-5.94015
-5.98944
-6.01507
-6.01676
-5.99771
-5.96524
-5.92797
-5.89583
-5.87445
-5.86443
-5.86505
-5.87349
-5.89082
-5.91939
-5.94983
-5.97183
-5.97583
-5.95979
-5.92412
-5.87185
-5.80458
-5.73372
-5.67235
-5.62379
-5.59813
-5.60173
-5.63153
-5.67976
-5.7301
-5.77549
-5.81236
-5.8416
-5.86489
-5.88603
-5.90164
-5.91398
-5.9278
-5.94613
-5.96881
-5.99572
-6.01807
-6.02873
-6.02386
-6.00786
-5.9854
-5.96657
-5.94417
-5.9184
-5.8927
-5.86779
-5.84483
-5.82497
-5.80865
-5.79719
-5.79054
-5.7858
-5.78902
-5.79979
-5.81965
-5.8487
-5.8876
-5.93033
-5.9707
-6.00071
-6.02431
-6.03868
-6.04387
-6.04578
-6.03739
-6.02479
-6.00372
-5.97206
-5.9342
-5.89149
-5.85226
-5.82519
-5.81145
-5.81209
-5.81814
-5.82796
-5.83747
-5.84184
-5.85063
-5.86219
-5.87877
-5.90034
-5.92395
-5.94263
-5.95273
-5.95293
-5.94675
-5.93466
-5.92038
-5.90687
-5.89111
-5.87599
-5.86416
-5.85566
-5.85863
-5.87715
-5.91177
-5.95515
-5.98721
-5.99864
-5.99277
-5.96736
-5.92914
-5.88453
-5.84032
-5.80105
-5.7767
-5.76986
-5.78716
-5.8199
-5.85662
-5.88679
-5.90924
-5.92148
-5.9198
-5.91525
-5.9081
-5.895
-5.8807
-5.85802
-5.8245
-5.79038
-5.7787
-5.79388
-5.83832
-5.89356
-5.93537
-5.96067
-5.97003
-5.96553
-5.95419
-5.94155
-5.93478
-5.93563
-5.94902
-5.9636
-5.98608
-6.00249
-6.01115
-6.00567
-5.98549
-5.94851
-5.89845
-5.84296
-5.78971
-5.74833
-5.72392
-5.72133
-5.74543
-5.80122
-5.87829
-5.94626
-5.99448
-6.01574
-6.01715
-6.00753
-5.99502
-5.98107
-5.96464
-5.94724
-5.93194
-5.91844
-5.90673
-5.89832
-5.88813
-5.88139
-5.87679
-5.87306
-5.87299
-5.86977
-5.86321
-5.85125
-5.83743
-5.82876
-5.82577
-5.83227
-5.84543
-5.86045
-5.87341
-5.87543
-5.86591
-5.84526
-5.81859
-5.78895
-5.7648
-5.7564
-5.76241
-5.78807
-5.82742
-5.87716
-5.9239
-5.96708
-5.99696
-6.0126
-6.02085
-6.02486
-6.02734
-6.03027
-6.03282
-6.033
-6.0297
-6.021
-6.01487
-6.01225
-6.01459
-6.01951
-6.02525
-6.01863
-5.9904
-5.93397
-5.85865
-5.78859
-5.74827
-5.75327
-5.79219
-5.85158
-5.90668
-5.9494
-5.97586
-5.97959
-5.95829
-5.91459
-5.85591
-5.7929
-5.74074
-5.71302
-5.70526
-5.71358
-5.73887
-5.77131
-5.80477
-5.83804
-5.86607
-5.89336
-5.91783
-5.94148
-5.95928
-5.97468
-5.98216
-5.97729
-5.96104
-5.93777
-5.90494
-5.87181
-5.84676
-5.83933
-5.85324
-5.87844
-5.89802
-5.90106
-5.88062
-5.84916
-5.81666
-5.79096
-5.77475
-5.77743
-5.79088
-5.81736
-5.84977
-5.87937
-5.9099
-5.9371
-5.96003
-5.97377
-5.97302
-5.9578
-5.92634
-5.89199
-5.86418
-5.84959
-5.85048
-5.85672
-5.85842
-5.84955
-5.82812
-5.79762
-5.76388
-5.74215
-5.74334
-5.77643
-5.83306
-5.8961
-5.95179
-5.9906
-6.00944
-6.01277
-6.00314
-5.98323
-5.96271
-5.94682
-5.93204
-5.91971
-5.90674
-5.88887
-5.86851
-5.84143
-5.80924
-5.77248
-5.73681
-5.70941
-5.69082
-5.68843
-5.69599
-5.71047
-5.73054
-5.76199
-5.80791
-5.86976
-5.9397
-6.01231
-6.07924
-6.13505
-6.17039
-6.18357
-6.17495
-6.14248
-6.09221
-6.02995
-5.96213
-5.90253
-5.86165
-5.84091
-5.84011
-5.85971
-5.88689
-5.91373
-5.94119
-5.95485
-5.95672
-5.94339
-5.91522
-5.88046
-5.84144
-5.80598
-5.77552
-5.75877
-5.75898
-5.77314
-5.79604
-5.82509
-5.86221
-5.90562
-5.9562
-5.99838
-6.02066
-6.01907
-5.99821
-5.96444
-5.92794
-5.89487
-5.86897
-5.85419
-5.85241
-5.86497
-5.89375
-5.93118
-5.97105
-6.00127
-6.01291
-6.00479
-5.97086
-5.92028
-5.86265
-5.8131
-5.78468
-5.78306
-5.80097
-5.83126
-5.85746
-5.87795
-5.89145
-5.90481
-5.91645
-5.92909
-5.93502
-5.92574
-5.8946
-5.84812
-5.7973
-5.75248
-5.72701
-5.72694
-5.75466
-5.8003
-5.85355
-5.90824
-5.95951
-6.00914
-6.04488
-6.06877
-6.07819
-6.07206
-6.04926
-6.01629
-5.97474
-5.92546
-5.88031
-5.84161
-5.81448
-5.80155
-5.79262
-5.78252
-5.768
-5.75583
-5.7468
-5.75328
-5.77923
-5.82524
-5.88484
-5.94605
-5.99971
-6.03528
-6.05352
-6.05352
-6.03842
-6.01782
-5.9878
-5.94698
-5.89647
-5.83952
-5.78657
-5.7435
-5.72128
-5.71754
-5.73555
-5.77124
-5.81943
-5.87509
-5.92668
-5.96978
-5.99502
-6.0006
-5.98614
-5.9584
-5.92363
-5.88533
-5.84999
-5.82761
-5.82053
-5.82978
-5.84684
-5.86874
-5.88763
-5.89813
-5.90482
-5.91268
-5.9249
-5.9419
-5.96282
-5.98454
-6.00231
-6.01374
-6.01747
-6.00999
-5.99336
-5.96645
-5.93561
-5.90338
-5.87322
-5.84279
-5.81532
-5.7909
-5.76685
-5.74853
-5.73806
-5.73128
-5.72688
-5.72399
-5.72598
-5.73073
-5.73949
-5.74579
-5.74907
-5.74578
-5.7442
-5.75077
-5.7658
-5.78023
-5.78072
-5.76867
-5.7418
-5.71852
-5.71258
-5.72577
-5.76259
-5.81066
-5.86079
-5.90902
-5.94884
-5.98287
-6.00671
-6.01811
-6.02002
-6.01188
-6.00753
-6.0131
-6.02677
-6.04563
-6.06711
-6.0817
-6.09391
-6.10315
-6.10871
-6.10549
-6.08768
-6.05366
-6.00469
-5.9486
-5.88678
-5.83317
-5.79113
-5.76956
-5.7727
-5.80224
-5.85253
-5.90625
-5.95585
-5.99532
-6.02318
-6.03811
-6.03228
-6.0058
-5.96172
-5.91249
-5.87453
-5.8617
-5.87593
-5.90598
-5.94081
-5.95799
-5.95422
-5.92368
-5.86992
-5.79093
-5.70185
-5.62097
-5.56233
-5.53854
-5.55651
-5.60912
-5.68387
-5.76683
-5.84261
-5.90887
-5.95452
-5.98213
-5.99125
-5.98562
-5.96702
-5.93903
-5.91026
-5.88589
-5.86931
-5.86438
-5.8672
-5.86975
-5.86405
-5.84913
-5.82676
-5.79957
-5.78127
-5.77558
-5.78879
-5.82413
-5.88086
-5.94647
-6.01037
-6.0651
-6.09986
-6.11886
-6.11894
-6.1041
-6.07351
-6.02698
-5.96996
-5.90424
-5.83606
-5.77369
-5.72212
-5.68915
-5.66575
-5.65725
-5.65871
-5.6735
-5.7038
-5.7474
-5.79919
-5.84469
-5.87385
-5.88004
-5.86789
-5.84371
-5.81822
-5.79962
-5.7898
-5.79074
-5.80526
-5.83386
-5.87624
-5.92803
-5.98171
-6.02793
-6.05848
-6.06528
-6.046
-6.00528
-5.95229
-5.90656
-5.87464
-5.8679
-5.87892
-5.89744
-5.91438
-5.93038
-5.9446
-5.96254
-5.98146
-6.00847
-6.0376
-6.06348
-6.08049
-6.08614
-6.0817
-6.0666
-6.04324
-6.0196
-5.99838
-5.9844
-5.97223
-5.96027
-5.94297
-5.91689
-5.89151
-5.86539
-5.84441
-5.82706
-5.8101
-5.79522
-5.7832
-5.77406
-5.7765
-5.78724
-5.8017
-5.81104
-5.81699
-5.81709
-5.8192
-5.82419
-5.833
-5.84498
-5.84996
-5.85552
-5.86345
-5.87828
-5.89753
-5.91639
-5.92645
-5.921
-5.90215
-5.87122
-5.84637
-5.83011
-5.8261
-5.83614
-5.84744
-5.85939
-5.86376
-5.85048
-5.82629
-5.79041
-5.755
-5.72437
-5.70562
-5.69835
-5.70397
-5.71269
-5.72984
-5.74929
-5.77155
-5.78915
-5.80076
-5.80637
-5.80889
-5.80726
-5.80539
-5.80883
-5.82242
-5.84544
-5.87818
-5.91329
-5.93575
-5.94633
-5.9442
-5.92601
-5.904
-5.88141
-5.86391
-5.84494
-5.82874
-5.82109
-5.82614
-5.83998
-5.86982
-5.90141
-5.9325
-5.95355
-5.96121
-5.95356
-5.93892
-5.92148
-5.91506
-5.91863
-5.93506
-5.95763
-5.9778
-5.98687
-5.98528
-5.98348
-5.98583
-5.99637
-6.01349
-6.02901
-6.03798
-6.03434
-6.0205
-5.99512
-5.9672
-5.93619
-5.89798
-5.85755
-5.81945
-5.7829
-5.75567
-5.73636
-5.72244
-5.7168
-5.71663
-5.72717
-5.74218
-5.76353
-5.77939
-5.79645
-5.81175
-5.83107
-5.85246
-5.8746
-5.88728
-5.88878
-5.87763
-5.86015
-5.83777
-5.81944
-5.80143
-5.78744
-5.77461
-5.76501
-5.75945
-5.76731
-5.78752
-5.81941
-5.85686
-5.8931
-5.92686
-5.9599
-5.98581
-6.00679
-6.025
-6.03948
-6.05066
-6.05332
-6.05092
-6.04398
-6.03509
-6.02714
-6.02098
-6.02008
-6.01695
-6.01198
-6.00348
-5.99462
-5.98045
-5.95323
-5.91748
-5.87468
-5.83278
-5.8018
-5.78906
-5.79799
-5.81404
-5.83903
-5.86424
-5.88573
-5.89739
-5.89601
-5.88218
-5.85981
-5.83375
-5.80637
-5.77763
-5.75684
-5.74911
-5.75516
-5.77697
-5.81037
-5.84412
-5.87475
-5.90176
-5.9252
-5.94787
-5.96806
-5.98332
-5.99098
-5.99177
-5.98472
-5.97415
-5.95818
-5.93714
-5.91152
-5.88482
-5.86406
-5.85211
-5.84701
-5.84807
-5.85896
-5.8688
-5.87685
-5.87642
-5.87144
-5.86313
-5.86768
-5.8917
-5.93214
-5.96653
-5.98611
-5.98913
-5.98118
-5.96325
-5.93674
-5.90646
-5.88026
-5.87365
-5.89043
-5.9288
-5.97524
-6.01361
-6.0325
-6.02595
-5.99365
-5.94646
-5.89414
-5.85549
-5.84144
-5.85344
-5.87714
-5.89949
-5.90592
-5.89202
-5.86962
-5.84753
-5.83421
-5.82693
-5.82013
-5.80708
-5.79324
-5.79223
-5.806
-5.8323
-5.86054
-5.88239
-5.89189
-5.89578
-5.89333
-5.89836
-5.91585
-5.95252
-6.00108
-6.05378
-6.1076
-6.15842
-6.19757
-6.21794
-6.20487
-6.16161
-6.09714
-6.03187
-5.98005
-5.93555
-5.90142
-5.88577
-5.89167
-5.91602
-5.94766
-5.97811
-5.99818
-6.00916
-6.00756
-5.99152
-5.95934
-5.91455
-5.86532
-5.80194
-5.73891
-5.67862
-5.63409
-5.61169
-5.60912
-5.63163
-5.66962
-5.71839
-5.7741
-5.82477
-5.86051
-5.88032
-5.88304
-5.87149
-5.85249
-5.83007
-5.80761
-5.79075
-5.78868
-5.80334
-5.82757
-5.85369
-5.87892
-5.90311
-5.92913
-5.95743
-5.98303
-5.99607
-5.99723
-5.97735
-5.94549
-5.90642
-5.87054
-5.84615
-5.83678
-5.8418
-5.85785
-5.87962
-5.90144
-5.91711
-5.91975
-5.91154
-5.89532
-5.87473
-5.85433
-5.84134
-5.83329
-5.83003
-5.82585
-5.81577
-5.81004
-5.81217
-5.82556
-5.85119
-5.87979
-5.90702
-5.92182
-5.9223
-5.9063
-5.86866
-5.8252
-5.77932
-5.74723
-5.73687
-5.75572
-5.79699
-5.84607
-5.89374
-5.92266
-5.93203
-5.91557
-5.88713
-5.84819
-5.80954
-5.77941
-5.76269
-5.76738
-5.79652
-5.84313
-5.90505
-5.97229
-6.03284
-6.07602
-6.09308
-6.08357
-6.04969
-6.00489
-5.96008
-5.92646
-5.91313
-5.92341
-5.94963
-5.98522
-6.01912
-6.04184
-6.04808
-6.03527
-6.00892
-5.97673
-5.94184
-5.90653
-5.87528
-5.85287
-5.84291
-5.84568
-5.85199
-5.86006
-5.86506
-5.86613
-5.86132
-5.85376
-5.84387
-5.82626
-5.7948
-5.75459
-5.70932
-5.66825
-5.64103
-5.62909
-5.63289
-5.6445
-5.65493
-5.66335
-5.66352
-5.65799
-5.65946
-5.67488
-5.70595
-5.75447
-5.81099
-5.8613
-5.8978
-5.92107
-5.93428
-5.9442
-5.95411
-5.966
-5.97524
-5.97967
-5.9819
-5.98546
-5.99162
-5.99701
-6.00514
-6.01016
-6.01704
-6.02262
-6.03069
-6.04384
-6.05227
-6.05467
-6.05065
-6.03652
-6.01743
-5.99705
-5.9735
-5.94724
-5.91904
-5.88979
-5.86352
-5.83933
-5.81811
-5.80933
-5.80382
-5.80804
-5.82028
-5.8374
-5.85989
-5.87827
-5.88653
-5.88315
-5.87147
-5.85904
-5.85102
-5.84994
-5.85317
-5.85916
-5.85975
-5.8522
-5.83358
-5.8069
-5.77888
-5.75068
-5.72805
-5.71508
-5.71454
-5.73531
-5.7757
-5.8248
-5.87532
-5.91285
-5.93524
-5.94181
-5.93097
-5.90656
-5.87923
-5.85763
-5.8439
-5.84268
-5.85259
-5.86935
-5.89147
-5.92259
-5.95729
-5.99596
-6.02819
-6.04731
-6.04956
-6.03749
-6.00734
-5.97164
-5.93875
-5.9193
-5.91821
-5.9381
-5.97282
-6.01218
-6.04499
-6.06187
-6.05594
-6.02948
-5.98707
-5.93651
-5.88829
-5.84869
-5.82661
-5.82144
-5.82581
-5.83725
-5.84615
-5.8548
-5.86599
-5.88067
-5.90073
-5.91905
-5.93524
-5.93983
-5.92765
-5.90131
-5.86398
-5.82396
-5.78721
-5.7612
-5.75207
-5.75949
-5.77355
-5.79356
-5.80854
-5.81889
-5.82207
-5.82062
-5.81658
-5.81187
-5.80359
-5.79283
-5.77635
-5.75518
-5.7287
-5.70086
-5.67698
-5.6664
-5.67639
-5.70971
-5.76541
-5.83509
-5.90662
-5.97453
-6.03455
-6.07859
-6.10393
-6.1132
-6.10423
-6.08127
-6.05081
-6.01729
-5.99323
-5.98398
-5.9946
-6.01824
-6.03869
-6.04222
-6.03162
-6.00967
-5.98283
-5.96295
-5.95257
-5.95485
-5.96845
-5.97584
-5.97172
-5.95584
-5.93184
-5.90005
-5.86456
-5.83538
-5.81233
-5.80061
-5.79564
-5.79813
-5.80457
-5.81698
-5.8382
-5.86109
-5.88652
-5.9122
-5.92854
-5.93348
-5.91857
-5.88444
-5.8299
-5.76721
-5.71042
-5.67092
-5.65564
-5.66874
-5.71999
-5.79643
-5.8739
-5.93015
-5.96008
-5.96403
-5.9533
-5.94526
-5.94594
-5.95884
-5.97776
-5.99423
-6.0006
-5.99282
-5.9721
-5.93889
-5.89696
-5.84859
-5.80148
-5.76456
-5.74523
-5.73907
-5.74014
-5.7382
-5.73098
-5.72599
-5.73021
-5.74293
-5.76915
-5.80585
-5.84743
-5.8899
-5.93024
-5.95935
-5.97469
-5.98141
-5.9809
-5.97991
-5.98237
-5.98321
-5.97806
-5.9725
-5.96557
-5.96007
-5.95562
-5.94888
-5.93724
-5.92142
-5.90039
-5.87478
-5.84812
-5.82396
-5.80224
-5.78439
-5.77292
-5.77552
-5.79243
-5.81859
-5.84621
-5.8683
-5.88048
-5.88346
-5.88767
-5.89478
-5.91063
-5.93041
-5.95302
-5.97173
-5.98651
-5.99582
-6.00411
-6.01236
-6.02548
-6.03426
-6.03631
-6.02921
-6.013
-5.98882
-5.95832
-5.93144
-5.91099
-5.90188
-5.90048
-5.90677
-5.91874
-5.92503
-5.92377
-5.91153
-5.88565
-5.84438
-5.79113
-5.73423
-5.67722
-5.62956
-5.60073
-5.60626
-5.63669
-5.68875
-5.74961
-5.80533
-5.84468
-5.86573
-5.86985
-5.85806
-5.84073
-5.82897
-5.82727
-5.83007
-5.83819
-5.84981
-5.86291
-5.87451
-5.88012
-5.87774
-5.87026
-5.84841
-5.81721
-5.77723
-5.73058
-5.68284
-5.64796
-5.63368
-5.64897
-5.68912
-5.75298
-5.833
-5.91572
-5.99598
-6.06789
-6.11672
-6.14319
-6.14486
-6.1228
-6.08456
-6.03951
-5.9912
-5.94439
-5.91132
-5.88941
-5.87381
-5.86474
-5.86064
-5.8566
-5.86075
-5.87175
-5.89221
-5.91111
-5.928
-5.93721
-5.9349
-5.92318
-5.90257
-5.87575
-5.84753
-5.82804
-5.8268
-5.8484
-5.89245
-5.94747
-6.00508
-6.05371
-6.09035
-6.11389
-6.11873
-6.10313
-6.073
-6.02082
-5.96479
-5.9075
-5.8562
-5.81742
-5.78772
-5.76613
-5.74881
-5.72958
-5.70915
-5.69349
-5.68236
-5.68144
-5.69437
-5.71652
-5.74502
-5.77478
-5.80304
-5.82595
-5.83833
-5.84149
-5.83367
-5.82074
-5.81802
-5.82452
-5.8416
-5.86123
-5.87897
-5.88974
-5.89263
-5.89825
-5.91122
-5.93819
-5.97105
-6.00359
-6.02175
-6.02198
-6.00286
-5.97224
-5.93784
-5.90711
-5.87962
-5.85957
-5.84405
-5.8326
-5.8231
-5.81389
-5.80103
-5.78418
-5.77067
-5.77331
-5.79189
-5.83411
-5.88433
-5.92582
-5.94201
-5.93435
-5.91161
-5.87916
-5.85122
-5.84125
-5.85682
-5.9027
-5.97111
-6.04426
-6.10391
-6.14015
-6.14494
-6.12108
-6.07642
-6.01512
-5.94802
-5.88188
-5.82341
-5.77342
-5.74252
-5.73062
-5.7385
-5.7585
-5.78017
-5.79605
-5.79499
-5.78182
-5.76164
-5.73908
-5.72979
-5.73138
-5.74738
-5.77327
-5.80352
-5.82085
-5.82126
-5.80132
-5.76752
-5.73007
-5.69493
-5.67687
-5.67947
-5.70666
-5.75847
-5.82808
-5.90825
-5.9752
-6.02529
-6.05582
-6.0617
-6.04871
-6.01982
-5.98831
-5.96094
-5.94748
-5.95096
-5.9677
-5.99338
-6.02232
-6.04377
-6.0511
-6.03672
-5.99885
-5.94407
-5.88333
-5.83041
-5.79064
-5.76656
-5.75661
-5.75887
-5.77318
-5.79436
-5.82034
-5.84057
-5.84402
-5.83512
-5.81608
-5.79781
-5.78866
-5.79441
-5.81868
-5.85594
-5.89426
-5.92915
-5.9483
-5.94982
-5.93339
-5.90431
-5.87764
-5.85801
-5.84916
-5.85335
-5.86582
-5.88075
-5.89242
-5.90062
-5.89796
-5.88952
-5.87905
-5.87314
-5.87434
-5.88592
-5.903
-5.92067
-5.92617
-5.91605
-5.88941
-5.85317
-5.81874
-5.80011
-5.79838
-5.81531
-5.83981
-5.86426
-5.87298
-5.869
-5.8491
-5.82417
-5.80353
-5.79684
-5.81008
-5.84349
-5.89176
-5.94544
-5.98841
-6.02086
-6.03641
-6.03811
-6.03135
-6.02749
-6.02495
-6.02383
-6.01941
-6.00929
-5.99194
-5.97486
-5.95948
-5.94952
-5.94864
-5.95204
-5.95482
-5.95659
-5.95462
-5.94437
-5.92664
-5.89826
-5.85741
-5.81047
-5.76106
-5.70875
-5.66398
-5.62954
-5.61518
-5.62157
-5.6527
-5.70229
-5.76616
-5.84157
-5.90983
-5.96564
-6.00446
-6.02373
-6.02697
-6.01624
-5.99482
-5.96443
-5.93312
-5.90392
-5.87151
-5.84185
-5.81884
-5.80624
-5.8
-5.80101
-5.80267
-5.80744
-5.81782
-5.83716
-5.85799
-5.88086
-5.89444
-5.89385
-5.88126
-5.86548
-5.85241
-5.84576
-5.84784
-5.85988
-5.87508
-5.89191
-5.90632
-5.91715
-5.91283
-5.8955
-5.86617
-5.8267
-5.77998
-5.73892
-5.71093
-5.71068
-5.73632
-5.78823
-5.85024
-5.91614
-5.96484
-5.99656
-6.01458
-6.01459
-6.00996
-5.9961
-5.9859
-5.97447
-5.97155
-5.97087
-5.96663
-5.95579
-5.93054
-5.89665
-5.86679
-5.8403
-5.82705
-5.824
-5.83193
-5.84043
-5.85148
-5.86367
-5.87414
-5.88629
-5.90122
-5.91763
-5.93492
-5.95003
-5.96016
-5.96071
-5.95359
-5.93904
-5.9216
-5.90351
-5.88185
-5.86369
-5.8473
-5.83225
-5.81742
-5.80492
-5.80195
-5.80342
-5.81473
-5.83333
-5.86013
-5.88939
-5.92133
-5.95324
-5.98476
-6.00777
-6.01286
-5.99931
-5.96598
-5.9204
-5.86815
-5.81566
-5.77323
-5.73719
-5.70577
-5.68665
-5.68801
-5.71721
-5.76949
-5.8275
-5.87934
-5.91824
-5.94487
-5.96944
-6.00149
-6.03715
-6.07354
-6.1078
-6.13501
-6.15293
-6.15403
-6.14378
-6.12018
-6.07913
-6.02507
-5.96438
-5.90301
-5.85007
-5.81474
-5.79709
-5.78456
-5.77319
-5.76119
-5.75941
-5.76983
-5.79141
-5.81763
-5.8357
-5.84375
-5.83688
-5.8181
-5.79214
-5.75967
-5.72946
-5.70441
-5.68696
-5.68426
-5.70131
-5.74127
-5.7923
-5.84509
-5.89215
-5.91633
-5.91999
-5.90937
-5.89191
-5.88418
-5.88636
-5.90356
-5.93227
-5.97212
-6.01548
-6.05861
-6.0951
-6.12023
-6.13084
-6.1221
-6.09708
-6.05365
-6.00212
-5.94821
-5.90131
-5.86188
-5.84211
-5.83695
-5.85084
-5.88095
-5.91227
-5.94164
-5.96454
-5.97675
-5.97442
-5.95947
-5.93359
-5.90549
-5.88089
-5.87312
-5.87973
-5.89907
-5.92028
-5.93493
-5.93129
-5.91771
-5.89471
-5.86631
-5.84143
-5.82014
-5.80239
-5.79093
-5.7865
-5.79262
-5.81341
-5.83524
-5.85604
-5.86092
-5.85412
-5.8394
-5.82784
-5.82944
-5.84403
-5.86947
-5.89087
-5.91079
-5.90958
-5.89308
-5.86603
-5.82766
-5.79162
-5.76503
-5.75702
-5.76893
-5.79374
-5.82186
-5.84666
-5.86476
-5.87179
-5.87174
-5.86243
-5.85414
-5.84993
-5.85681
-5.87407
-5.9019
-5.93121
-5.96067
-5.98182
-5.98943
-5.98907
-5.98134
-5.96594
-5.94932
-5.93383
-5.9189
-5.91019
-5.90197
-5.89253
-5.88738
-5.88184
-5.88093
-5.88341
-5.88229
-5.87746
-5.85744
-5.81802
-5.78244
-5.76484
-5.78294
-5.8227
-5.86187
-5.88705
-5.89506
-5.89039
-5.8744
-5.86016
-5.84628
-5.84199
-5.84764
-5.86085
-5.8784
-5.894
-5.89763
-5.89493
-5.88915
-5.87914
-5.86956
-5.86161
-5.85813
-5.8584
-5.86249
-5.87026
-5.88183
-5.89616
-5.91621
-5.92655
-5.92159
-5.9038
-5.87294
-5.84031
-5.81496
-5.80783
-5.81727
-5.84893
-5.89721
-5.94912
-5.99233
-6.01547
-6.01531
-5.99373
-5.95267
-5.90845
-5.87258
-5.85133
-5.84826
-5.85489
-5.86923
-5.88691
-5.90505
-5.92087
-5.92934
-5.93318
-5.92938
-5.92623
-5.91923
-5.90966
-5.89879
-5.88465
-5.87355
-5.86382
-5.8653
-5.88037
-5.9141
-5.95875
-5.99858
-6.0225
-6.0237
-6.00249
-5.96406
-5.92076
-5.88984
-5.87435
-5.87556
-5.88167
-5.88894
-5.89288
-5.89499
-5.89175
-5.8852
-5.86368
-5.8303
-5.78882
-5.74783
-5.71716
-5.7037
-5.71001
-5.73419
-5.77189
-5.81216
-5.84941
-5.88059
-5.90089
-5.91856
-5.93891
-5.96273
-5.99183
-6.01723
-6.03855
-6.04327
-6.03218
-6.00384
-5.96456
-5.91376
-5.85475
-5.79934
-5.75575
-5.73613
-5.74269
-5.77451
-5.81793
-5.87159
-5.92695
-5.97744
-6.01092
-6.0281
-6.0277
-6.0124
-5.98879
-5.96075
-5.92709
-5.89468
-5.86816
-5.84993
-5.83917
-5.8355
-5.84229
-5.86081
-5.88343
-5.90962
-5.93542
-5.95467
-5.96428
-5.9688
-5.96504
-5.95281
-5.93602
-5.91591
-5.89416
-5.8714
-5.84642
-5.8215
-5.80217
-5.792
-5.79113
-5.79373
-5.79865
-5.8027
-5.80599
-5.81412
-5.82359
-5.83656
-5.85102
-5.86871
-5.89
-5.91237
-5.93535
-5.95821
-5.98563
-6.01176
-6.03602
-6.05645
-6.06633
-6.05809
-6.03018
-5.98422
-5.92632
-5.86415
-5.81208
-5.77934
-5.77144
-5.77945
-5.79171
-5.81135
-5.82609
-5.83628
-5.84332
-5.84498
-5.8444
-5.84891
-5.8572
-5.86981
-5.88638
-5.90421
-5.92438
-5.94264
-5.96015
-5.97542
-5.97916
-5.97866
-5.97126
-5.9605
-5.94159
-5.91683
-5.88924
-5.86049
-5.83589
-5.81714
-5.79988
-5.78699
-5.77032
-5.74772
-5.72571
-5.71014
-5.70785
-5.71775
-5.74237
-5.77681
-5.81365
-5.84529
-5.87195
-5.89513
-5.91193
-5.92277
-5.92322
-5.91461
-5.90215
-5.89032
-5.88159
-5.88403
-5.89538
-5.91347
-5.94365
-5.9794
-6.01718
-6.04484
-6.05719
-6.05013
-6.02642
-5.99401
-5.95629
-5.90835
-5.85846
-5.81197
-5.77125
-5.74088
-5.73589
-5.75722
-5.79535
-5.84631
-5.89599
-5.93533
-5.96422
-5.98153
-5.98915
-5.98661
-5.97154
-5.94921
-5.9201
-5.88559
-5.85323
-5.83062
-5.82476
-5.83809
-5.85699
-5.87001
-5.88
-5.88245
-5.88418
-5.89455
-5.91358
-5.94335
-5.97602
-6.00275
-6.01974
-6.02136
-6.00551
-5.97503
-5.93876
-5.90239
-5.87216
-5.85405
-5.85125
-5.86034
-5.86852
-5.87126
-5.86793
-5.85782
-5.84932
-5.84468
-5.84504
-5.84385
-5.83891
-5.83531
-5.82489
-5.81502
-5.80798
-5.80265
-5.80558
-5.81069
-5.81877
-5.82786
-5.83487
-5.84097
-5.84359
-5.84861
-5.84842
-5.84665
-5.84552
-5.84151
-5.83347
-5.82294
-5.81175
-5.80801
-5.81342
-5.82882
-5.85612
-5.88246
-5.90146
-5.90522
-5.89287
-5.87277
-5.85684
-5.8528
-5.86746
-5.89649
-5.9307
-5.96514
-5.99342
-6.01407
-6.0239
-6.02349
-6.0197
-6.00841
-5.99717
-5.98569
-5.97836
-5.98154
-5.9881
-6.00051
-6.01123
-6.01611
-6.01218
-5.99825
-5.96748
-5.92455
-5.8692
-5.81197
-5.76408
-5.7317
-5.7154
-5.71162
-5.71768
-5.73563
-5.75638
-5.77926
-5.7945
-5.80115
-5.79149
-5.76845
-5.73228
-5.69705
-5.67354
-5.66909
-5.69405
-5.7424
-5.80354
-5.86631
-5.9226
-5.96227
-5.9903
-6.00336
-6.00766
-6.00794
-6.01639
-6.03417
-6.05856
-6.07978
-6.09662
-6.10359
-6.09709
-6.0794
-6.05135
-6.01263
-5.96823
-5.92237
-5.87444
-5.82763
-5.78533
-5.75033
-5.72805
-5.72367
-5.73165
-5.75443
-5.78275
-5.8062
-5.82005
-5.81963
-5.8056
-5.78514
-5.75925
-5.72818
-5.6997
-5.68132
-5.68505
-5.71382
-5.75652
-5.79924
-5.83567
-5.86357
-5.88349
-5.89651
-5.90273
-5.90556
-5.90095
-5.89103
-5.87275
-5.85154
-5.83174
-5.81514
-5.81042
-5.82545
-5.85399
-5.89772
-5.94726
-5.98955
-6.01936
-6.03636
-6.03952
-6.03068
-6.01394
-5.98892
-5.95757
-5.92978
-5.90991
-5.90443
-5.92124
-5.95711
-6.00145
-6.04045
-6.06983
-6.08045
-6.07088
-6.04213
-6.00191
-5.95347
-5.90354
-5.8665
-5.84085
-5.83613
-5.8467
-5.86767
-5.88064
-5.87602
-5.84874
-5.80111
-5.74253
-5.68544
-5.63666
-5.60088
-5.58171
-5.57907
-5.59032
-5.61471
-5.65103
-5.70744
-5.77856
-5.86374
-5.94819
-6.02675
-6.08829
-6.12379
-6.13794
-6.13085
-6.11369
-6.09487
-6.0755
-6.06264
-6.05042
-6.03502
-6.01865
-5.99864
-5.97017
-5.94056
-5.90366
-5.86598
-5.82452
-5.78576
-5.75206
-5.72061
-5.68738
-5.65
-5.6146
-5.58949
-5.58232
-5.59665
-5.63195
-5.68242
-5.73734
-5.78383
-5.81456
-5.82209
-5.81396
-5.79541
-5.78705
-5.79113
-5.80607
-5.83664
-5.87566
-5.91786
-5.95961
-6.00103
-6.03803
-6.06955
-6.09339
-6.10739
-6.11249
-6.10433
-6.0819
-6.05004
-6.0115
-5.96489
-5.91968
-5.88362
-5.85144
-5.82679
-5.80407
-5.78711
-5.77533
-5.77177
-5.7734
-5.78051
-5.80181
-5.82974
-5.87093
-5.916
-5.9516
-5.97598
-5.98606
-5.98342
-5.97069
-5.94849
-5.92733
-5.91161
-5.91185
-5.92874
-5.96221
-6.00723
-6.05287
-6.0896
-6.10971
-6.11381
-6.10219
-6.08445
-6.06347
-6.03795
-6.00435
-5.96005
-5.90985
-5.85686
-5.80961
-5.76774
-5.73932
-5.72172
-5.71373
-5.71617
-5.72884
-5.7512
-5.78029
-5.81913
-5.86254
-5.89664
-5.9134
-5.9095
-5.88858
-5.85253
-5.82008
-5.79879
-5.79417
-5.8077
-5.83214
-5.86017
-5.88505
-5.9042
-5.92301
-5.94018
-5.97014
-6.00921
-6.05372
-6.09564
-6.12363
-6.13628
-6.12923
-6.10251
-6.06448
-6.02293
-5.97872
-5.93195
-5.88881
-5.85413
-5.83203
-5.82326
-5.82311
-5.82383
-5.82325
-5.81684
-5.81011
-5.79984
-5.7878
-5.77286
-5.76214
-5.75734
-5.75951
-5.76396
-5.76979
-5.78279
-5.8034
-5.832
-5.86875
-5.90078
-5.92053
-5.92558
-5.91744
-5.90807
-5.90083
-5.901
-5.91204
-5.91961
-5.92121
-5.91079
-5.88884
-5.86537
-5.84322
-5.83934
-5.85049
-5.88105
-5.92626
-5.97354
-6.00887
-6.03614
-6.04778
-6.04439
-6.02562
-5.99588
-5.96361
-5.94066
-5.93233
-5.93586
-5.94866
-5.95929
-5.96214
-5.95671
-5.93437
-5.89778
-5.85186
-5.8
-5.75123
-5.71912
-5.71347
-5.7376
-5.77939
-5.82467
-5.86213
-5.88334
-5.89128
-5.89576
-5.89872
-5.90629
-5.9222
-5.9364
-5.94294
-5.9335
-5.92015
-5.90687
-5.90401
-5.90909
-5.91266
-5.90996
-5.89107
-5.86309
-5.8332
-5.80707
-5.79835
-5.80329
-5.82461
-5.85797
-5.89338
-5.9257
-5.95214
-5.97282
-5.98189
-5.97909
-5.96838
-5.94378
-5.9081
-5.85932
-5.8085
-5.7668
-5.74141
-5.73804
-5.74892
-5.77127
-5.80363
-5.85304
-5.91644
-5.97942
-6.04151
-6.08855
-6.12151
-6.13852
-6.14378
-6.13373
-6.10771
-6.06704
-6.01747
-5.96554
-5.9211
-5.88061
-5.85207
-5.83845
-5.83863
-5.85822
-5.88343
-5.91263
-5.94059
-5.95698
-5.95943
-5.94445
-5.9156
-5.8834
-5.85431
-5.83813
-5.83771
-5.84895
-5.86761
-5.88981
-5.91539
-5.94296
