-nan
0.00466958
0.00667991
0.00728586
0.00830404
0.00939413
0.00981696
0.0109553
0.0122875
0.0124705
0.0135335
0.0141667
0.0145135
0.0156754
0.0166081
0.0171086
0.0165776
0.0163582
0.016401
0.0167932
0.017322
0.0172611
0.0181461
0.0192156
0.0195032
0.0193905
0.0196325
0.020187
0.0205447
0.0220574
0.0216531
0.0223198
0.0227605
0.0234051
0.0238299
0.0243606
0.0254337
0.0254951
0.0254626
0.0250401
0.0253901
0.0259392
0.0260184
0.0266236
0.0269493
0.0264434
0.0272177
0.0277644
0.0286778
0.0291555
0.0296453
0.0293408
0.0295996
0.0299919
0.0295748
0.0308751
0.0307695
0.0308688
0.0309743
0.031266
0.0330436
0.0342061
0.0342982
0.0346833
0.0339283
0.0358234
0.0349784
0.0360844
0.0364824
0.0365393
0.0367647
0.0365941
0.0361468
0.037864
0.0378273
0.0395068
0.0398167
0.0404487
0.0413767
0.0412941
0.0411988
0.0421008
0.0426554
0.0424188
0.0421247
0.0418609
0.0411416
0.0404915
0.0402609
0.0410529
0.0418378
0.0422724
0.0421497
0.0410647
0.0417132
0.0421388
0.0421845
0.0434098
0.0439492
0.0444921
