1
1.33784
1.63011
1.87227
2.08517
2.28393
2.46262
2.62156
2.77298
2.92175
3.06077
3.19481
3.33108
3.45319
3.57798
3.68882
3.80457
3.91719
4.02945
4.1502
4.26017
4.34935
4.45319
4.54414
4.63548
4.72763
4.82022
4.91081
4.99705
5.07533
5.15733
5.24684
5.33081
5.4071
5.48836
5.57126
5.64649
5.72988
5.8059
5.87027
5.94127
6.00838
6.08694
6.1585
6.23283
6.2971
6.37074
6.43748
6.49931
6.57106
6.63174
6.70496
6.76631
6.82693
6.88315
6.94354
6.99982
7.05661
7.10644
7.16533
7.22702
7.27908
7.33743
7.40142
7.46231
7.52286
7.57472
7.6304
7.67665
7.71982
7.78119
7.84249
7.88769
7.94592
7.99532
8.05655
8.10883
8.16029
8.21363
8.26787
8.31048
8.36114
8.40974
8.46097
8.50503
8.5488
8.60353
8.65008
8.68713
8.73091
8.78118
8.82083
8.87033
8.91089
8.96308
9.02144
9.06608
9.11569
9.1694
9.21569
