0
0.0455053
0.0296485
0.0214336
0.0168512
0.0137699
0.0117694
0.0107714
0.0103162
0.0100398
0.00958332
0.00880489
0.0132428
0.0122648
0.011453
0.0107917
0.0104166
0.00985855
0.00972235
0.00929365
0.00890239
0.00889404
0.00904902
0.00896253
0.00902256
0.00867939
0.00835356
0.00830484
0.00825432
0.00869589
0.00842478
0.00831257
0.00819459
0.00795337
0.00775181
0.00753486
0.00734345
0.00740917
0.00721749
0.00706041
0.00694484
0.00677894
0.0066207
0.00647539
0.00634267
0.00656194
0.00644306
0.00647636
0.00636621
0.00635171
0.00630935
0.00619016
0.00607508
0.00596464
0.00618658
0.00610252
0.00599785
0.00594398
0.00584943
0.00575386
0.00596137
0.00599028
0.00589717
0.00592179
0.00583681
0.00580742
0.0057729
0.00569488
0.00563469
0.00555595
0.00549932
0.00542778
0.00548546
0.00543981
0.00536922
0.00539489
0.00536298
0.0053053
0.00527048
0.00522897
0.00519735
0.00513411
0.00511527
0.00505404
0.00500485
0.00504247
0.00503001
0.00498951
0.00493837
0.00496058
0.00492358
0.00487692
0.00484945
0.0048085
0.00475812
0.00472032
0.00474781
0.00470475
0.00465837
0.00461275
