0
0.0100897
0.0159239
0.0115521
0.00922797
0.00885692
0.00799814
0.00706513
0.00672805
0.00605247
0.00553214
0.00505056
0.00466867
0.00433092
0.00435463
0.00411496
0.00413498
0.00395682
0.00376793
0.00357524
0.0041252
0.00422052
0.00403863
0.00390886
0.00376866
0.00362084
0.00351145
0.00339634
0.00327938
0.0032131
0.00314067
0.00304116
0.00296247
0.00287477
0.00280641
0.00273401
0.00266327
0.00260633
0.00255019
0.00251711
0.00247534
0.0024824
0.00242445
0.00237588
0.00232665
0.00240318
0.00237952
0.00234527
0.00229722
0.00225103
0.00223529
0.00221359
0.0021864
0.0021698
0.00215019
0.00212582
0.00208821
0.00205259
0.0021055
0.00207598
0.00204536
0.00210087
0.0020674
0.00205584
0.00206209
0.0020399
0.00201097
0.00200096
0.00197186
0.00194615
0.00192267
0.00190115
0.00189257
0.0018781
0.00185464
0.00183055
0.00182024
0.00179805
0.0017757
0.00176548
0.00178756
0.0017671
0.00174911
0.00175005
0.0017315
0.00173844
0.00171911
0.00170019
0.00168994
0.00167398
0.00165656
0.00163848
0.00166032
0.00165619
0.00166008
0.0016434
0.00163761
0.00162143
0.0016063
0.00159463
