1.02956
0.984052
0.997792
1.00225
1.00514
1.00459
1.00634
1.00983
1.0058
1.00976
1.0067
1.0077
0.997219
0.996889
0.997784
0.996486
0.994089
0.993228
0.990478
0.989337
0.990389
0.993046
0.996154
0.998448
1.00119
1.00162
1.00179
1.00384
1.00186
0.99839
0.998876
0.997277
0.998774
0.99854
0.99921
0.999062
0.998592
0.99664
0.996748
0.996146
0.995245
0.995386
0.995255
0.994956
0.995359
0.993219
0.992684
0.991214
0.990669
0.991868
0.990845
0.991048
0.990863
0.990669
0.992667
0.993245
0.993445
0.994218
0.993931
0.993753
0.995628
0.99685
0.99667
0.997844
0.998126
0.997295
0.998074
0.998367
0.998875
0.998714
0.999207
0.998966
0.997767
0.998328
0.998166
0.999184
0.999826
1.00018
0.999589
0.99908
0.999668
0.999742
0.999077
0.999094
0.99942
0.99844
0.999117
0.999529
0.999301
0.998428
0.998847
0.998583
0.998088
0.997765
0.997834
0.997497
0.998346
0.998115
0.998002
0.998107
