1.01208
1.00199
0.98717
0.989752
0.987497
0.992153
0.989335
0.990727
0.993266
0.992618
0.993414
0.993348
0.993809
0.993537
0.995182
0.995765
0.994297
0.994973
0.995408
0.995477
0.997812
0.999343
0.999127
0.999699
0.999318
0.999332
0.999769
0.999476
0.999597
1.00013
1.00059
1.00062
1.00033
1.00026
0.999971
1.00016
1.00031
1.00004
0.999797
0.9994
0.999083
0.999655
0.999607
0.999792
0.999653
1.00043
1.00079
1.00106
1.0011
1.00113
1.00077
1.00108
1.00134
1.00101
1.00072
1.00097
1.00098
1.00092
1.00153
1.00137
1.00149
1.00089
1.00091
1.00062
1.00023
1.00042
1.0005
1.00078
1.00081
1.0007
1.00058
1.00072
1.00046
1.00026
1.00018
1.00014
0.999913
0.999844
0.999889
1.0001
0.999701
0.999773
0.999664
0.999388
0.999474
0.999781
0.999729
0.99968
0.999853
0.999952
0.999893
0.999902
1.00026
1.00005
0.999785
0.999833
1.00002
0.99998
0.999914
1.00003
