-3.44751
-3.44796
-3.4478
-3.44841
-3.44795
-3.4478
-3.44704
-3.44659
-3.4472
-3.44766
-3.44872
-3.44887
-3.44963
-3.44917
-3.44827
-3.44751
-3.44736
-3.44706
-3.44826
-3.44826
-3.44811
-3.44841
-3.44902
-3.44887
-3.44857
-3.45023
-3.45007
-3.45037
-3.44977
-3.45098
-3.45037
-3.45083
-3.45128
-3.44977
-3.45113
-3.45007
-3.44992
-3.44932
-3.44917
-3.44886
-3.44932
-3.44947
-3.45008
-3.44887
-3.44887
-3.44811
-3.4478
-3.44841
-3.44795
-3.44825
-3.4478
-3.44856
-3.44932
-3.44917
-3.44871
-3.44826
-3.44841
-3.44781
-3.4475
-3.44796
-3.44811
-3.4481
-3.44841
-3.44841
-3.44871
-3.44901
-3.44932
-3.45037
-3.45052
-3.45037
-3.45098
-3.45128
-3.45128
-3.45188
-3.45112
-3.45067
-3.45037
-3.45037
-3.44977
-3.44916
-3.44962
-3.44931
-3.44962
-3.44871
-3.44886
-3.44901
-3.44886
-3.4478
-3.4475
-3.4481
-3.44705
-3.44629
-3.44584
-3.44569
-3.44584
-3.44539
-3.44614
-3.44599
-3.44538
-3.44569
-3.44538
-3.44584
-3.44599
-3.4469
-3.4466
-3.4475
-3.44781
-3.4469
-3.44735
-3.4481
-3.44825
-3.44886
-3.44932
-3.44902
-3.44887
-3.44917
-3.44992
-3.44947
-3.44917
-3.44947
-3.45007
-3.44917
-3.44811
-3.44886
-3.44856
-3.44811
-3.4478
-3.44796
-3.4478
-3.44629
-3.44629
-3.44644
-3.44659
-3.44614
-3.44674
-3.44508
-3.44508
-3.44448
-3.44509
-3.44463
-3.44448
-3.44417
-3.44417
-3.44448
-3.44584
-3.44569
-3.44509
-3.44494
-3.44478
-3.44524
-3.44448
-3.44372
-3.44418
-3.44433
-3.44357
-3.44433
-3.44433
-3.44387
-3.44463
-3.44493
-3.44598
-3.44598
-3.44583
-3.44689
-3.44689
-3.4469
-3.4469
-3.44705
-3.44796
-3.44856
-3.45037
-3.45053
-3.45068
-3.45113
-3.45173
-3.45097
-3.45112
-3.45157
-3.45278
-3.45263
-3.45188
-3.45143
-3.45067
-3.44992
-3.44917
-3.44962
-3.44932
-3.44886
-3.45083
-3.45067
-3.45067
-3.45067
-3.44946
-3.45097
-3.45127
-3.44976
-3.44976
-3.45021
-3.44916
-3.44916
-3.44946
-3.44916
-3.44916
-3.44992
-3.44961
-3.44946
-3.44871
-3.44901
-3.44871
-3.44871
-3.44871
-3.44856
-3.44856
-3.44841
-3.4469
-3.44674
-3.44659
-3.44689
-3.44765
-3.44689
-3.44644
-3.44644
-3.44735
-3.44705
-3.4475
-3.44795
-3.44826
-3.44871
-3.44841
-3.44916
-3.4478
-3.44735
-3.44705
-3.4472
-3.44705
-3.44735
-3.4463
-3.44705
-3.44735
-3.4472
-3.44659
-3.44689
-3.44795
-3.44735
-3.44689
-3.44795
-3.44795
-3.44704
-3.44704
-3.4475
-3.44614
-3.44659
-3.44735
-3.44705
-3.4469
-3.44705
-3.44584
-3.44539
-3.44645
-3.44675
-3.44795
-3.44735
-3.44644
-3.44523
-3.44569
-3.44569
-3.44629
-3.44645
-3.4466
-3.4463
-3.4466
-3.44796
-3.44856
-3.44902
-3.44856
-3.4478
-3.4475
-3.44826
-3.44871
-3.44871
-3.44811
-3.44705
-3.44675
-3.4466
-3.4463
-3.44645
-3.4466
-3.44599
-3.44554
-3.44584
-3.44705
-3.44644
-3.44765
-3.44811
-3.44826
-3.44811
-3.44887
-3.44871
-3.4472
-3.44705
-3.44781
-3.44766
-3.44826
-3.44826
-3.44841
-3.44796
-3.44796
-3.44886
-3.44961
-3.44976
-3.4484
-3.44931
-3.44886
-3.44902
-3.44902
-3.44932
-3.44992
-3.44902
-3.44977
-3.45067
-3.45067
-3.45037
-3.44977
-3.45037
-3.44962
-3.44932
-3.44917
-3.44962
-3.44886
-3.44886
-3.44946
-3.44871
-3.44977
-3.45023
-3.44947
-3.45053
-3.45068
-3.45083
-3.45083
-3.44901
-3.44871
-3.44976
-3.44976
-3.45112
-3.45188
-3.45037
-3.45037
-3.45113
-3.44992
-3.45007
-3.45037
-3.44962
-3.44886
-3.44946
-3.45037
-3.44977
-3.44947
-3.44947
-3.45053
-3.45022
-3.44977
-3.44962
-3.44977
-3.45082
-3.44961
-3.44962
-3.44886
-3.44856
-3.44811
-3.44931
-3.44931
-3.44931
-3.44856
-3.4478
-3.4481
-3.44825
-3.4484
-3.44795
-3.4475
-3.44735
-3.44705
-3.44735
-3.44826
-3.44796
-3.4469
-3.44736
-3.44751
-3.44811
-3.44811
-3.44856
-3.4475
-3.44826
-3.44916
-3.44916
-3.44856
-3.44765
-3.44735
-3.4463
-3.44615
-3.44675
-3.44645
-3.44569
-3.44509
-3.44388
-3.44388
-3.44479
-3.44449
-3.44388
-3.44449
-3.44403
-3.44418
-3.44388
-3.44433
-3.44493
-3.44554
-3.44599
-3.44644
-3.44599
-3.44614
-3.44629
-3.4469
-3.4478
-3.44811
-3.44841
-3.44811
-3.44766
-3.44841
-3.44735
-3.4472
-3.44796
-3.44781
-3.44886
-3.44916
-3.4478
-3.44735
-3.44644
-3.44629
-3.44705
-3.44659
-3.4472
-3.4472
-3.4478
-3.44796
-3.44992
-3.45128
-3.45159
-3.45128
-3.45204
-3.45203
-3.45264
-3.45384
-3.45324
-3.45385
-3.4537
-3.4537
-3.45385
-3.45279
-3.45234
-3.45309
-3.45219
-3.45249
-3.45143
-3.45083
-3.45037
-3.45037
-3.44992
-3.44886
-3.44841
-3.44811
-3.44841
-3.44841
-3.44931
-3.44931
-3.44916
-3.44886
-3.44811
-3.44796
-3.44887
-3.44932
-3.44962
-3.44977
-3.44992
-3.44992
-3.45083
-3.44992
-3.44992
-3.44917
-3.44902
-3.44962
-3.44887
-3.44856
-3.44887
-3.44856
-3.44902
-3.44917
-3.44931
-3.45097
-3.45067
-3.45021
-3.44976
-3.44977
-3.44992
-3.44962
-3.45038
-3.45053
-3.45098
-3.45023
-3.45023
-3.44977
-3.45037
-3.45022
-3.45022
-3.44977
-3.44947
-3.44886
-3.44826
-3.44871
-3.44886
-3.44886
-3.44825
-3.44795
-3.4472
-3.4472
-3.4469
-3.4469
-3.44781
-3.44735
-3.44705
-3.44766
-3.44705
-3.44705
-3.4478
-3.44765
-3.44825
-3.44795
-3.44901
-3.44946
-3.44946
-3.44946
-3.44901
-3.44871
-3.44902
-3.44856
-3.44841
-3.44856
-3.44856
-3.44886
-3.44856
-3.44826
-3.44841
-3.44871
-3.44932
-3.44871
-3.44811
-3.44856
-3.44826
-3.45007
-3.44977
-3.45007
-3.44886
-3.44886
-3.44902
-3.44962
-3.44947
-3.44962
-3.44992
-3.44992
-3.45037
-3.45128
-3.45233
-3.45249
-3.45234
-3.45204
-3.45279
-3.454
-3.45385
-3.4537
-3.45445
-3.4543
-3.4546
-3.45475
-3.45355
-3.45355
-3.4537
-3.45385
-3.45264
-3.45249
-3.45264
-3.45279
-3.45233
-3.45173
-3.45067
-3.44991
-3.45021
-3.45022
-3.45052
-3.44962
-3.44962
-3.44947
-3.45067
-3.45158
-3.45037
-3.44946
-3.44931
-3.44901
-3.44795
-3.44856
-3.44825
-3.44916
-3.44871
-3.44871
-3.44765
-3.4469
-3.4469
-3.4472
-3.44599
-3.44599
-3.44538
-3.44447
-3.44417
-3.44508
-3.44553
-3.44553
-3.44599
-3.44599
-3.44644
-3.4466
-3.44584
-3.44599
-3.4466
-3.4469
-3.44599
-3.44569
-3.44553
-3.44583
-3.44599
-3.44538
-3.44523
-3.44538
-3.44493
-3.44523
-3.44598
-3.44644
-3.44689
-3.4481
-3.44946
-3.44931
-3.45022
-3.44977
-3.44962
-3.44992
-3.44886
-3.44825
-3.44825
-3.4484
-3.4487
-3.44871
-3.44871
-3.4484
-3.4478
-3.44795
-3.44704
-3.44659
-3.44629
-3.4478
-3.44765
-3.44765
-3.44811
-3.44932
-3.45052
-3.45097
-3.45173
-3.45218
-3.45248
-3.45248
-3.45278
-3.45294
-3.45384
-3.45339
-3.454
-3.45309
-3.45233
-3.45263
-3.45248
-3.45173
-3.45264
-3.45279
-3.45234
-3.45188
-3.45143
-3.45022
-3.44931
-3.44916
-3.44901
-3.44886
-3.44901
-3.44871
-3.44976
-3.45022
-3.45037
-3.45113
-3.45128
-3.45098
-3.45082
-3.44992
-3.44977
-3.45007
-3.45188
-3.45142
-3.45112
-3.45098
-3.45052
-3.44977
-3.44931
-3.44871
-3.4487
-3.44916
-3.44901
-3.44795
-3.44644
-3.44644
-3.44553
-3.44644
-3.44795
-3.44916
-3.44991
-3.44931
-3.44961
-3.44976
-3.44916
-3.45037
-3.44976
-3.44991
-3.45007
-3.45037
-3.45052
-3.45068
-3.45158
-3.45219
-3.45158
-3.45158
-3.45188
-3.45203
-3.45157
-3.45067
-3.45052
-3.45082
-3.45052
-3.45007
-3.44946
-3.44886
-3.45052
-3.44977
-3.45022
-3.45007
-3.45022
-3.45052
-3.45067
-3.45052
-3.45067
-3.45082
-3.45052
-3.45052
-3.45082
-3.45112
-3.45173
-3.45188
-3.45158
-3.45248
-3.45158
-3.45248
-3.45248
-3.45188
-3.45234
-3.45249
-3.45098
-3.44992
-3.44916
-3.44961
-3.44961
-3.44916
-3.44916
-3.44871
-3.44902
-3.45007
-3.44992
-3.44856
-3.44916
-3.44916
-3.44886
-3.44946
-3.45022
-3.44961
-3.44856
-3.44856
-3.44901
-3.44976
-3.45067
-3.45218
-3.45173
-3.45188
-3.45234
-3.45143
-3.45234
-3.45173
-3.45113
-3.45067
-3.44976
-3.45007
-3.45067
-3.45112
-3.45097
-3.45082
-3.45082
-3.44946
-3.44931
-3.44961
-3.44976
-3.44991
-3.44855
-3.44855
-3.4487
-3.44961
-3.44991
-3.44946
-3.44886
-3.44855
-3.44795
-3.44855
-3.44825
-3.4484
-3.44931
-3.45036
-3.45067
-3.44991
-3.45051
-3.44991
-3.45021
-3.45082
-3.45067
-3.45022
-3.44991
-3.45052
-3.45067
-3.44901
-3.44886
-3.44735
-3.4475
-3.4475
-3.4484
-3.44826
-3.4478
-3.44765
-3.4478
-3.44856
-3.44886
-3.4481
-3.4481
-3.4475
-3.44674
-3.44644
-3.44644
-3.44614
-3.44599
-3.44614
-3.44659
-3.44568
-3.44568
-3.44523
-3.44523
-3.44508
-3.44523
-3.44508
-3.44493
-3.44508
-3.44659
-3.44644
-3.44689
-3.44599
-3.44659
-3.44735
-3.44705
-3.44826
-3.44886
-3.4478
-3.4475
-3.4481
-3.4478
-3.44765
-3.44765
-3.44644
-3.44599
-3.44584
-3.44584
-3.44493
-3.44463
-3.44357
-3.44372
-3.44357
-3.44417
-3.44372
-3.44493
-3.44493
-3.44584
-3.44614
-3.44599
-3.44614
-3.44704
-3.44644
-3.44674
-3.44583
-3.44628
-3.44704
-3.44765
-3.44825
-3.44825
-3.44886
-3.44946
-3.44992
-3.44901
-3.44825
-3.44765
-3.44689
-3.44644
-3.44553
-3.44478
-3.44523
-3.44524
-3.44645
-3.4463
-3.4472
-3.44644
-3.44584
-3.44613
-3.44749
-3.44734
-3.44825
-3.44841
-3.44871
-3.44841
-3.4475
-3.4469
-3.44629
-3.44553
-3.44538
-3.44705
-3.4478
-3.4481
-3.44765
-3.44765
-3.44765
-3.44705
-3.44674
-3.44644
-3.44644
-3.44644
-3.44613
-3.44659
-3.44659
-3.44629
-3.44644
-3.44735
-3.44735
-3.44781
-3.44796
-3.44811
-3.44916
-3.44991
-3.44976
-3.449
-3.44915
-3.44946
-3.4484
-3.44825
-3.4475
-3.44841
-3.44886
-3.44992
-3.45037
-3.45006
-3.45021
-3.44976
-3.45037
-3.44931
-3.45052
-3.45007
-3.45052
-3.45037
-3.45007
-3.45098
-3.45143
-3.44991
-3.44961
-3.44945
-3.44991
-3.44961
-3.44901
-3.44826
-3.44781
-3.4469
