1.59949
1.54408
1.49266
1.45131
1.42437
1.41407
1.42082
1.44325
1.4781
1.52065
1.56578
1.60892
1.64654
1.67634
1.69719
1.7088
1.71172
1.70726
1.69755
1.68533
1.67333
1.66329
1.65524
1.64777
1.63903
1.6278
1.61412
1.5995
1.58648
1.57746
1.57306
1.57167
1.57112
1.57077
1.57186
1.5762
1.58463
1.5965
1.61031
1.62434
1.63699
1.64651
1.65101
1.64893
1.63971
1.62424
1.60514
1.58645
1.5731
1.56971
1.57863
1.59862
1.62509
1.65228
1.67559
1.69249
1.70225
1.70522
1.70229
1.69479
1.68438
1.67298
1.66255
1.65451
1.6493
1.64613
1.64335
1.63949
1.63407
1.62755
1.62043
1.61269
1.60417
1.59561
1.58884
1.58563
1.58633
1.58971
1.59403
1.59836
1.60252
1.60642
1.60966
1.6119
1.61333
1.61448
1.6158
1.61745
1.61933
1.6212
1.62282
1.62383
1.62375
1.62201
1.61818
1.61195
1.60321
1.59234
1.58044
1.56935
1.56106
1.55662
1.55543
1.55514
1.55266
1.54555
1.5332
1.51709
1.50056
1.48779
1.48233
1.48541
1.49484
1.50588
1.51465
1.52142
1.53003
1.54349
1.56101
1.57956
1.59645
1.6101
1.61984
1.62581
1.62865
1.629
1.62707
1.62266
1.61555
1.60576
1.59362
1.57971
1.56478
1.54985
1.53626
1.52513
1.51671
1.51018
1.50424
1.49838
1.49362
1.49235
1.49688
1.5079
1.52392
1.54189
1.55866
1.57204
1.58113
1.58603
1.5875
1.58678
1.58531
1.58417
1.58359
1.58295
1.58143
1.57885
1.57601
1.57454
1.57626
1.58255
1.59384
1.60943
1.62788
1.6474
1.66632
1.68297
1.69571
1.70299
1.70354
1.69672
1.68254
1.6617
1.63591
1.60833
1.58352
1.56641
1.56065
1.56756
1.58628
1.61395
1.64593
1.67645
1.70041
1.71464
1.71813
1.71162
1.69696
1.67673
1.65376
1.63074
1.60986
1.59268
1.58021
1.57318
1.57205
1.57689
1.5871
1.60128
1.61736
1.63311
1.64663
1.65679
1.66332
1.66686
1.66858
1.66977
1.67131
1.67329
1.67485
1.67445
1.67049
1.66188
1.64871
1.63237
1.6154
1.60071
1.5907
1.58663
1.58846
1.59525
1.60557
1.61793
1.63077
1.64272
1.65266
1.65983
1.6639
1.66499
1.66383
1.66187
1.66097
1.6624
1.66549
1.66751
1.66532
1.65755
1.64509
1.62997
1.61405
1.59862
1.58463
1.57283
1.56345
1.55626
1.55073
1.54653
1.54387
1.54345
1.54623
1.5528
1.5626
1.57377
1.58332
1.58793
1.585
1.57324
1.55314
1.52696
1.49854
1.47247
1.4529
1.44266
1.44287
1.45296
1.47087
1.49346
1.51717
1.53882
1.55617
1.56819
1.57501
1.57762
1.57747
1.57611
1.57484
1.57451
1.57539
1.57728
1.5794
1.58052
1.57917
1.57424
1.56535
1.55302
1.53868
1.52448
1.51309
1.50729
1.50933
1.52007
1.53853
1.56245
1.58931
1.61736
1.64585
1.67441
1.70226
1.7278
1.7489
1.76349
1.76998
1.76746
1.75595
1.73678
1.71278
1.68829
1.66853
1.65804
1.65835
1.6669
1.67855
1.68813
1.69204
1.68863
1.67793
1.66135
1.64118
1.62012
1.60068
1.58477
1.57337
1.56631
1.56223
1.55909
1.55499
1.54918
1.54261
1.53764
1.5369
1.54201
1.55246
1.56536
1.57637
1.58123
1.57727
1.56437
1.54514
1.52407
1.50614
1.49518
1.49288
1.49894
1.51163
1.52869
1.54777
1.56696
1.58495
1.60098
1.61483
1.62667
1.63702
1.64658
1.65585
1.66465
1.67195
1.67629
1.67655
1.67244
1.66483
1.65547
1.64653
1.6398
1.63595
1.63424
1.63295
1.6302
1.62474
1.61645
1.60626
1.59591
1.58749
1.58293
1.58352
1.58974
1.60133
1.61756
1.63732
1.65909
1.68087
1.70028
1.71494
1.72273
1.72219
1.71278
1.69498
1.67008
1.63955
1.60489
1.56803
1.53192
1.50025
1.47589
1.4598
1.45118
1.44843
1.44975
1.45361
1.4595
1.46819
1.48104
1.49875
1.52064
1.54493
1.56951
1.5924
1.61188
1.62644
1.63484
1.63616
1.63
1.61707
1.59944
1.58061
1.5646
1.5548
1.55283
1.5583
1.56928
1.58334
1.59832
1.61264
1.62521
1.63512
1.64128
1.6424
1.63735
1.62572
1.60825
1.58678
1.56395
1.54263
1.52548
1.51451
1.51102
1.5154
1.52711
1.545
1.56793
1.59495
1.62466
1.65462
1.68141
1.7015
1.71236
1.71333
1.70614
1.69464
1.68348
1.67599
1.67269
1.67164
1.67009
1.66598
1.65873
1.64907
1.63813
1.62672
1.61532
1.60468
1.59599
1.59044
1.58853
1.58978
1.59301
1.59688
1.60021
1.60221
1.60282
1.60304
1.60487
1.6104
1.62037
1.63318
1.64539
1.65342
1.6554
1.6519
1.6454
1.63901
1.63509
1.63428
1.63567
1.63731
1.63725
1.63405
1.62692
1.6153
1.59856
1.57601
1.54731
1.51293
1.4746
1.43548
1.40024
1.37462
1.36443
1.3738
1.40319
1.44841
1.50164
1.55419
1.59918
1.63284
1.6542
1.66439
1.66574
1.66114
1.65349
1.64543
1.63894
1.6349
1.6328
1.63103
1.62763
1.62138
1.61258
1.60339
1.59715
1.59642
1.60173
1.61163
1.62366
1.63505
1.64326
1.64644
1.64365
1.63486
1.62077
1.60267
1.58234
1.56205
1.54451
1.53258
1.52865
1.53385
1.54757
1.56754
1.59061
1.6137
1.63451
1.65183
1.66551
1.6761
1.68418
1.68985
1.69269
1.692
1.6872
1.67817
1.66538
1.65005
1.63411
1.61997
1.6098
1.60479
1.60479
1.60867
1.61509
1.62272
1.63026
1.63649
1.64064
1.64277
1.6436
1.64414
1.64568
1.65006
1.65959
1.67579
1.69782
1.72213
1.74399
1.7597
1.76794
1.76954
1.76654
1.76075
1.75306
1.74337
1.73108
1.71552
1.69599
1.6718
1.64263
1.609
1.57272
1.53686
1.50527
1.48175
1.46914
1.46862
1.47935
1.49862
1.52262
1.54753
1.57056
1.5905
1.60776
1.62374
1.63987
1.65665
1.6735
1.68934
1.70332
1.71542
1.72627
1.73659
1.7465
1.75508
1.76038
1.76005
1.75231
1.73675
1.71479
1.68939
1.66421
1.64243
1.62609
1.61605
1.61262
1.61584
1.62514
1.63873
1.65376
1.66707
1.67627
1.68028
1.6792
1.67374
1.66467
1.65272
1.63877
1.62416
1.61081
1.60068
1.59502
1.59399
1.5969
1.60304
1.61213
1.62446
1.64069
1.66106
1.68443
1.70784
1.72724
1.73905
1.74153
1.73508
1.72179
1.70474
1.68703
1.67081
1.6566
1.64378
1.63161
1.62024
1.61105
1.60629
1.60822
1.61807
1.635
1.65591
1.67626
1.69149
1.69817
1.69487
1.68261
1.6648
1.64611
1.63078
1.6213
1.61815
1.62025
1.62581
1.63285
1.6395
1.64414
1.64621
1.64716
1.65036
1.65865
1.67115
1.68311
1.68924
1.68688
1.67659
1.66097
1.64324
1.62628
1.61223
1.60228
1.59682
1.59549
1.59747
1.60162
1.60661
1.61125
1.6147
1.61656
1.61661
1.61447
1.60981
1.6031
1.59589
1.59036
1.58818
1.58934
1.59178
1.59214
1.58722
1.57588
1.56018
1.54457
1.53294
1.52582
1.52053
1.5141
1.50573
1.4971
1.49062
1.48753
1.48735
1.48869
1.49055
1.49319
1.49789
1.50622
1.51908
1.53633
1.55723
1.58087
1.60587
1.62977
1.64926
1.66137
1.66481
1.66049
1.65104
1.64005
1.63106
1.62669
1.62821
1.63555
1.64786
1.66415
1.68333
1.70386
1.7235
1.73964
1.74997
1.75315
1.74917
1.7391
1.72458
1.70725
1.6885
1.66937
1.65051
1.63229
1.61481
1.59828
1.58384
1.57376
1.5699
1.57204
1.57791
1.58475
1.59045
1.59375
1.59373
1.5894
1.58003
1.56612
1.55047
1.53804
1.53381
1.54003
1.55484
1.57339
1.59029
1.60136
1.60454
1.59977
1.58863
1.5738
1.55841
1.54515
1.53553
1.52969
1.52665
1.52483
1.52285
1.52038
1.51862
1.51955
1.52431
1.53215
1.54067
1.54723
1.54998
1.54828
1.54237
1.53305
1.52147
1.50885
1.49648
1.4856
1.47735
1.47269
1.47242
1.47707
1.48683
1.50134
1.51965
1.54042
1.56225
1.58377
1.60372
1.62084
1.6339
1.64187
1.64423
1.64146
1.63522
1.6281
1.62277
1.62098
1.62319
1.62894
1.63759
1.64869
1.66201
1.67711
1.69303
1.70821
1.72083
1.7295
1.73376
1.73423
1.73217
1.72877
1.72483
1.72082
1.71715
1.71432
1.71245
1.71098
1.70859
1.70373
1.69554
1.68455
1.67261
1.6619
1.65367
1.64762
1.64256
1.63737
1.63169
1.62575
1.62002
1.61475
1.61007
1.60611
1.60325
1.6019
1.60242
1.60479
1.60864
1.61327
1.61781
1.62137
1.62343
1.62413
1.62436
1.62534
1.62778
1.63113
1.6336
1.633
1.6279
1.61812
1.60482
1.59028
1.57745
1.56928
1.56778
1.57325
1.58412
1.59772
1.61115
1.62222
1.62973
1.63356
1.63502
1.63707
1.64333
1.65573
1.67287
1.69063
1.70444
1.71092
1.70842
1.69691
1.67762
1.65303
1.62644
1.60149
1.58151
1.56883
1.56449
1.56813
1.57791
1.5908
1.60341
1.61302
1.61819
1.61875
1.61553
1.61008
1.60429
1.6002
1.59954
1.603
1.60965
1.61706
1.62213
1.62227
1.61656
1.60637
1.59527
1.58811
1.58929
1.60083
1.62113
1.64582
1.66996
1.68984
1.70374
1.71159
1.71453
1.71426
1.71232
1.70942
1.70524
1.6989
1.68976
1.67777
1.66314
1.64632
1.62846
1.61195
1.59996
1.59531
1.59941
1.61203
1.63141
1.65439
1.67686
1.69463
1.70397
1.70222
1.68822
1.66272
1.62866
1.59102
1.55637
1.53147
1.52103
1.52568
1.54185
1.56384
1.5864
1.60644
1.62317
1.6374
1.65058
1.66411
1.67901
1.69562
1.71349
1.73112
1.74604
1.75537
1.75655
1.74793
1.7291
1.70123
1.66767
1.63463
1.61052
1.60252
1.61215
1.6348
1.66375
1.69385
1.72216
1.74699
