1.06632
1.02939
0.995109
0.967543
0.949578
0.942713
0.947215
0.962168
0.985399
1.01377
1.04385
1.07261
1.09769
1.11756
1.13146
1.1392
1.14115
1.13818
1.1317
1.12355
1.11555
1.10886
1.10349
1.09852
1.09268
1.0852
1.07608
1.06633
1.05765
1.05164
1.04871
1.04778
1.04741
1.04718
1.04791
1.0508
1.05642
1.06433
1.07354
1.08289
1.09133
1.09767
1.10067
1.09929
1.09314
1.08283
1.07009
1.05763
1.04873
1.04647
1.05242
1.06575
1.08339
1.10152
1.11706
1.12833
1.13483
1.13681
1.13486
1.12986
1.12292
1.11532
1.10837
1.10301
1.09953
1.09742
1.09557
1.09299
1.08938
1.08503
1.08029
1.07512
1.06945
1.06374
1.05923
1.05709
1.05755
1.0598
1.06269
1.06557
1.06835
1.07095
1.07311
1.0746
1.07555
1.07632
1.0772
1.0783
1.07955
1.0808
1.08188
1.08255
1.0825
1.08134
1.07878
1.07463
1.06881
1.06156
1.05363
1.04624
1.04071
1.03775
1.03695
1.03676
1.03511
1.03037
1.02213
1.01139
1.00037
0.991858
0.988218
0.990275
0.996562
1.00392
1.00976
1.01428
1.02002
1.02899
1.04067
1.05304
1.0643
1.0734
1.07989
1.08387
1.08577
1.086
1.08471
1.08178
1.07703
1.07051
1.06242
1.05314
1.04319
1.03324
1.02417
1.01675
1.01114
1.00679
1.00283
0.998919
0.995749
0.994901
0.997919
1.00527
1.01595
1.02793
1.03911
1.04803
1.05409
1.05735
1.05833
1.05786
1.05687
1.05611
1.05573
1.0553
1.05429
1.05257
1.05068
1.04969
1.05084
1.05504
1.06256
1.07295
1.08525
1.09827
1.11088
1.12198
1.13048
1.13532
1.1357
1.13115
1.12169
1.1078
1.09061
1.07222
1.05568
1.04427
1.04043
1.04504
1.05752
1.07597
1.09728
1.11763
1.13361
1.14309
1.14542
1.14108
1.13131
1.11782
1.1025
1.08716
1.07324
1.06179
1.05347
1.04879
1.04803
1.05126
1.05806
1.06752
1.07824
1.08874
1.09776
1.10453
1.10888
1.11124
1.11239
1.11318
1.11421
1.11553
1.11657
1.1163
1.11366
1.10792
1.09914
1.08825
1.07694
1.06714
1.06047
1.05775
1.05898
1.0635
1.07038
1.07862
1.08718
1.09515
1.10177
1.10655
1.10926
1.10999
1.10922
1.10792
1.10731
1.10827
1.11033
1.11167
1.11022
1.10504
1.09673
1.08665
1.07603
1.06575
1.05642
1.04855
1.0423
1.03751
1.03382
1.03102
1.02925
1.02897
1.03082
1.0352
1.04173
1.04918
1.05554
1.05862
1.05667
1.04883
1.03542
1.01797
0.99903
0.981644
0.968597
0.961774
0.961914
0.96864
0.980583
0.99564
1.01145
1.02588
1.03745
1.04546
1.05001
1.05175
1.05165
1.05074
1.04989
1.04967
1.05026
1.05152
1.05293
1.05368
1.05278
1.04949
1.04357
1.03535
1.02579
1.01632
1.00873
1.00486
1.00622
1.01338
1.02569
1.04163
1.05954
1.07824
1.09723
1.11627
1.13484
1.15187
1.16593
1.17566
1.17999
1.1783
1.17063
1.15785
1.14185
1.12553
1.11235
1.10536
1.10557
1.11126
1.11903
1.12542
1.12802
1.12575
1.11862
1.10756
1.09412
1.08008
1.06712
1.05651
1.04891
1.04421
1.04149
1.03939
1.03666
1.03279
1.02841
1.02509
1.0246
1.02801
1.03497
1.04358
1.05091
1.05415
1.05151
1.04292
1.03009
1.01604
1.0041
0.996785
0.995256
0.999292
1.00776
1.01912
1.03185
1.04464
1.05663
1.06732
1.07656
1.08445
1.09135
1.09772
1.1039
1.10976
1.11463
1.11753
1.1177
1.11496
1.10988
1.10364
1.09769
1.0932
1.09063
1.08949
1.08863
1.0868
1.08316
1.07763
1.07084
1.06394
1.05833
1.05529
1.05568
1.05983
1.06756
1.07837
1.09155
1.10606
1.12058
1.13352
1.14329
1.14849
1.14813
1.14185
1.12999
1.11338
1.09303
1.06993
1.04535
1.02128
1.00017
0.983926
0.973197
0.967457
0.965621
0.966497
0.969072
0.973003
0.978795
0.987357
0.999166
1.01376
1.02995
1.04634
1.0616
1.07459
1.08429
1.0899
1.09077
1.08667
1.07804
1.06629
1.05374
1.04307
1.03653
1.03522
1.03887
1.04619
1.05556
1.06554
1.07509
1.08347
1.09008
1.09419
1.09494
1.09157
1.08382
1.07217
1.05785
1.04263
1.02842
1.01698
1.00967
1.00734
1.01027
1.01807
1.03
1.04528
1.0633
1.08311
1.10308
1.12094
1.13434
1.14158
1.14222
1.13743
1.12976
1.12232
1.11733
1.11513
1.11443
1.11339
1.11065
1.10582
1.09938
1.09209
1.08448
1.07688
1.06978
1.06399
1.06029
1.05902
1.05985
1.06201
1.06459
1.06681
1.06814
1.06854
1.06869
1.06992
1.0736
1.08025
1.08879
1.09693
1.10228
1.1036
1.10126
1.09693
1.09267
1.09006
1.08952
1.09045
1.09154
1.0915
1.08936
1.08461
1.07687
1.06571
1.05067
1.03154
1.00862
0.983065
0.956988
0.933495
0.916412
0.909623
0.915865
0.935459
0.965604
1.00109
1.03612
1.06612
1.08856
1.1028
1.10959
1.1105
1.10743
1.10233
1.09695
1.09262
1.08993
1.08854
1.08735
1.08509
1.08092
1.07505
1.06893
1.06476
1.06428
1.06782
1.07442
1.08244
1.09003
1.09551
1.09763
1.09577
1.0899
1.08051
1.06844
1.05489
1.04137
1.02967
1.02172
1.0191
1.02257
1.03171
1.04503
1.0604
1.0758
1.08968
1.10122
1.11034
1.1174
1.12278
1.12657
1.12846
1.128
1.1248
1.11878
1.11025
1.10003
1.08941
1.07998
1.0732
1.06986
1.06986
1.07245
1.07673
1.08181
1.08684
1.09099
1.09376
1.09518
1.09573
1.09609
1.09712
1.10004
1.10639
1.11719
1.13188
1.14809
1.16266
1.17313
1.17863
1.17969
1.17769
1.17384
1.16871
1.16225
1.15405
1.14368
1.13066
1.11454
1.09509
1.07267
1.04848
1.02457
1.00352
0.987833
0.979424
0.979082
0.986236
0.999083
1.01508
1.03169
1.04704
1.06033
1.07184
1.0825
1.09324
1.10443
1.11567
1.12622
1.13555
1.14362
1.15085
1.15772
1.16434
1.17005
1.17359
1.17337
1.16821
1.15783
1.14319
1.12626
1.10947
1.09495
1.08406
1.07736
1.07508
1.07723
1.08342
1.09248
1.10251
1.11138
1.11751
1.12018
1.11947
1.11582
1.10978
1.10182
1.09251
1.08277
1.07387
1.06712
1.06335
1.06266
1.0646
1.06869
1.07475
1.08297
1.09379
1.10738
1.12295
1.13856
1.15149
1.15937
1.16102
1.15672
1.14786
1.13649
1.12469
1.11387
1.1044
1.09585
1.08774
1.08016
1.07404
1.07086
1.07214
1.07871
1.09
1.10394
1.11751
1.12766
1.13211
1.12991
1.12174
1.10987
1.0974
1.08718
1.08087
1.07877
1.08017
1.08387
1.08857
1.093
1.09609
1.09747
1.09811
1.10024
1.10576
1.1141
1.12207
1.12616
1.12459
1.11772
1.10731
1.09549
1.08419
1.07482
1.06819
1.06455
1.06366
1.06498
1.06775
1.07108
1.07417
1.07646
1.0777
1.07774
1.07631
1.07321
1.06873
1.06392
1.06024
1.05879
1.05956
1.06119
1.06142
1.05815
1.05059
1.04012
1.02971
1.02196
1.01721
1.01369
1.0094
1.00382
0.99807
0.993749
0.991687
0.99157
0.992461
0.993703
0.995458
0.998594
1.00415
1.01272
1.02422
1.03815
1.05391
1.07058
1.08651
1.0995
1.10758
1.10988
1.10699
1.1007
1.09337
1.08737
1.08446
1.08547
1.09036
1.09857
1.10944
1.12222
1.1359
1.149
1.15976
1.16665
1.16877
1.16612
1.1594
1.14972
1.13816
1.12567
1.11292
1.10034
1.08819
1.07654
1.06552
1.05589
1.04917
1.0466
1.04802
1.05194
1.0565
1.0603
1.0625
1.06249
1.0596
1.05335
1.04408
1.03365
1.02536
1.02254
1.02669
1.03656
1.04893
1.06019
1.06757
1.06969
1.06652
1.05909
1.0492
1.03894
1.0301
1.02369
1.01979
1.01777
1.01655
1.01523
1.01359
1.01241
1.01303
1.01621
1.02143
1.02711
1.03148
1.03332
1.03219
1.02824
1.02203
1.01432
1.0059
0.997651
0.990397
0.984897
0.981795
0.98161
0.984713
0.991218
1.0009
1.0131
1.02695
1.0415
1.05585
1.06915
1.08056
1.08927
1.09458
1.09615
1.09431
1.09015
1.0854
1.08185
1.08066
1.08212
1.08596
1.09173
1.09913
1.10801
1.11807
1.12869
1.13881
1.14722
1.153
1.15584
1.15616
1.15478
1.15252
1.14989
1.14721
1.14476
1.14288
1.14163
1.14066
1.13906
1.13582
1.13036
1.12303
1.11507
1.10794
1.10244
1.09841
1.09504
1.09158
1.08779
1.08384
1.08001
1.0765
1.07338
1.07074
1.06883
1.06793
1.06828
1.06986
1.07243
1.07551
1.07854
1.08091
1.08229
1.08275
1.08291
1.08356
1.08519
1.08742
1.08906
1.08867
1.08527
1.07875
1.06988
1.06019
1.05164
1.04619
1.04518
1.04883
1.05608
1.06515
1.0741
1.08148
1.08649
1.08904
1.09001
1.09138
1.09555
1.10382
1.11524
1.12709
1.13629
1.14061
1.13895
1.13127
1.11842
1.10202
1.08429
1.06766
1.05434
1.04588
1.043
1.04542
1.05194
1.06054
1.06894
1.07535
1.07879
1.07916
1.07702
1.07339
1.06953
1.0668
1.06636
1.06867
1.0731
1.07804
1.08142
1.08151
1.07771
1.07091
1.06351
1.05874
1.05953
1.06722
1.08075
1.09721
1.11331
1.12656
1.13583
1.14106
1.14302
1.14284
1.14154
1.13961
1.13683
1.1326
1.1265
1.11851
1.10876
1.09754
1.08564
1.07463
1.06664
1.06354
1.06627
1.07468
1.08761
1.10292
1.11791
1.12975
1.13598
1.13481
1.12548
1.10848
1.08578
1.06068
1.03758
1.02098
1.01402
1.01712
1.0279
1.04256
1.0576
1.07096
1.08211
1.0916
1.10039
1.10941
1.11934
1.13041
1.14232
1.15408
1.16403
1.17025
1.17104
1.16529
1.15273
1.13415
1.11178
1.08976
1.07368
1.06834
1.07476
1.08987
1.10917
1.12924
1.14811
1.16466
