-5.04699
-4.99204
-4.94047
-4.89972
-4.87232
-4.86187
-4.86787
-4.88985
-4.9253
-4.96831
-5.0145
-5.05779
-5.09616
-5.12552
-5.14546
-5.15631
-5.15908
-5.15432
-5.14581
-5.13359
-5.12144
-5.1117
-5.10425
-5.09664
-5.08759
-5.07802
-5.0642
-5.04987
-5.03624
-5.02844
-5.02343
-5.0225
-5.0224
-5.02054
-5.02299
-5.02627
-5.03455
-5.04582
-5.05947
-5.07321
-5.08631
-5.09598
-5.10108
-5.0978
-5.08857
-5.07235
-5.05294
-5.03485
-5.02105
-5.01796
-5.02643
-5.04718
-5.07441
-5.10145
-5.1243
-5.14075
-5.15066
-5.15302
-5.1498
-5.14275
-5.13248
-5.12109
-5.11096
-5.10292
-5.09801
-5.09514
-5.09267
-5.08986
-5.08459
-5.07792
-5.07141
-5.06396
-5.05545
-5.04749
-5.03997
-5.0363
-5.0367
-5.04008
-5.0438
-5.04752
-5.05214
-5.05574
-5.05927
-5.06061
-5.06219
-5.06349
-5.06466
-5.06525
-5.06682
-5.0693
-5.06987
-5.07012
-5.06958
-5.06769
-5.06401
-5.05733
-5.04935
-5.03833
-5.02582
-5.01504
-5.00644
-5.00246
-5.00142
-5.00204
-4.99926
-4.99306
-4.981
-4.96399
-4.94791
-4.93589
-4.93058
-4.93427
-4.94416
-4.9549
-4.96351
-4.97059
-4.97995
-4.99295
-5.01018
-5.02903
-5.04652
-5.05926
-5.06795
-5.07468
-5.07721
-5.07711
-5.07488
-5.07062
-5.06336
-5.05205
-5.03992
-5.02615
-5.01137
-4.99599
-4.983
-4.97021
-4.9618
-4.95466
-4.94933
-4.94301
-4.9381
-4.93653
-4.94105
-4.95238
-4.96976
-4.98758
-5.00375
-5.01698
-5.02592
-5.03126
-5.03198
-5.03051
-5.02948
-5.02849
-5.02717
-5.02728
-5.02576
-5.02273
-5.02064
-5.01947
-5.02225
-5.02854
-5.03967
-5.05632
-5.07477
-5.0943
-5.11321
-5.13002
-5.14367
-5.15155
-5.15392
-5.14725
-5.13321
-5.11283
-5.08765
-5.0593
-5.03465
-5.01798
-5.01343
-5.02019
-5.03815
-5.06538
-5.0966
-5.12637
-5.14958
-5.16426
-5.16745
-5.16049
-5.14779
-5.1274
-5.10443
-5.08141
-5.05933
-5.04365
-5.03148
-5.02295
-5.02181
-5.02711
-5.03625
-5.05044
-5.06683
-5.08227
-5.0958
-5.10671
-5.11294
-5.11632
-5.11729
-5.11878
-5.12002
-5.122
-5.12356
-5.12301
-5.11904
-5.11029
-5.0956
-5.07911
-5.06199
-5.04761
-5.03835
-5.03352
-5.0349
-5.04169
-5.05292
-5.06497
-5.07827
-5.09068
-5.10091
-5.10854
-5.1123
-5.11415
-5.11164
-5.10922
-5.10801
-5.1096
-5.11254
-5.11486
-5.11162
-5.10461
-5.09244
-5.07717
-5.06064
-5.04551
-5.03258
-5.02018
-5.01034
-5.00421
-4.99868
-4.99358
-4.99091
-4.99095
-4.99237
-4.99939
-5.00994
-5.02082
-5.03021
-5.03498
-5.03084
-5.01863
-4.99958
-4.9737
-4.9465
-4.91981
-4.89934
-4.88789
-4.88856
-4.89865
-4.91717
-4.93991
-4.96377
-4.98512
-5.00277
-5.01615
-5.02357
-5.02664
-5.02603
-5.02391
-5.02234
-5.02277
-5.0241
-5.02599
-5.02751
-5.02757
-5.02592
-5.02084
-5.01165
-4.99947
-4.98528
-4.97047
-4.95863
-4.95313
-4.95638
-4.96651
-4.98619
-5.01056
-5.03757
-5.06547
-5.09471
-5.12312
-5.14947
-5.17486
-5.19671
-5.21115
-5.21824
-5.21572
-5.20436
-5.18474
-5.16074
-5.13715
-5.11814
-5.1078
-5.10676
-5.11621
-5.12741
-5.13714
-5.14106
-5.13795
-5.12785
-5.11036
-5.09095
-5.07079
-5.05135
-5.03514
-5.02314
-5.01668
-5.01185
-5.00841
-5.00415
-4.9988
-4.99148
-4.9865
-4.98636
-4.99072
-5.00223
-5.01559
-5.02584
-5.03176
-5.02795
-5.0152
-4.99596
-4.97308
-4.95485
-4.94494
-4.94265
-4.95006
-4.96352
-4.97906
-4.99814
-5.01809
-5.03487
-5.05105
-5.06521
-5.07629
-5.08588
-5.09604
-5.10622
-5.11441
-5.12142
-5.12576
-5.12707
-5.12266
-5.1146
-5.10508
-5.0963
-5.09062
-5.08556
-5.08385
-5.08181
-5.07876
-5.07285
-5.06576
-5.05557
-5.04522
-5.03605
-5.03073
-5.03162
-5.038
-5.04974
-5.06551
-5.08482
-5.10644
-5.12792
-5.14764
-5.1632
-5.17069
-5.1691
-5.16014
-5.14249
-5.11819
-5.08766
-5.05346
-5.01553
-4.98018
-4.94941
-4.92505
-4.90835
-4.89884
-4.89578
-4.89604
-4.89975
-4.90625
-4.91464
-4.92673
-4.94383
-4.96452
-4.98881
-5.01429
-5.03689
-5.05576
-5.07092
-5.07888
-5.08034
-5.07388
-5.0614
-5.04438
-5.02615
-5.01059
-5.00124
-4.99882
-5.00444
-5.01557
-5.03024
-5.04612
-5.06074
-5.07362
-5.08323
-5.08894
-5.09082
-5.08471
-5.07293
-5.05621
-5.03458
-5.01281
-4.9918
-4.97328
-4.96185
-4.95746
-4.96169
-4.97416
-4.99159
-5.01512
-5.04215
-5.07247
-5.10258
-5.13133
-5.15279
-5.16395
-5.16462
-5.15818
-5.14667
-5.13612
-5.12983
-5.12593
-5.12549
-5.12379
-5.11967
-5.11257
-5.10186
-5.09047
-5.07981
-5.06751
-5.05716
-5.04742
-5.04127
-5.0389
-5.04015
-5.04293
-5.04574
-5.04862
-5.05032
-5.05123
-5.05145
-5.05419
-5.05972
-5.06953
-5.08204
-5.0935
-5.10138
-5.10427
-5.10121
-5.09501
-5.08878
-5.085
-5.0842
-5.0865
-5.08723
-5.08717
-5.08321
-5.07593
-5.06492
-5.04743
-5.02457
-4.99617
-4.9615
-4.92362
-4.88465
-4.84956
-4.82559
-4.8151
-4.82401
-4.85295
-4.89817
-4.95156
-5.00381
-5.04957
-5.08337
-5.10518
-5.11461
-5.11597
-5.11091
-5.10386
-5.09565
-5.08916
-5.08467
-5.08227
-5.07989
-5.07589
-5.0701
-5.06144
-5.05225
-5.0454
-5.04437
-5.04893
-5.05883
-5.07056
-5.08195
-5.09107
-5.09379
-5.0907
-5.08251
-5.06782
-5.04971
-5.03014
-5.0097
-4.99276
-4.98053
-4.97765
-4.98331
-4.99703
-5.017
-5.03962
-5.06241
-5.08353
-5.1004
-5.11392
-5.12466
-5.13274
-5.13871
-5.14125
-5.14025
-5.13561
-5.12688
-5.1147
-5.09876
-5.08222
-5.06853
-5.05806
-5.05486
-5.05455
-5.05874
-5.06395
-5.07158
-5.07928
-5.08611
-5.09011
-5.09239
-5.09352
-5.09406
-5.09605
-5.10134
-5.11193
-5.12827
-5.15016
-5.17416
-5.19678
-5.2137
-5.22179
-5.22324
-5.22099
-5.21505
-5.20766
-5.19813
-5.18463
-5.16906
-5.14968
-5.12565
-5.09527
-5.06149
-5.02535
-4.98965
-4.95761
-4.93347
-4.9198
-4.91854
-4.92957
-4.94884
-4.97314
-4.99715
-5.02018
-5.03996
-5.05843
-5.07532
-5.09024
-5.10611
-5.12282
-5.13835
-5.15127
-5.16398
-5.17453
-5.18575
-5.19521
-5.20379
-5.20803
-5.20695
-5.19921
-5.18395
-5.16078
-5.13538
-5.10959
-5.0869
-5.07026
-5.06113
-5.05816
-5.06137
-5.07112
-5.08471
-5.1002
-5.11366
-5.12211
-5.12627
-5.12579
-5.12063
-5.11066
-5.09841
-5.08431
-5.06999
-5.0568
-5.04606
-5.04025
-5.03937
-5.04183
-5.04827
-5.05811
-5.0709
-5.08758
-5.10916
-5.13389
-5.15715
-5.17746
-5.18882
-5.19115
-5.185
-5.17065
-5.15299
-5.13529
-5.11921
-5.10531
-5.09249
-5.08032
-5.06865
-5.05885
-5.05424
-5.05526
-5.06466
-5.08129
-5.10371
-5.12391
-5.13915
-5.14628
-5.14418
-5.13314
-5.11577
-5.09783
-5.08295
-5.07378
-5.07063
-5.07304
-5.07874
-5.08669
-5.09289
-5.09814
-5.09929
-5.09949
-5.10299
-5.11113
-5.12288
-5.13575
-5.14203
-5.13922
-5.12847
-5.11239
-5.09346
-5.07559
-5.06138
-5.05129
-5.04567
-5.0445
-5.04618
-5.05139
-5.05683
-5.06162
-5.06582
-5.06783
-5.06758
-5.06529
-5.05973
-5.05287
-5.04595
-5.04224
-5.03961
-5.04046
-5.04276
-5.04266
-5.03699
-5.0252
-5.00889
-4.99328
-4.98209
-4.97483
-4.96849
-4.96055
-4.95217
-4.94264
-4.93706
-4.93548
-4.93651
-4.93861
-4.93986
-4.9428
-4.94765
-4.95538
-4.96944
-4.98609
-5.00715
-5.03094
-5.05624
-5.0803
-5.09993
-5.11295
-5.117
-5.11207
-5.10262
-5.09193
-5.08309
-5.07826
-5.07888
-5.08606
-5.09868
-5.11467
-5.1334
-5.15332
-5.17236
-5.19017
-5.19974
-5.20337
-5.19924
-5.18932
-5.1751
-5.15792
-5.13902
-5.12005
-5.10133
-5.08281
-5.06533
-5.0491
-5.03496
-5.02548
-5.02178
-5.02361
-5.0304
-5.03633
-5.04294
-5.04624
-5.04561
-5.04174
-5.03252
-5.01709
-5.00039
-4.9872
-4.98342
-4.98964
-5.004
-5.02256
-5.039
-5.05037
-5.05461
-5.0497
-5.03719
-5.02296
-5.00757
-4.994
-4.98499
-4.9799
-4.97626
-4.97339
-4.97141
-4.96939
-4.96838
-4.97022
-4.97649
-4.98388
-4.99255
-4.99956
-5.00141
-5.00062
-4.9941
-4.98418
-4.97214
-4.95861
-4.94654
-4.93626
-4.92847
-4.92366
-4.92323
-4.92789
-4.93629
-4.95065
-4.96926
-4.99018
-5.01216
-5.03232
-5.05227
-5.06954
-5.08352
-5.09179
-5.09369
-5.09032
-5.08377
-5.07604
-5.07132
-5.06923
-5.07159
-5.07824
-5.08795
-5.09935
-5.11192
-5.12763
-5.14294
-5.15843
-5.17165
-5.18017
-5.18398
-5.18415
-5.18269
-5.17944
-5.17384
-5.16967
-5.16449
-5.16181
-5.15995
-5.15939
-5.15685
-5.15153
-5.14319
-5.13235
-5.12117
-5.11076
-5.10177
-5.09572
-5.09006
-5.08412
-5.07813
-5.0722
-5.06616
-5.06074
-5.0562
-5.0527
-5.04893
-5.04758
-5.04765
-5.05002
-5.05372
-5.0585
-5.06289
-5.0663
-5.06851
-5.07072
-5.0708
-5.07223
-5.07376
-5.07772
-5.08095
-5.08005
-5.07616
-5.06698
-5.05263
-5.03778
-5.02555
-5.01708
-5.01542
-5.02089
-5.03056
-5.04371
-5.05699
-5.06806
-5.07467
-5.07819
-5.07859
-5.08079
-5.0869
-5.09991
-5.11659
-5.13556
-5.14937
-5.15676
-5.15457
-5.1429
-5.12376
-5.10008
-5.07288
-5.04823
-5.02734
-5.01511
-5.01153
-5.01577
-5.02616
-5.03906
-5.05227
-5.06249
-5.06811
-5.06776
-5.06378
-5.05773
-5.05118
-5.04664
-5.04507
-5.04778
-5.05489
-5.0623
-5.06857
-5.06856
-5.06376
-5.05281
-5.0411
-5.03424
-5.03679
-5.04818
-5.06938
-5.09423
-5.11867
-5.13825
-5.15124
-5.15849
-5.16082
-5.1598
-5.1577
-5.15647
-5.15304
-5.147
-5.13741
-5.12542
-5.11079
-5.09336
-5.07521
-5.05839
-5.0464
-5.04174
-5.04554
-5.05861
-5.078
-5.10068
-5.12331
-5.14198
-5.15132
-5.15003
-5.13618
-5.11083
-5.07783
-5.04094
-5.00612
-4.98047
-4.97018
-4.97513
-4.99025
-5.01209
-5.03391
-5.05485
-5.07203
-5.08731
-5.10095
-5.11418
-5.12922
-5.14538
-5.16385
-5.18043
-5.19656
-5.20544
-5.20708
-5.19831
-5.17917
-5.15221
-5.1191
-5.08455
-5.06013
-5.05197
-5.06206
-5.08441
-5.11276
-5.14211
-5.16997
-5.19389
