           0           0           0
   0.0256496           0           0
   0.0512993           0           0
   0.0769489           0           0
    0.102599           0           0
    0.128248           0           0
    0.153898           0           0
    0.179547           0           0
    0.205197           0           0
    0.230847           0           0
    0.256496           0           0
    0.282146           0           0
    0.307796           0           0
    0.333445           0           0
    0.359095           0           0
    0.384745           0           0
    0.410394           0           0
    0.436044           0           0
    0.461694           0           0
    0.487343           0           0
    0.512993           0           0
    0.538642           0           0
    0.564292           0           0
    0.589942           0           0
    0.615591           0           0
    0.641241           0           0
    0.666891           0           0
     0.69254           0           0
     0.71819           0           0
     0.74384           0           0
    0.769489           0           0
    0.795139           0           0
    0.820788           0           0
    0.846438           0           0
    0.872088 0.000641936 0.000374498
    0.897737   0.0188814   0.0022511
    0.923387     0.15059  0.00672079
    0.949037    0.556769   0.0138059
    0.974686     1.16028   0.0165906
     1.00034     1.83986   0.0261613
     1.02599      2.3239   0.0245841
     1.05164     2.55709   0.0238714
     1.07728     2.56726   0.0235135
     1.10293     2.44505   0.0259595
     1.12858     2.23156   0.0213684
     1.15423     1.98549    0.019383
     1.17988     1.79596   0.0202285
     1.20553     1.58399   0.0207833
     1.23118     1.39099   0.0176276
     1.25683     1.25303   0.0141214
     1.28248     1.10858   0.0153183
     1.30813     1.00845   0.0138178
     1.33378    0.945686   0.0125717
     1.35943    0.864252     0.01179
     1.38508    0.799901   0.0103732
     1.41073    0.761236   0.0106942
     1.43638     0.71326  0.00960399
     1.46203    0.726899  0.00975632
     1.48768    0.691288  0.00982282
     1.51333    0.675124  0.00990847
     1.53898    0.674194  0.00910775
     1.56463    0.655161   0.0100644
     1.59028    0.664907  0.00926236
     1.61593     0.67981  0.00925001
     1.64158    0.698357  0.00894635
     1.66723     0.72994  0.00820398
     1.69288    0.748461  0.00830502
     1.71853    0.766458  0.00853757
     1.74418    0.796726  0.00961865
     1.76983     0.83993   0.0098839
     1.79547    0.907393   0.0102263
     1.82112    0.924744   0.0101932
     1.84677    0.978845  0.00944782
     1.87242      1.0164  0.00901846
     1.89807     1.05947  0.00955695
     1.92372     1.08158   0.0105659
     1.94937     1.12088  0.00995008
     1.97502     1.17894   0.0103577
     2.00067     1.20363  0.00802228
     2.02632      1.2146  0.00906516
     2.05197     1.22483  0.00960189
     2.07762     1.23191  0.00889515
     2.10327     1.23515  0.00934138
     2.12892     1.21676  0.00926767
     2.15457     1.17655  0.00981438
     2.18022     1.15184  0.00801048
     2.20587     1.11016  0.00867869
     2.23152     1.09429  0.00788103
     2.25717     1.05451  0.00690295
     2.28282     1.03103  0.00764827
     2.30847      1.0134  0.00683276
     2.33412    0.975124  0.00740167
     2.35977    0.969068  0.00729091
     2.38542    0.951609  0.00756977
     2.41107    0.923484  0.00698346
     2.43672    0.915006  0.00733166
     2.46237    0.902904  0.00738103
     2.48802    0.898579  0.00704394
     2.51366     0.89305  0.00658947
     2.53931    0.882422  0.00687753
