1.20001
1.20002
1.20003
1.20006
1.20008
1.20012
1.20016
1.2002
1.20025
1.20031
1.20037
1.20044
1.20052
1.2006
1.20069
1.20078
1.20088
1.20098
1.2011
1.20121
1.20134
1.20147
1.20161
1.20176
1.20191
1.20207
1.20224
1.20242
1.20261
1.2028
1.203
1.20321
1.20343
1.20366
1.20391
1.20416
1.20442
1.20469
1.20498
1.20528
1.20559
1.20591
1.20625
1.20661
1.20698
1.20737
1.20777
1.20819
1.20864
1.2091
1.20959
1.21009
1.21063
1.21118
1.21177
1.21238
1.21302
1.2137
1.2144
1.21514
1.21591
1.21672
1.21755
1.21842
1.21932
1.22023
1.22116
1.22209
1.22299
1.22384
1.2246
1.22522
1.22563
1.22574
1.22544
1.22463
1.22323
1.22121
1.21867
1.21591
1.21343
1.21189
1.21188
1.21366
1.2171
1.22165
1.22667
1.23157
1.23597
1.23971
1.24275
1.24516
1.24703
1.24844
1.24948
1.25024
1.2508
1.25122
1.25161
1.25205
1.20042
1.20112
1.20211
1.20339
1.20488
1.20646
1.20794
1.20918
1.20999
1.21029
1.21003
1.20928
1.20822
1.20713
1.20638
1.20628
1.20703
1.20864
1.21091
1.21352
1.21613
1.21848
1.22041
1.2219
1.22302
1.22389
1.22471
1.22567
1.22695
1.22874
1.23116
1.23424
1.23793
1.24205
1.24636
1.25061
1.25456
1.25804
1.26094
1.26318
1.26473
1.2656
1.2658
1.26537
1.26437
1.26294
1.26123
1.25946
1.25785
1.2566
1.25584
1.2556
1.25585
1.25651
1.25752
1.25888
1.26064
1.26291
1.2658
1.26936
1.27355
1.27822
1.2831
1.28791
1.2924
1.29639
1.29979
1.30261
1.30493
1.30688
1.30859
1.31017
1.31169
1.31315
1.31447
1.31553
1.31616
1.31622
1.31559
1.31423
1.31224
1.30978
1.30716
1.30466
1.30252
1.30081
1.29938
1.29799
1.29635
1.29432
1.29198
1.28966
1.28791
1.28727
1.28808
1.2903
1.29351
1.29707
1.3004
1.30303
1.19903
1.19744
1.19548
1.19346
1.19176
1.19081
1.19105
1.19278
1.19606
1.20066
1.20612
1.21186
1.21734
1.22215
1.22605
1.22891
1.23069
1.23137
1.23098
1.22952
1.22701
1.22355
1.2193
1.21458
1.20978
1.2054
1.20184
1.19933
1.19782
1.19704
1.19659
1.1961
1.19541
1.19458
1.19393
1.19388
1.19478
1.1968
1.19986
1.20362
1.20765
1.2115
1.2148
1.21724
1.21863
1.21881
1.21767
1.21515
1.21125
1.20612
1.20008
1.19376
1.188
1.18378
1.18185
1.18239
1.18493
1.18858
1.1924
1.19571
1.19824
1.19995
1.20101
1.20161
1.20195
1.20216
1.20233
1.20252
1.20273
1.20295
1.20318
1.20339
1.20355
1.20364
1.2036
1.20338
1.2029
1.20209
1.20089
1.19922
1.19711
1.1946
1.19187
1.18918
1.18687
1.18526
1.1846
1.18493
1.18615
1.18797
1.1901
1.19223
1.19415
1.19573
1.19693
1.19775
1.19824
1.19848
1.19854
1.19851
1.19973
1.19957
1.19958
1.19979
1.20021
1.20084
1.20165
1.2026
1.20366
1.20474
1.20577
1.20663
1.20718
1.20725
1.20663
1.20511
1.2025
1.19866
1.19362
1.1877
1.18153
1.17611
1.17252
1.17162
1.17365
1.17813
1.18408
1.19038
1.19614
1.20083
1.20423
1.2064
1.20751
1.20781
1.20755
1.20696
1.20624
1.20556
1.205
1.20458
1.20419
1.20363
1.20257
1.20071
1.19782
1.19396
1.18964
1.18586
1.18388
1.1847
1.18855
1.19473
1.20201
1.20918
1.21534
1.22001
1.223
1.22438
1.22433
1.2232
1.22144
1.21959
1.21817
1.21756
1.21788
1.21901
1.22062
1.22237
1.22401
1.2254
1.22653
1.22744
1.2282
1.22883
1.22931
1.22961
1.22967
1.22941
1.22882
1.22787
1.2266
1.22504
1.22331
1.22152
1.21987
1.21856
1.21782
1.2178
1.21851
1.21981
1.22141
1.22296
1.22411
1.2246
1.2243
1.2232
1.22142
1.21915
1.21671
1.21442
1.19743
1.19566
1.19507
1.19568
1.19726
1.19941
1.20168
1.20363
1.20491
1.20529
1.20462
1.20285
1.20001
1.19623
1.19182
1.18721
1.18295
1.17952
1.17724
1.17616
1.17613
1.17696
1.17848
1.18058
1.18315
1.18601
1.18895
1.19177
1.1943
1.19643
1.19813
1.19942
1.20032
1.20091
1.20122
1.20133
1.20127
1.20109
1.20082
1.20048
1.20007
1.1996
1.19906
1.19843
1.19766
1.19674
1.19562
1.19426
1.19262
1.19069
1.18845
1.18593
1.18318
1.18033
1.17753
1.17501
1.17299
1.17166
1.17114
1.17143
1.17242
1.17393
1.17574
1.17767
1.17957
1.18135
1.18296
1.1844
1.18566
1.18679
1.1878
1.18872
1.18956
1.19036
1.19111
1.19184
1.19255
1.19324
1.19391
1.19457
1.1952
1.19578
1.1963
1.19672
1.19701
1.1971
1.19696
1.1965
1.19567
1.19441
1.19268
1.19048
1.18786
1.18491
1.18181
1.17872
1.17584
1.17328
1.17108
1.16923
1.1968
1.19403
1.19242
1.19243
1.19424
1.19761
1.202
1.20679
1.21152
1.21591
1.21984
1.2233
1.22632
1.22893
1.23115
1.23301
1.23454
1.23576
1.23669
1.23733
1.23765
1.2376
1.23714
1.2362
1.23475
1.23281
1.23046
1.22784
1.22516
1.22264
1.22053
1.21903
1.21825
1.21826
1.21901
1.22042
1.22232
1.22452
1.22683
1.22905
1.23106
1.23278
1.23418
1.23526
1.23606
1.23659
1.2369
1.237
1.23689
1.23657
1.23602
1.2352
1.2341
1.23267
1.23089
1.22875
1.22626
1.22346
1.22041
1.21724
1.21412
1.21124
1.20886
1.20724
1.20661
1.2071
1.2087
1.2112
1.21431
1.21764
1.22087
1.22375
1.22615
1.22804
1.22944
1.23043
1.23108
1.23148
1.2317
1.2318
1.23183
1.23182
1.23178
1.23171
1.23162
1.23149
1.23134
1.23115
1.23096
1.2308
1.2307
1.23072
1.23091
1.23128
1.23183
1.23252
1.23325
1.23394
1.23445
1.23468
1.19914
1.19792
1.19649
1.19503
1.19373
1.19281
1.19239
1.19253
1.1932
1.19429
1.1957
1.19732
1.19906
1.20087
1.20267
1.2044
1.20598
1.20735
1.20847
1.20938
1.21013
1.21084
1.21164
1.21264
1.21387
1.21533
1.21694
1.21857
1.22009
1.22139
1.2224
1.22306
1.22338
1.22339
1.22313
1.22266
1.22206
1.2214
1.22074
1.22012
1.21956
1.21907
1.21861
1.21813
1.21758
1.2169
1.21606
1.21505
1.21387
1.21256
1.21121
1.20988
1.20867
1.20766
1.20691
1.20644
1.20627
1.20637
1.20668
1.20714
1.20766
1.20816
1.20856
1.20878
1.20876
1.20848
1.20794
1.20723
1.20645
1.20576
1.20534
1.20534
1.20587
1.20695
1.2085
1.21037
1.21237
1.21426
1.21582
1.21685
1.21718
1.21666
1.2152
1.21269
1.20908
1.20438
1.19871
1.1925
1.18661
1.18239
1.18121
1.18381
1.18972
1.19746
1.20524
1.21159
1.21562
1.21689
1.2153
1.21108
1.1905
1.1811
1.17504
1.1739
1.17703
1.18221
1.18725
1.19099
1.19331
1.19464
1.19553
1.19642
1.19756
1.19902
1.20073
1.20254
1.2043
1.20588
1.20715
1.20805
1.20852
1.20855
1.20816
1.20736
1.20616
1.20458
1.20258
1.20011
1.19711
1.19354
1.18945
1.18512
1.18108
1.17806
1.17687
1.17803
1.18159
1.18701
1.19338
1.19967
1.20501
1.20881
1.21078
1.21093
1.2095
1.20691
1.20377
1.20078
1.19861
1.19771
1.19827
1.20012
1.20285
1.20593
1.20888
1.21134
1.21307
1.21398
1.21406
1.21334
1.21193
1.20991
1.20743
1.20463
1.20172
1.1989
1.19637
1.19432
1.19287
1.19207
1.19186
1.19212
1.19269
1.19339
1.19404
1.19453
1.19475
1.19464
1.19418
1.19338
1.19228
1.19097
1.18953
1.18811
1.18683
1.18586
1.18531
1.18528
1.18581
1.18688
1.18841
1.19028
1.19235
1.19448
1.19656
1.1985
1.20022
1.20172
1.20296
1.20395
