-0.0401025
-0.0401262
-0.0401584
-0.0401922
-0.0402297
-0.0402758
-0.04034
-0.0404034
-0.0404825
-0.0405728
-0.0406697
-0.0407778
-0.0408878
-0.0410092
-0.0411349
-0.0412746
-0.0414213
-0.0415775
-0.041741
-0.0419215
-0.0421121
-0.0423129
-0.0425289
-0.0427533
-0.0429935
-0.0432308
-0.043475
-0.0437407
-0.0440187
-0.0442999
-0.044606
-0.0449328
-0.0452643
-0.0456103
-0.045974
-0.046344
-0.0467304
-0.0471411
-0.0475696
-0.0480288
-0.0485053
-0.0489811
-0.0494951
-0.0500389
-0.0505972
-0.0511734
-0.0517855
-0.052423
-0.0530898
-0.0537804
-0.0545082
-0.0552774
-0.0560783
-0.0569198
-0.0577921
-0.0587114
-0.0596773
-0.0606847
-0.0617424
-0.062847
-0.0639993
-0.0652018
-0.066465
-0.0677649
-0.0691052
-0.0704819
-0.0718808
-0.0732669
-0.0746218
-0.0759008
-0.0770494
-0.0779831
-0.0786068
-0.0787729
-0.0783255
-0.0771208
-0.0750331
-0.0719968
-0.0681904
-0.0640487
-0.0603472
-0.0580446
-0.0580215
-0.0606954
-0.0658479
-0.0726932
-0.0802262
-0.0875841
-0.0941923
-0.099795
-0.104355
-0.107974
-0.110775
-0.112886
-0.114452
-0.115591
-0.116416
-0.117052
-0.11764
-0.118292
-0.119551
-0.120599
-0.122096
-0.124018
-0.126262
-0.128616
-0.130849
-0.132706
-0.133934
-0.134395
-0.134013
-0.13288
-0.131285
-0.129655
-0.128526
-0.128375
-0.129508
-0.131927
-0.135332
-0.139243
-0.143152
-0.146671
-0.149571
-0.151806
-0.15348
-0.154793
-0.15602
-0.157458
-0.159387
-0.162075
-0.165697
-0.170334
-0.175854
-0.182024
-0.188499
-0.19487
-0.200808
-0.206031
-0.210372
-0.213726
-0.216065
-0.21738
-0.21768
-0.217024
-0.215535
-0.213385
-0.210822
-0.208163
-0.205748
-0.203863
-0.202721
-0.202367
-0.202744
-0.203753
-0.205274
-0.207315
-0.209949
-0.213362
-0.217692
-0.223043
-0.229337
-0.236341
-0.243659
-0.250878
-0.257619
-0.263597
-0.268712
-0.272945
-0.276433
-0.279355
-0.281917
-0.284295
-0.28658
-0.288761
-0.290744
-0.292335
-0.293275
-0.293353
-0.292397
-0.290366
-0.287369
-0.283693
-0.279752
-0.27601
-0.272791
-0.270212
-0.268073
-0.265983
-0.263529
-0.260479
-0.256968
-0.253486
-0.250855
-0.249891
-0.251105
-0.254435
-0.259247
-0.264594
-0.26957
-0.273532
-0.272957
-0.27057
-0.267626
-0.264593
-0.262058
-0.260643
-0.261002
-0.263588
-0.268515
-0.275428
-0.28362
-0.292225
-0.30044
-0.307658
-0.313509
-0.317793
-0.320459
-0.321498
-0.32091
-0.318706
-0.314955
-0.309759
-0.303385
-0.296288
-0.289106
-0.282533
-0.277187
-0.273411
-0.271144
-0.269977
-0.269306
-0.268578
-0.267532
-0.266292
-0.265314
-0.265217
-0.266566
-0.2696
-0.274185
-0.279826
-0.285869
-0.291652
-0.296599
-0.300272
-0.30236
-0.302629
-0.300931
-0.297142
-0.291292
-0.283603
-0.274556
-0.265063
-0.256425
-0.250094
-0.247196
-0.248014
-0.25183
-0.257298
-0.263022
-0.268
-0.271784
-0.274357
-0.275931
-0.276838
-0.277335
-0.277649
-0.277914
-0.27819
-0.278499
-0.278839
-0.279176
-0.279502
-0.279749
-0.279886
-0.279831
-0.279494
-0.278779
-0.27757
-0.275757
-0.273264
-0.270089
-0.266337
-0.262232
-0.258202
-0.254737
-0.252331
-0.251338
-0.251841
-0.253672
-0.256415
-0.259605
-0.262795
-0.265685
-0.268065
-0.269854
-0.271079
-0.271809
-0.272155
-0.272252
-0.272218
-0.271488
-0.271236
-0.271248
-0.271562
-0.272202
-0.273144
-0.274365
-0.275795
-0.277372
-0.278992
-0.280533
-0.281821
-0.282649
-0.282753
-0.281832
-0.279549
-0.275636
-0.269868
-0.262319
-0.25343
-0.244185
-0.236045
-0.230664
-0.229308
-0.232351
-0.239074
-0.248001
-0.257463
-0.26611
-0.273132
-0.278239
-0.281491
-0.28317
-0.283618
-0.283225
-0.282339
-0.28126
-0.280237
-0.279397
-0.278757
-0.278179
-0.277324
-0.275747
-0.272959
-0.268626
-0.26285
-0.256362
-0.250681
-0.247711
-0.248947
-0.25472
-0.263981
-0.27491
-0.285663
-0.294916
-0.301921
-0.306415
-0.308484
-0.308413
-0.306714
-0.304083
-0.301303
-0.299178
-0.298269
-0.298755
-0.300438
-0.302855
-0.305477
-0.30793
-0.310024
-0.311719
-0.313086
-0.314215
-0.315152
-0.315877
-0.316326
-0.316399
-0.316026
-0.31513
-0.313714
-0.311796
-0.309468
-0.306861
-0.304172
-0.301699
-0.299736
-0.298635
-0.298613
-0.299685
-0.301641
-0.304047
-0.30637
-0.3081
-0.30884
-0.308388
-0.306741
-0.304058
-0.300667
-0.297006
-0.293562
-0.285339
-0.282692
-0.281822
-0.282731
-0.285092
-0.288335
-0.291735
-0.294649
-0.296573
-0.297139
-0.296137
-0.29348
-0.289218
-0.283553
-0.276935
-0.270027
-0.263634
-0.258488
-0.255067
-0.253446
-0.253404
-0.254647
-0.256925
-0.260079
-0.263917
-0.268212
-0.272631
-0.276868
-0.280644
-0.28384
-0.286401
-0.288328
-0.289692
-0.290566
-0.29104
-0.291195
-0.2911
-0.290825
-0.290417
-0.289903
-0.289288
-0.288594
-0.287779
-0.286818
-0.285673
-0.284282
-0.282597
-0.280559
-0.278108
-0.275206
-0.271843
-0.268055
-0.26393
-0.259652
-0.25546
-0.251673
-0.248643
-0.246652
-0.245873
-0.246307
-0.247785
-0.250048
-0.252773
-0.255656
-0.258507
-0.261176
-0.263592
-0.265733
-0.267637
-0.269317
-0.270828
-0.272193
-0.273467
-0.274658
-0.275791
-0.276885
-0.277941
-0.278988
-0.279998
-0.280984
-0.281921
-0.282795
-0.283571
-0.284207
-0.284625
-0.284771
-0.284554
-0.283877
-0.28263
-0.280739
-0.278153
-0.274858
-0.270928
-0.266521
-0.261864
-0.257245
-0.252921
-0.249067
-0.245771
-0.242998
-0.233811
-0.22966
-0.227235
-0.227253
-0.22997
-0.235032
-0.241612
-0.248811
-0.255905
-0.262475
-0.268372
-0.273567
-0.278099
-0.281995
-0.285328
-0.288117
-0.290395
-0.292225
-0.293623
-0.294581
-0.295066
-0.295005
-0.294294
-0.292876
-0.290695
-0.287778
-0.284258
-0.280318
-0.276282
-0.272507
-0.269348
-0.26708
-0.265907
-0.265907
-0.267042
-0.269155
-0.272004
-0.275308
-0.278752
-0.282085
-0.285109
-0.287685
-0.289769
-0.291395
-0.292598
-0.293392
-0.293859
-0.294005
-0.293842
-0.293357
-0.292523
-0.291309
-0.289656
-0.287511
-0.284845
-0.281645
-0.277912
-0.273711
-0.269136
-0.264375
-0.259693
-0.255376
-0.251813
-0.249378
-0.248436
-0.249167
-0.251557
-0.255321
-0.259978
-0.264984
-0.26982
-0.274146
-0.27775
-0.280589
-0.282699
-0.284173
-0.285157
-0.285761
-0.286095
-0.286251
-0.286292
-0.286269
-0.286215
-0.286109
-0.285965
-0.285778
-0.285544
-0.285263
-0.284978
-0.284738
-0.284593
-0.28462
-0.28489
-0.285448
-0.286285
-0.287307
-0.288411
-0.289437
-0.290204
-0.290551
-0.288684
-0.286852
-0.284702
-0.282499
-0.28056
-0.279188
-0.278565
-0.278774
-0.27977
-0.281408
-0.283517
-0.285948
-0.288561
-0.291272
-0.293977
-0.296554
-0.298914
-0.300964
-0.302655
-0.304017
-0.305145
-0.306223
-0.307429
-0.308917
-0.310776
-0.312973
-0.315387
-0.317837
-0.320117
-0.322069
-0.323572
-0.324569
-0.325059
-0.325062
-0.324671
-0.323969
-0.323078
-0.322088
-0.321094
-0.320175
-0.319339
-0.3186
-0.317907
-0.317191
-0.316359
-0.31534
-0.314084
-0.31256
-0.310792
-0.308845
-0.306812
-0.304824
-0.303016
-0.301505
-0.300367
-0.299678
-0.299422
-0.29956
-0.300024
-0.300711
-0.301499
-0.302262
-0.302856
-0.303196
-0.303161
-0.30274
-0.301935
-0.300859
-0.299681
-0.298641
-0.298015
-0.298022
-0.298818
-0.300426
-0.302748
-0.305562
-0.308557
-0.31139
-0.313735
-0.315284
-0.315782
-0.315014
-0.312809
-0.309044
-0.303637
-0.296567
-0.288068
-0.278756
-0.26993
-0.263588
-0.261829
-0.265725
-0.274603
-0.286211
-0.297879
-0.307408
-0.313447
-0.315352
-0.312966
-0.306648
-0.280411
-0.26632
-0.257223
-0.255509
-0.260203
-0.267971
-0.275516
-0.281123
-0.2846
-0.286594
-0.287918
-0.289256
-0.290976
-0.293167
-0.295732
-0.298443
-0.301096
-0.303463
-0.305382
-0.306724
-0.307435
-0.3075
-0.306909
-0.305709
-0.30392
-0.301543
-0.298543
-0.294841
-0.290336
-0.284962
-0.278843
-0.272348
-0.266279
-0.26175
-0.259963
-0.261722
-0.267055
-0.275189
-0.284744
-0.294174
-0.302191
-0.307891
-0.310864
-0.311087
-0.308931
-0.305051
-0.30033
-0.295853
-0.292586
-0.291246
-0.292087
-0.294859
-0.298946
-0.303581
-0.308019
-0.311702
-0.314299
-0.31567
-0.31578
-0.314706
-0.31258
-0.309567
-0.305842
-0.301664
-0.297301
-0.293066
-0.289271
-0.286203
-0.28403
-0.282823
-0.282504
-0.282899
-0.283757
-0.284807
-0.285798
-0.28653
-0.286859
-0.286692
-0.286
-0.2848
-0.283146
-0.28117
-0.279019
-0.276881
-0.274971
-0.273503
-0.272673
-0.272631
-0.27343
-0.275028
-0.277317
-0.280119
-0.283233
-0.286433
-0.28956
-0.292458
-0.295047
-0.297276
-0.299141
-0.300635
