1.80001
1.80002
1.80005
1.80008
1.80013
1.80018
1.80024
1.8003
1.80038
1.80047
1.80056
1.80066
1.80078
1.8009
1.80103
1.80117
1.80132
1.80148
1.80164
1.80182
1.80201
1.80221
1.80242
1.80264
1.80287
1.80311
1.80336
1.80363
1.80391
1.8042
1.8045
1.80482
1.80515
1.8055
1.80586
1.80624
1.80663
1.80704
1.80747
1.80792
1.80838
1.80887
1.80938
1.80991
1.81047
1.81105
1.81166
1.81229
1.81296
1.81365
1.81438
1.81514
1.81594
1.81678
1.81765
1.81857
1.81954
1.82055
1.8216
1.82271
1.82387
1.82507
1.82633
1.82763
1.82898
1.83035
1.83174
1.83313
1.83448
1.83576
1.83691
1.83784
1.83845
1.8386
1.83816
1.83695
1.83485
1.83181
1.828
1.82386
1.82015
1.81784
1.81781
1.82049
1.82564
1.83248
1.84
1.84735
1.85396
1.85956
1.86413
1.86774
1.87054
1.87265
1.87422
1.87536
1.87619
1.87683
1.87741
1.87807
1.80063
1.80167
1.80317
1.80509
1.80733
1.80968
1.81192
1.81376
1.81499
1.81544
1.81505
1.81393
1.81233
1.8107
1.80957
1.80941
1.81055
1.81296
1.81637
1.82028
1.8242
1.82772
1.83062
1.83285
1.83453
1.83584
1.83707
1.8385
1.84043
1.84311
1.84673
1.85136
1.85689
1.86307
1.86954
1.87591
1.88184
1.88706
1.8914
1.89476
1.8971
1.89841
1.8987
1.89805
1.89656
1.89441
1.89184
1.88919
1.88677
1.8849
1.88375
1.8834
1.88377
1.88477
1.88629
1.88832
1.89096
1.89436
1.89869
1.90404
1.91033
1.91732
1.92464
1.93186
1.9386
1.94458
1.94968
1.95391
1.9574
1.96032
1.96288
1.96525
1.96754
1.96973
1.97171
1.9733
1.97425
1.97433
1.97338
1.97135
1.96835
1.96467
1.96073
1.95699
1.95378
1.95121
1.94907
1.94698
1.94453
1.94148
1.93797
1.9345
1.93186
1.9309
1.93212
1.93545
1.94026
1.94561
1.9506
1.95455
1.79854
1.79616
1.79322
1.79019
1.78764
1.78622
1.78658
1.78917
1.79409
1.801
1.80919
1.81779
1.82601
1.83323
1.83908
1.84337
1.84603
1.84706
1.84647
1.84428
1.84052
1.83532
1.82896
1.82186
1.81468
1.8081
1.80276
1.79899
1.79673
1.79556
1.79488
1.79416
1.79311
1.79188
1.7909
1.79082
1.79217
1.7952
1.79979
1.80543
1.81148
1.81725
1.82219
1.82586
1.82795
1.82822
1.82651
1.82272
1.81688
1.80917
1.80012
1.79063
1.782
1.77567
1.77277
1.77358
1.7774
1.78287
1.78859
1.79357
1.79736
1.79993
1.80151
1.80241
1.80292
1.80324
1.8035
1.80378
1.80409
1.80443
1.80477
1.80509
1.80533
1.80546
1.8054
1.80507
1.80435
1.80314
1.80133
1.79884
1.79566
1.7919
1.78781
1.78377
1.7803
1.77789
1.77689
1.7774
1.77922
1.78196
1.78515
1.78834
1.79122
1.7936
1.7954
1.79663
1.79737
1.79772
1.79781
1.79777
1.7996
1.79935
1.79936
1.79968
1.80031
1.80125
1.80247
1.80391
1.80548
1.80711
1.80865
1.80994
1.81077
1.81087
1.80994
1.80767
1.80375
1.79798
1.79043
1.78154
1.7723
1.76416
1.75878
1.75743
1.76047
1.76719
1.77612
1.78557
1.79422
1.80124
1.80634
1.8096
1.81126
1.81172
1.81132
1.81044
1.80936
1.80834
1.8075
1.80687
1.80629
1.80544
1.80386
1.80107
1.79674
1.79095
1.78446
1.77878
1.77581
1.77705
1.78282
1.79209
1.80302
1.81377
1.82301
1.83001
1.83451
1.83657
1.8365
1.8348
1.83216
1.82939
1.82725
1.82634
1.82683
1.82852
1.83093
1.83356
1.83601
1.8381
1.83979
1.84116
1.8423
1.84324
1.84397
1.84442
1.8445
1.84412
1.84323
1.84181
1.83989
1.83756
1.83496
1.83228
1.8298
1.82784
1.82673
1.8267
1.82776
1.82971
1.83212
1.83444
1.83617
1.83691
1.83646
1.83481
1.83212
1.82873
1.82507
1.82163
1.79614
1.79348
1.79261
1.79352
1.79589
1.79912
1.80252
1.80544
1.80736
1.80793
1.80693
1.80428
1.80001
1.79435
1.78773
1.78082
1.77443
1.76929
1.76586
1.76423
1.76419
1.76543
1.76772
1.77087
1.77472
1.77901
1.78343
1.78765
1.79144
1.79464
1.7972
1.79912
1.80048
1.80136
1.80184
1.802
1.80191
1.80164
1.80123
1.80072
1.80011
1.79941
1.79859
1.79764
1.7965
1.79511
1.79343
1.79139
1.78894
1.78604
1.78268
1.77889
1.77477
1.77049
1.7663
1.76251
1.75948
1.75749
1.75671
1.75714
1.75863
1.76089
1.76362
1.76651
1.76936
1.77203
1.77444
1.77659
1.7785
1.78019
1.7817
1.78307
1.78434
1.78553
1.78667
1.78776
1.78882
1.78986
1.79087
1.79185
1.7928
1.79367
1.79445
1.79508
1.79551
1.79566
1.79544
1.79475
1.7935
1.79161
1.78902
1.78572
1.78179
1.77737
1.77271
1.76809
1.76376
1.75991
1.75662
1.75384
1.7952
1.79105
1.78863
1.78865
1.79136
1.79642
1.803
1.81019
1.81728
1.82386
1.82976
1.83495
1.83949
1.8434
1.84673
1.84952
1.85181
1.85364
1.85503
1.85599
1.85647
1.85641
1.85571
1.85429
1.85212
1.84922
1.84569
1.84176
1.83773
1.83396
1.8308
1.82854
1.82738
1.82738
1.82852
1.83063
1.83348
1.83678
1.84024
1.84357
1.84659
1.84917
1.85127
1.85289
1.85409
1.85489
1.85535
1.8555
1.85534
1.85485
1.85402
1.8528
1.85114
1.849
1.84633
1.84313
1.83939
1.83518
1.83062
1.82586
1.82117
1.81686
1.81329
1.81086
1.80991
1.81065
1.81304
1.81681
1.82146
1.82646
1.8313
1.83562
1.83922
1.84206
1.84417
1.84565
1.84662
1.84722
1.84755
1.84771
1.84775
1.84773
1.84767
1.84757
1.84743
1.84724
1.84701
1.84673
1.84644
1.84619
1.84605
1.84608
1.84636
1.84692
1.84774
1.84877
1.84988
1.8509
1.85167
1.85203
1.79872
1.79689
1.79474
1.79254
1.7906
1.78921
1.78859
1.7888
1.7898
1.79144
1.79355
1.79598
1.79859
1.8013
1.804
1.8066
1.80896
1.81102
1.81271
1.81407
1.8152
1.81627
1.81747
1.81895
1.82081
1.823
1.82541
1.82785
1.83014
1.83209
1.83359
1.83459
1.83508
1.83509
1.83469
1.83399
1.83309
1.8321
1.8311
1.83017
1.82934
1.8286
1.82791
1.82719
1.82637
1.82535
1.82409
1.82257
1.8208
1.81885
1.81681
1.81482
1.81301
1.81149
1.81036
1.80967
1.80941
1.80955
1.81002
1.8107
1.81149
1.81225
1.81285
1.81317
1.81314
1.81272
1.81192
1.81084
1.80967
1.80863
1.808
1.80801
1.80881
1.81042
1.81274
1.81556
1.81855
1.82139
1.82373
1.82528
1.82577
1.825
1.82279
1.81903
1.81363
1.80657
1.79806
1.78874
1.77992
1.77359
1.77182
1.77572
1.78459
1.7962
1.80786
1.81739
1.82343
1.82533
1.82295
1.81662
1.78574
1.77165
1.76257
1.76085
1.76555
1.77332
1.78088
1.78649
1.78997
1.79196
1.79329
1.79463
1.79635
1.79853
1.80109
1.80381
1.80646
1.80882
1.81073
1.81207
1.81277
1.81283
1.81224
1.81104
1.80924
1.80687
1.80387
1.80017
1.79567
1.7903
1.78418
1.77768
1.77161
1.76709
1.7653
1.76705
1.77238
1.78052
1.79007
1.7995
1.80751
1.81321
1.81618
1.8164
1.81424
1.81036
1.80566
1.80117
1.79791
1.79657
1.79741
1.80018
1.80427
1.80889
1.81332
1.81701
1.81961
1.82097
1.82109
1.82002
1.81789
1.81486
1.81114
1.80695
1.80258
1.79835
1.79455
1.79148
1.78931
1.7881
1.78779
1.78818
1.78903
1.79008
1.79107
1.7918
1.79212
1.79196
1.79127
1.79007
1.78842
1.78645
1.7843
1.78216
1.78025
1.77879
1.77797
1.77792
1.77872
1.78032
1.78261
1.78542
1.78852
1.79172
1.79484
1.79774
1.80034
1.80257
1.80443
1.80592
