1.75991
1.7599
1.75989
1.75989
1.7599
1.7599
1.7599
1.7599
1.7599
1.75989
1.75989
1.75989
1.75989
1.75989
1.75989
1.75989
1.7599
1.7599
1.7599
1.7599
1.7599
1.7599
1.75989
1.75988
1.75987
1.75988
1.75989
1.75989
1.75989
1.7599
1.7599
1.75989
1.75989
1.75989
1.75988
1.75989
1.7599
1.7599
1.7599
1.75989
1.75988
1.75989
1.75988
1.75987
1.75987
1.75987
1.75987
1.75987
1.75987
1.75987
1.75987
1.75986
1.75986
1.75986
1.75986
1.75986
1.75986
1.75986
1.75986
1.75986
1.75987
1.75987
1.75987
1.75987
1.75987
1.75987
1.75986
1.75986
1.75986
1.75986
1.75986
1.75985
1.75984
1.75983
1.75983
1.75983
1.75981
1.75981
1.75981
1.75981
1.7598
1.7598
1.75979
1.7598
1.75979
1.75978
1.75978
1.75977
1.75976
1.75977
1.75977
1.75977
1.75976
1.75977
1.75977
1.75977
1.75978
1.75978
1.75978
1.75978
1.68108
1.68107
1.68107
1.68107
1.68106
1.68107
1.68107
1.68106
1.68106
1.68104
1.68104
1.68105
1.68105
1.68105
1.68104
1.68104
1.68104
1.68104
1.68104
1.68104
1.68105
1.68105
1.68105
1.68105
1.68105
1.68105
1.68105
1.68104
1.68104
1.68103
1.68104
1.68103
1.68104
1.68105
1.68104
1.68104
1.68103
1.68103
1.68103
1.68104
1.68104
1.68103
1.68102
1.68103
1.68103
1.68102
1.68102
1.68102
1.68102
1.68103
1.68103
1.68103
1.68103
1.68101
1.68101
1.68101
1.68101
1.681
1.681
1.68099
1.68099
1.68098
1.68098
1.68098
1.68098
1.68098
1.68097
1.68097
1.68096
1.68096
1.68096
1.68096
1.68096
1.68097
1.68097
1.68096
1.68097
1.68098
1.68098
1.68099
1.68099
1.68098
1.68098
1.68098
1.68099
1.681
1.681
1.681
1.681
1.681
1.681
1.68101
1.68101
1.68101
1.68102
1.68102
1.68101
1.68102
1.68103
1.68102
1.52559
1.52559
1.52559
1.52559
1.52558
1.52558
1.52557
1.52558
1.52557
1.52557
1.52557
1.52557
1.52557
1.52557
1.52557
1.52557
1.52557
1.52556
1.52556
1.52557
1.52557
1.52557
1.52557
1.52558
1.52557
1.52557
1.52558
1.52558
1.52559
1.52559
1.52558
1.52558
1.52558
1.52559
1.52559
1.5256
1.5256
1.52561
1.5256
1.5256
1.52561
1.5256
1.52559
1.52559
1.52559
1.52559
1.52558
1.52558
1.52558
1.52557
1.52557
1.52557
1.52557
1.52558
1.52558
1.52557
1.52557
1.52557
1.52557
1.52557
1.52557
1.52557
1.52558
1.52558
1.52558
1.52559
1.52559
1.52559
1.52559
1.52559
1.5256
1.52558
1.52558
1.52557
1.52557
1.52557
1.52557
1.52557
1.52557
1.52557
1.52557
1.52556
1.52557
1.52557
1.52557
1.52556
1.52556
1.52556
1.52555
1.52555
1.52554
1.52555
1.52554
1.52553
1.52554
1.52555
1.52556
1.52556
1.52556
1.52555
1.52811
1.52812
1.52812
1.52812
1.52811
1.52811
1.52811
1.52811
1.52811
1.52812
1.52812
1.52812
1.52812
1.52811
1.52811
1.52812
1.52811
1.52812
1.52811
1.52811
1.52811
1.52811
1.52811
1.52812
1.52812
1.52812
1.52811
1.52811
1.52811
1.52811
1.52811
1.5281
1.52809
1.5281
1.5281
1.5281
1.5281
1.5281
1.52811
1.52811
1.52811
1.52811
1.52811
1.52811
1.52811
1.5281
1.5281
1.5281
1.5281
1.52811
1.5281
1.52811
1.52811
1.52811
1.5281
1.52809
1.52809
1.52808
1.52809
1.52809
1.52808
1.52808
1.52808
1.52807
1.52807
1.52808
1.52808
1.52808
1.52808
1.52807
1.52807
1.52808
1.52808
1.52809
1.52809
1.52809
1.5281
1.5281
1.5281
1.5281
1.5281
1.5281
1.5281
1.52811
1.5281
1.52811
1.5281
1.52808
1.52808
1.52807
1.52807
1.52807
1.52807
1.52807
1.52807
1.52806
1.52806
1.52806
1.52806
1.52807
1.5108
1.51079
1.51079
1.51079
1.5108
1.51078
1.51078
1.51079
1.51079
1.51079
1.5108
1.5108
1.51079
1.51079
1.51079
1.51079
1.51079
1.5108
1.51079
1.51079
1.51079
1.51079
1.51079
1.5108
1.51081
1.5108
1.5108
1.51079
1.5108
1.5108
1.5108
1.5108
1.51079
1.51079
1.5108
1.5108
1.51081
1.51082
1.51082
1.51081
1.51082
1.51081
1.51082
1.51082
1.51082
1.51083
1.51083
1.51083
1.51083
1.51083
1.51084
1.51084
1.51084
1.51084
1.51084
1.51084
1.51083
1.51083
1.51083
1.51084
1.51085
1.51085
1.51084
1.51086
1.51085
1.51085
1.51085
1.51086
1.51086
1.51087
1.51087
1.51088
1.51088
1.51088
1.51088
1.51087
1.51088
1.51087
1.51087
1.51087
1.51087
1.51088
1.51088
1.51088
1.51089
1.51089
1.51088
1.51087
1.51087
1.51087
1.51086
1.51086
1.51086
1.51085
1.51085
1.51084
1.51084
1.51085
1.51085
1.51085
1.56139
1.56139
1.56139
1.56139
1.56139
1.56139
1.56139
1.56138
1.56138
1.56138
1.56138
1.56139
1.56139
1.5614
1.5614
1.5614
1.56141
1.56141
1.56141
1.56141
1.56141
1.5614
1.56141
1.56142
1.56143
1.56144
1.56144
1.56144
1.56145
1.56145
1.56145
1.56146
1.56147
1.56148
1.56147
1.56147
1.56148
1.56148
1.56149
1.56149
1.56148
1.56148
1.5615
1.5615
1.56149
1.5615
1.56149
1.56149
1.56149
1.5615
1.5615
1.56149
1.56149
1.56149
1.56149
1.56148
1.56148
1.56147
1.56148
1.56149
1.56148
1.56148
1.56148
1.56148
1.56148
1.56148
1.56149
1.56149
1.56149
1.56148
1.56148
1.56147
1.56148
1.56147
1.56147
1.56147
1.56147
1.56146
1.56146
1.56145
1.56146
1.56146
1.56145
1.56146
1.56146
1.56146
1.56146
1.56147
1.56146
1.56145
1.56145
1.56146
1.56147
1.56147
1.56146
1.56147
1.56147
1.56147
1.56147
1.56148
1.51003
1.51003
1.51004
1.51004
1.51004
1.51002
1.51002
1.51003
1.51003
1.51003
1.51003
1.51003
1.51003
1.51003
1.51003
1.51004
1.51005
1.51006
1.51006
1.51005
1.51005
1.51004
1.51004
1.51004
1.51003
1.51003
1.51002
1.51002
1.51002
1.51002
1.51002
1.51002
1.51002
1.51002
1.51002
1.51002
1.51002
1.51001
1.51001
1.51
1.51
1.51
1.51
1.51
1.51001
1.51001
1.51001
1.51001
1.51001
1.51
1.51
1.51
1.50999
1.50999
1.50999
1.50999
1.50999
1.50999
1.50999
1.50999
1.50999
1.50998
1.50999
1.50998
1.50998
1.50998
1.50998
1.50998
1.50999
1.50999
1.50999
1.50999
1.50999
1.50999
1.51
1.50999
1.50999
1.51
1.51
1.51
1.50999
1.50998
1.50999
1.50999
1.50999
1.51
1.50999
1.50999
1.50999
1.51
1.50999
1.50999
1.50998
1.50999
1.50998
1.50998
1.50999
1.50998
1.50998
1.50997
1.50533
1.50533
1.50534
1.50534
1.50535
1.50535
1.50536
1.50537
1.50537
1.50537
1.50537
1.50538
1.50537
1.50537
1.50536
1.50537
1.50536
1.50536
1.50535
1.50534
1.50534
1.50533
1.50533
1.50533
1.50532
1.50532
1.50533
1.50533
1.50533
1.50534
1.50533
1.50534
1.50534
1.50534
1.50534
1.50532
1.50533
1.50533
1.50532
1.50533
1.50532
1.50532
1.50531
1.50531
1.50531
1.50531
1.50533
1.50532
1.50532
1.50532
1.50532
1.50532
1.50532
1.50531
1.50531
1.50531
1.50531
1.5053
1.50531
1.50531
1.50531
1.5053
1.5053
1.50529
1.50528
1.50528
1.50528
1.50528
1.50528
1.50528
1.50528
1.50528
1.50528
1.50527
1.50527
1.50527
1.50527
1.50527
1.50527
1.50527
1.50528
1.50528
1.50528
1.50528
1.50528
1.50529
1.50529
1.50529
1.50529
1.5053
1.5053
1.5053
1.50529
1.50529
1.50528
1.50529
1.50529
1.5053
1.50529
1.50529
