0.392438   -0.0616018   -0.319073
-0.256959   -0.265955   0.17897
-0.346899   -0.368459   -0.222714
-0.147989   0.0142452   -0.102025
-0.498894   0.145267   -0.279693
-0.4866   0.320697   0.47318
0.234041   -0.368959   0.0307283
-0.187279   -0.168305   -0.0163698
0.404044   0.133655   -0.442041
0.229799   0.378709   0.480223
0.161871   -0.449569   0.194033
0.260095   0.404969   -0.159995
0.47341   0.207041   0.293053
0.2925   -0.273253   0.359592
-0.423446   0.0210174   0.34025
-0.0562504   0.19789   -0.448478
-0.0327395   0.309773   0.290947
0.133185   0.0239634   -0.459912
-0.331031   -0.206341   -0.222313
0.0218623   -0.122616   -0.489553
-0.0393629   -0.31876   -0.300989
0.34729   0.150664   0.498093
0.113181   0.435621   0.179346
0.421867   -0.216552   0.362649
-0.287469   0.131156   -0.484067
0.0172436   -0.326181   -0.493921
0.464452   0.419713   0.0566919
-0.228237   0.0787594   -0.0213584
-0.283971   0.0787861   0.428105
-0.310466   0.369181   -0.14383
-0.232023   0.406625   0.378411
0.287679   0.354688   -0.407372
0.369845   0.015008   -0.476823
-0.292085   0.120467   -0.157734
0.115789   0.341996   0.438744
-0.175463   0.491228   0.469105
-0.23981   -0.23992   -0.423522
-0.385945   -0.269906   -0.204342
-0.36796   0.352477   -0.244464
-0.229125   -0.17821   0.293392
0.247446   0.380735   -0.244215
0.211133   -0.400544   -0.224304
-0.023288   -0.416077   0.340471
-0.206673   -0.387423   0.0998918
-0.335941   0.362966   0.148804
-0.0235265   0.404327   0.414141
-0.312506   -0.220107   0.246473
0.304875   -0.0985322   -0.134048
0.355046   0.179623   -0.0553634
-0.281448   -0.0615477   0.44384
0.441501   -0.112355   -0.236073
-0.0347516   -0.0549045   -0.302543
0.242753   -0.0583736   0.117807
0.407995   0.252981   -0.471536
-0.365382   0.416616   -0.445841
0.205095   0.238194   0.359769
0.240366   0.262242   -0.0803403
0.0472475   0.0332899   0.104788
0.22218   0.260969   0.495095
0.354064   0.44289   0.44333
-0.331483   -0.434902   -0.106339
-0.238182   0.34985   0.111419
0.171599   0.45512   0.391829
-0.176546   0.176714   0.0480343
0.497118   -0.42232   -0.0165695
-0.103915   -0.349928   -0.071551
0.252764   -0.481296   0.218727
0.252344   -0.269351   0.249225
-0.0915844   0.211711   -0.233324
0.0625883   -0.393612   -0.429036
0.13798   0.237952   0.481406
-0.325477   -0.0273639   -0.26843
0.494298   -0.217255   -0.492948
-0.31252   -0.370539   0.328337
0.444307   0.11972   0.341559
-0.248164   -0.385826   -0.23323
-0.256161   -0.424212   0.357745
-0.0832044   -0.135486   0.237395
0.125773   -0.114864   0.388962
-0.201216   0.0876911   -0.331327
-0.381854   -0.359698   0.0728891
0.365814   0.472575   0.167369
-0.322221   0.31475   0.30529
0.384581   0.327113   0.384876
0.356017   -0.416179   0.413189
0.242286   0.081896   0.0855523
0.459061   -0.427305   -0.417918
-0.448693   -0.0946897   0.0183352
-0.399627   -0.044436   -0.17008
-0.325019   -0.0240862   0.0981631
0.0770825   0.123613   -0.142905
-0.0151732   -0.0420396   0.244658
0.396013   -0.199713   0.47437
0.348136   0.42124   -0.112593
-0.0405238   -0.204085   0.0501804
-0.242557   0.201147   0.223477
-0.394439   0.311437   0.485316
-0.407325   0.407109   -0.0544502
0.48707   0.226775   -0.485384
-0.12714   -0.153118   0.322004
0.456582   0.341364   0.178856
-0.210323   0.321596   0.0225284
-0.329418   -0.0781294   -0.43173
-0.0285149   -0.00200656   0.148904
-0.16458   -0.374808   -0.497171
0.197494   0.322032   -0.118319
0.299161   -0.458163   0.463983
0.0772455   -0.11226   0.081764
