0.39323   -0.0609632   -0.319633
-0.257569   -0.264809   0.179511
-0.347243   -0.36923   -0.222279
-0.148123   0.0140865   -0.102195
-0.499552   0.146179   -0.27978
-0.487764   0.320419   0.473497
0.233818   -0.368817   0.0306057
-0.187067   -0.168764   -0.0165875
0.403837   0.13372   -0.441804
0.230198   0.379007   0.47983
0.161753   -0.449148   0.194762
0.260533   0.405637   -0.160227
0.474596   0.207339   0.293048
0.293084   -0.273378   0.359571
-0.423153   0.0212541   0.341041
-0.0568479   0.198115   -0.448631
-0.03166   0.309284   0.291111
0.133327   0.0238098   -0.460008
-0.3313   -0.206291   -0.222728
0.0218567   -0.122578   -0.488992
-0.0391507   -0.318892   -0.301112
0.347072   0.150769   0.497822
0.113311   0.434828   0.179463
0.422109   -0.216441   0.362814
-0.286591   0.131296   -0.483154
0.0172461   -0.3263   -0.493412
0.464156   0.419257   0.0573175
-0.228069   0.0788107   -0.0217743
-0.283611   0.0784163   0.428106
-0.310106   0.369153   -0.143949
-0.232251   0.4062   0.378797
0.287793   0.354121   -0.406687
0.370134   0.0155693   -0.476852
-0.292428   0.120892   -0.158234
0.114799   0.342614   0.438881
-0.175504   0.490899   0.469123
-0.240087   -0.240472   -0.423228
-0.38539   -0.269646   -0.2046
-0.368444   0.35262   -0.243952
-0.229193   -0.178447   0.292607
0.246625   0.380869   -0.244193
0.211308   -0.400495   -0.224277
-0.0232817   -0.415903   0.340195
-0.206396   -0.387946   0.099988
-0.335891   0.363634   0.148846
-0.023354   0.404357   0.414723
-0.313522   -0.220289   0.246144
0.304855   -0.0991665   -0.133977
0.355171   0.179422   -0.0553707
-0.281347   -0.061436   0.443708
0.441478   -0.111838   -0.235832
-0.0339563   -0.0551021   -0.30227
0.242435   -0.0582581   0.117425
0.407883   0.252389   -0.471552
-0.365338   0.416443   -0.446048
0.205115   0.237328   0.35925
0.239948   0.262144   -0.0804002
0.0477993   0.0339773   0.104968
0.221856   0.261583   0.495756
0.35383   0.44259   0.442777
-0.331529   -0.435089   -0.107087
-0.238342   0.349751   0.111013
0.171859   0.454826   0.390926
-0.176599   0.176411   0.0473038
0.496637   -0.42164   -0.0166525
-0.103642   -0.349799   -0.0715858
0.252461   -0.481609   0.218102
0.251662   -0.269927   0.248754
-0.0912335   0.211902   -0.232918
0.0624038   -0.393155   -0.429386
0.138344   0.238417   0.481141
-0.325155   -0.026944   -0.268651
0.494637   -0.217915   -0.493194
-0.312274   -0.370901   0.328417
0.444475   0.12029   0.341493
-0.248189   -0.385319   -0.233413
-0.256387   -0.424082   0.35703
-0.0836321   -0.135875   0.237843
0.125504   -0.115226   0.389277
-0.201554   0.0871036   -0.331671
-0.381505   -0.358789   0.0733257
0.365941   0.472958   0.167523
-0.322032   0.313813   0.305082
0.384466   0.327549   0.384821
0.355734   -0.415984   0.413425
0.242162   0.0812945   0.0858463
0.458669   -0.427082   -0.417293
-0.448491   -0.0947587   0.018445
-0.399155   -0.0444031   -0.170453
-0.325421   -0.0251048   0.098799
0.0769671   0.1234   -0.142399
-0.0152542   -0.0422422   0.243352
0.395262   -0.200124   0.473955
0.347825   0.421351   -0.112069
-0.0402524   -0.204024   0.0505634
-0.242849   0.201281   0.224046
-0.393847   0.311794   0.484735
-0.407631   0.407528   -0.0544909
0.486738   0.226908   -0.485516
-0.127375   -0.153858   0.321568
0.457133   0.340996   0.17884
-0.209965   0.321675   0.0226894
-0.329105   -0.077346   -0.432054
-0.0288246   -0.0016225   0.149034
-0.164226   -0.37534   -0.496653
0.197953   0.321839   -0.117763
0.299306   -0.457865   0.463817
0.0776061   -0.111761   0.0822225
