-0.302444
-0.302868
-0.302981
-0.302796
-0.302275
-0.301385
-0.300076
-0.298307
-0.296011
-0.293183
-0.289873
-0.286239
-0.282517
-0.279026
-0.276147
-0.274126
-0.273073
-0.272817
-0.273003
-0.273191
-0.272963
-0.272035
-0.270322
-0.267928
-0.265184
-0.262542
-0.26058
-0.259832
-0.260684
-0.263275
-0.267432
-0.272771
-0.278731
-0.284702
-0.29019
-0.294758
-0.298071
-0.299805
-0.299673
-0.297265
-0.292124
-0.2838
-0.272102
-0.257523
-0.241741
-0.227756
-0.219075
-0.218113
-0.224875
-0.237261
-0.252306
-0.267473
-0.281098
-0.292373
-0.301118
-0.307486
-0.311801
-0.314396
-0.315581
-0.315625
-0.314783
-0.313285
-0.311432
-0.309502
-0.307765
-0.306395
-0.305375
-0.304486
-0.303339
-0.301555
-0.298855
-0.295269
-0.291182
-0.287217
-0.283923
-0.28153
-0.279834
-0.278388
-0.276809
-0.274943
-0.272778
-0.270212
-0.266926
-0.262478
-0.256572
-0.249284
-0.241185
-0.233253
-0.226676
-0.222571
-0.221778
-0.224689
-0.231086
-0.240179
-0.250801
-0.261655
-0.271645
-0.279971
-0.286205
-0.290264
-0.292341
-0.292848
-0.292346
-0.291471
-0.290797
-0.290802
-0.291805
-0.293976
-0.2973
-0.301615
-0.306643
-0.312003
-0.317279
-0.322104
-0.326209
-0.329453
-0.331782
-0.333245
-0.333904
-0.333886
-0.333287
-0.332217
-0.33077
-0.329
-0.326976
-0.324736
-0.322303
-0.319713
-0.317009
-0.314282
-0.311633
-0.309239
-0.307326
-0.3061
-0.305705
-0.30621
-0.307536
-0.309554
-0.311984
-0.314605
-0.317201
-0.319592
-0.321647
-0.323287
-0.32446
-0.325148
-0.325374
-0.325199
-0.324708
-0.324022
-0.32331
-0.322767
-0.322582
-0.322969
-0.324065
-0.325973
-0.328687
-0.332124
-0.336116
-0.340435
-0.344843
-0.349114
-0.353054
-0.356551
-0.359547
-0.36204
-0.364073
-0.365697
-0.366975
-0.367952
-0.368638
-0.369064
-0.3692
-0.369045
-0.368551
-0.367708
-0.366513
-0.364963
-0.363086
-0.360932
-0.358612
-0.3562
-0.35383
-0.351669
-0.34988
-0.348646
-0.348089
-0.348249
-0.349047
-0.35026
-0.351569
-0.352594
-0.352974
-0.352456
-0.350932
-0.348411
-0.345105
-0.341314
-0.337441
-0.333897
-0.331044
-0.329132
-0.328251
-0.32834
-0.329189
-0.330552
-0.33221
-0.33402
-0.335923
-0.337999
-0.340382
-0.343224
-0.346655
-0.350679
-0.355182
-0.359969
-0.36479
-0.369332
-0.373347
-0.376612
-0.378953
-0.380226
-0.380322
-0.37913
-0.376571
-0.372587
-0.367221
-0.36074
-0.353648
-0.346808
-0.341286
-0.338069
-0.337689
-0.340019
-0.344327
-0.349598
-0.354852
-0.359361
-0.362677
-0.364474
-0.364534
-0.362673
-0.358704
-0.352613
-0.344716
-0.335842
-0.327417
-0.321158
-0.318365
-0.319289
-0.323064
-0.328169
-0.33317
-0.337122
-0.339619
-0.340645
-0.340465
-0.339505
-0.338264
-0.33722
-0.336739
-0.337013
-0.338083
-0.339852
-0.342132
-0.344705
-0.347307
-0.349646
-0.351437
-0.352482
-0.352635
-0.351855
-0.350175
-0.347672
-0.344479
-0.340714
-0.336593
-0.33249
-0.328973
-0.326698
-0.326151
-0.327346
-0.32977
-0.332562
-0.334916
-0.336274
-0.336462
-0.335596
-0.333979
-0.331967
-0.329896
-0.328005
-0.326442
-0.325291
-0.324548
-0.324182
-0.324119
-0.32424
-0.324436
-0.324563
-0.324489
-0.324076
-0.323212
-0.321788
-0.319702
-0.31689
-0.313336
-0.30912
-0.3045
-0.299956
-0.296077
-0.29357
-0.292888
-0.294135
-0.297001
-0.300846
-0.304954
-0.308739
-0.311826
-0.314004
-0.315222
-0.3155
-0.314894
-0.313477
-0.311312
-0.308485
-0.305096
-0.3013
-0.297342
-0.293542
-0.290242
-0.287807
-0.286468
-0.286344
-0.28731
-0.289087
-0.291333
-0.293699
-0.295903
-0.297756
-0.299166
-0.300126
-0.300642
-0.300785
-0.300621
-0.30023
-0.299691
-0.299075
-0.298454
-0.297891
-0.297426
-0.297118
-0.296958
-0.296956
-0.297108
-0.297395
-0.297776
-0.298238
-0.298741
-0.299254
-0.29979
-0.300324
-0.300855
-0.301376
-0.30188
-0.302334
-0.302702
-0.302936
-0.30299
-0.302825
-0.30238
-0.301653
-0.300651
-0.299423
-0.29804
-0.296561
-0.295031
-0.29343
-0.291694
-0.289715
-0.287257
-0.284137
-0.280176
-0.27528
-0.26958
-0.263477
-0.257678
-0.253077
-0.250562
-0.250681
-0.253516
-0.258568
-0.265079
-0.272167
-0.279077
-0.28526
-0.290359
-0.294221
-0.296831
-0.298294
-0.298796
-0.298547
-0.297823
-0.296852
-0.295853
-0.294968
-0.294269
-0.293731
-0.293315
-0.292936
-0.292512
-0.291993
-0.291342
-0.290573
-0.289713
-0.288792
-0.287853
-0.28694
-0.286086
-0.285314
-0.284655
-0.284113
-0.283732
-0.283504
-0.283429
-0.283536
-0.283801
-0.284205
-0.284722
-0.285294
-0.285868
-0.286397
-0.286854
-0.287197
-0.287418
-0.287537
-0.287627
-0.287757
-0.288057
-0.288624
-0.289572
-0.290985
-0.292867
-0.295182
-0.297822
-0.300625
-0.303438
-0.306105
-0.308456
-0.310357
-0.311692
-0.31237
-0.312331
-0.311542
-0.310007
-0.307769
-0.304954
-0.301746
-0.298366
-0.295046
-0.291961
-0.289219
-0.28685
-0.284842
-0.283146
-0.281737
-0.280605
-0.279793
-0.279337
-0.27927
-0.279632
-0.280427
-0.281597
-0.283009
-0.284463
-0.285736
-0.286689
-0.287371
-0.288001
-0.289025
-0.290884
-0.293841
-0.297867
-0.302629
-0.307616
-0.312332
-0.316409
-0.31964
-0.321939
-0.323353
-0.323936
-0.3238
-0.323034
-0.321726
-0.319953
-0.317814
-0.315411
-0.31286
-0.310306
-0.307928
-0.305895
-0.304369
-0.303491
-0.303316
-0.303837
-0.304997
-0.306622
-0.308564
-0.310641
-0.312709
-0.314684
-0.316558
-0.318374
-0.320199
-0.322131
-0.324232
-0.326513
-0.328909
-0.331274
-0.333441
-0.335214
-0.33648
-0.337188
-0.337439
-0.337469
-0.337655
-0.338426
-0.340125
-0.342899
-0.346665
-0.351072
-0.35562
-0.359828
-0.363284
-0.365686
-0.366834
-0.366663
-0.365151
-0.362315
-0.35827
-0.353181
-0.347302
-0.340997
-0.334762
-0.329169
-0.324881
-0.322608
-0.322981
-0.326392
-0.332816
-0.341712
-0.352154
-0.36313
-0.373701
-0.383211
-0.391294
-0.397783
-0.402712
-0.406201
-0.408459
-0.409725
-0.41027
-0.410321
-0.410055
-0.409596
-0.409003
-0.408238
-0.407313
-0.406214
-0.405021
-0.403879
-0.403004
-0.402663
-0.403134
-0.404663
-0.407368
-0.411214
-0.415949
-0.42116
-0.42636
-0.431047
-0.434876
-0.437718
-0.439648
-0.440908
-0.441925
-0.443104
-0.444764
-0.447014
-0.449751
-0.452655
-0.455308
-0.457264
-0.458114
-0.457495
-0.455118
-0.450778
-0.444398
-0.436117
-0.426352
-0.415811
-0.405394
-0.396034
-0.388307
-0.382329
-0.377797
-0.374228
-0.371334
-0.369197
-0.368223
-0.368905
-0.371537
-0.375912
-0.381416
-0.38715
-0.392293
-0.396285
-0.398945
-0.400446
-0.40117
-0.401586
-0.402089
-0.402875
-0.403943
-0.405147
-0.406258
-0.407078
-0.407454
-0.407264
-0.406518
-0.405256
-0.403604
-0.401769
-0.400001
-0.398601
-0.39781
-0.397792
-0.398523
-0.399884
-0.401613
-0.403436
-0.405081
-0.406359
-0.407129
-0.407325
-0.406913
-0.405872
-0.40418
-0.401799
-0.398711
-0.394851
-0.390195
-0.384716
-0.378479
-0.371662
-0.36459
-0.357765
-0.351801
-0.347289
-0.344667
-0.344048
-0.345271
-0.347894
-0.351377
-0.355263
-0.359188
-0.362925
-0.366337
-0.369347
-0.371925
-0.374063
-0.375751
-0.376987
-0.377763
-0.378079
-0.377925
-0.377288
-0.376177
-0.374631
-0.37269
-0.370411
-0.367916
-0.365328
-0.362818
-0.360536
-0.358642
-0.357256
-0.356436
-0.35621
-0.356516
-0.357331
-0.35854
-0.360091
-0.361893
-0.363879
-0.36598
-0.368128
-0.370267
-0.372328
-0.374262
-0.376003
-0.377516
-0.378744
-0.37969
-0.380318
-0.380595
-0.380507
-0.380055
-0.37923
-0.378009
-0.376393
-0.374348
-0.37189
-0.368998
-0.365687
-0.361986
-0.357932
-0.353657
-0.349308
-0.345124
-0.341397
-0.338405
-0.336418
-0.335568
-0.33588
-0.337218
-0.339371
-0.34208
-0.345097
-0.348244
-0.351372
-0.354398
-0.357275
-0.359947
-0.362352
-0.364451
-0.36616
-0.367413
-0.368174
-0.368444
-0.368238
-0.367618
-0.366667
-0.365491
-0.364196
-0.362899
-0.361688
-0.360616
-0.359701
-0.35894
-0.3583
-0.357692
-0.357059
-0.356358
-0.355554
-0.354635
-0.353635
-0.352604
-0.351594
-0.350677
-0.34993
-0.349384
-0.349105
-0.349108
-0.349406
-0.350011
-0.350895
-0.352047
-0.353435
-0.355029
-0.35679
-0.358666
-0.36063
-0.362648
-0.364677
-0.366729
-0.368782
-0.370839
-0.372906
-0.374974
-0.377022
-0.379009
-0.380885
-0.382572
-0.383953
-0.384914
-0.385305
-0.384998
-0.383906
-0.381983
-0.379288
-0.376049
-0.372635
-0.36949
-0.367114
-0.365824
-0.365669
-0.366374
-0.367396
-0.368041
-0.367575
-0.365318
-0.360644
-0.353017
-0.342063
-0.327852
-0.311329
-0.294856
-0.282085
-0.276542
-0.279511
-0.289074
-0.301593
-0.313816
-0.32402
-0.331885
-0.337862
-0.342632
-0.346779
-0.350644
-0.354309
-0.357774
-0.361057
-0.364187
-0.367166
-0.369936
-0.372321
-0.374128
-0.375206
-0.375535
-0.375212
-0.374462
-0.37356
-0.372731
-0.372171
-0.371956
-0.372089
-0.372456
-0.372939
-0.373404
-0.373735
-0.373827
-0.37363
-0.373095
-0.372226
-0.371034
-0.369556
-0.367829
-0.365891
-0.363801
-0.361611
-0.359356
-0.357082
-0.354836
-0.352635
-0.350477
-0.34838
-0.346304
-0.344198
-0.342038
-0.339747
-0.33728
-0.334609
-0.331768
-0.328808
-0.325816
-0.32292
-0.320252
-0.317888
-0.315854
-0.314134
-0.312671
-0.311399
-0.310253
-0.30919
-0.308173
-0.307215
-0.306386
-0.305839
-0.305851
-0.306662
-0.308443
-0.311122
-0.314442
-0.317999
-0.321368
-0.32424
-0.326412
-0.327818
-0.328475
-0.328476
-0.327912
-0.326897
-0.325495
-0.323787
-0.321837
-0.319679
-0.317326
-0.3148
-0.312114
-0.30932
-0.306451
-0.303582
-0.300836
-0.298368
-0.296304
-0.29481
-0.294002
-0.293906
-0.294466
-0.295595
-0.297144
-0.29895
-0.300888
-0.302826
-0.304717
-0.306509
-0.308182
-0.309734
-0.31118
-0.312537
-0.313814
-0.315021
-0.316184
-0.317291
-0.318352
-0.319355
-0.320287
-0.321128
-0.321865
-0.322481
-0.322957
-0.323263
-0.323411
-0.323396
-0.323275
-0.323122
-0.323049
-0.323195
-0.323733
-0.324759
-0.326273
-0.328144
-0.330084
-0.331692
-0.33257
-0.332311
-0.330682
-0.327629
-0.323292
-0.318011
-0.312154
-0.306076
-0.29999
-0.294183
-0.28914
-0.28577
-0.285215
-0.288385
-0.29539
-0.305409
-0.316923
-0.328294
-0.338193
-0.345839
-0.350906
-0.353466
-0.353766
-0.352207
-0.349275
-0.345503
-0.34146
-0.337652
-0.334456
-0.332037
-0.330388
-0.329406
-0.329057
-0.329457
-0.330842
-0.333392
-0.337024
-0.34131
-0.345622
-0.349297
-0.351861
-0.353079
-0.352963
-0.351713
-0.349607
-0.34698
-0.344192
-0.341559
-0.339367
-0.337854
-0.337204
-0.337529
-0.338811
-0.340992
-0.343881
-0.347236
-0.350768
-0.354214
-0.357342
-0.36001
-0.362113
-0.363612
-0.364557
-0.365008
-0.365066
-0.364851
-0.364507
-0.364147
-0.363857
-0.363666
-0.363514
-0.363299
-0.362904
-0.362257
-0.361327
-0.360199
-0.359016
-0.357903
-0.35696
-0.356103
-0.355177
-0.353894
-0.352006
-0.349313
-0.345766
-0.341488
-0.336737
-0.331903
-0.327417
-0.323638
-0.320822
-0.319077
-0.318381
-0.318666
-0.31989
-0.322061
-0.325235
-0.329429
-0.334506
-0.34018
-0.34606
-0.351721
-0.356836
-0.361153
-0.364563
-0.367057
-0.36864
-0.369351
-0.369192
-0.368181
-0.366296
-0.363512
-0.359844
-0.355331
-0.350114
-0.344447
-0.338695
-0.33331
-0.328693
-0.3252
-0.322961
-0.321927
-0.321899
-0.322658
-0.324054
-0.32605
-0.328711
-0.332164
-0.33648
-0.341533
-0.347068
-0.352671
-0.357901
-0.3624
-0.36592
-0.368353
-0.369718
-0.370125
-0.369714
-0.368631
-0.367025
-0.365011
-0.362633
-0.359871
-0.356725
-0.35311
-0.348953
-0.34425
-0.339035
-0.333434
-0.327691
-0.322124
-0.31708
-0.31292
-0.309933
-0.308261
-0.307919
-0.308787
-0.310664
-0.31337
-0.316808
-0.320889
-0.32556
-0.330761
-0.336348
-0.342119
-0.347807
-0.353143
-0.357921
-0.362011
-0.365355
-0.367997
-0.370017
-0.37154
-0.372705
-0.373627
-0.374425
-0.375176
-0.375928
-0.376699
-0.377497
-0.378308
-0.379118
-0.379896
-0.380618
-0.381261
-0.381798
-0.382201
-0.382457
-0.382526
-0.382382
-0.382
-0.381332
-0.380354
-0.379017
-0.377277
-0.375092
-0.372442
-0.369277
-0.365606
-0.361449
-0.356868
-0.352004
-0.347064
-0.34235
-0.338216
-0.335076
-0.3333
-0.333099
-0.334435
-0.337019
-0.340433
-0.344201
-0.347894
-0.35127
-0.354145
-0.356411
-0.358047
-0.359069
-0.359502
-0.359453
-0.359094
-0.358657
-0.358379
-0.358495
-0.359165
-0.360435
-0.362247
-0.364453
-0.3668
-0.369046
-0.370937
-0.372268
-0.372877
-0.372665
-0.371546
-0.369539
-0.366624
-0.362869
-0.35834
-0.35317
-0.347568
-0.341798
-0.336212
-0.331175
-0.327033
-0.324096
-0.322602
-0.322691
-0.324389
-0.3276
-0.332076
-0.337461
-0.343318
-0.349216
-0.35479
-0.359773
-0.364024
-0.367506
-0.370228
-0.372262
-0.373677
-0.37455
-0.374946
-0.374921
-0.374486
-0.373692
-0.372536
-0.371026
-0.369177
-0.367066
-0.364776
-0.362415
-0.360117
-0.358
-0.356101
-0.354423
-0.352875
-0.351281
-0.349475
-0.347359
-0.34499
-0.342574
-0.340428
-0.33886
-0.338071
-0.338063
-0.338608
-0.339333
-0.339835
-0.339714
-0.338576
-0.336031
-0.331693
-0.325303
-0.317055
-0.308017
-0.300427
-0.297239
-0.300552
-0.310143
-0.323438
-0.337023
-0.348203
-0.355468
-0.358314
-0.356899
-0.352014
-0.345123
-0.338376
-0.334118
-0.333856
-0.337533
-0.343707
-0.350558
-0.356781
-0.361927
-0.36617
-0.369943
-0.373636
-0.377429
-0.381279
-0.385018
-0.388396
-0.391215
-0.393313
-0.394609
-0.395128
-0.394916
-0.394114
-0.392873
-0.391354
-0.38973
-0.388135
-0.386599
-0.385105
-0.383526
-0.381713
-0.379529
-0.376865
-0.373692
-0.370011
-0.365894
-0.361387
-0.356495
-0.3512
-0.345537
-0.339678
-0.33397
-0.329016
-0.325461
-0.323875
-0.324471
-0.327095
-0.331266
-0.336305
-0.341553
-0.346432
-0.35058
-0.3538
-0.356093
-0.357607
-0.358485
-0.358932
-0.359139
-0.359237
-0.359337
-0.35946
-0.359603
-0.359764
-0.359884
-0.359945
-0.35993
-0.359835
-0.359677
-0.359487
-0.359281
-0.359091
-0.358928
-0.358798
-0.358695
-0.358608
-0.358511
-0.358374
-0.358146
-0.357789
-0.357222
-0.356382
-0.355207
-0.353617
-0.351563
-0.349037
-0.346043
-0.342744
-0.339321
-0.336087
-0.333341
-0.331388
-0.330375
-0.330332
-0.331125
-0.332515
-0.334263
-0.336135
-0.338018
-0.339826
-0.341506
-0.343047
-0.344418
-0.345578
-0.346464
-0.347012
-0.347139
-0.346784
-0.345886
-0.344414
-0.342347
-0.339694
-0.336508
-0.332897
-0.32901
-0.325027
-0.321166
-0.317629
-0.314619
-0.312262
-0.310645
-0.309745
-0.309524
-0.309874
-0.310629
-0.311632
-0.312697
-0.313662
-0.314386
-0.314778
-0.314767
-0.314265
-0.313191
-0.311421
-0.308791
-0.30519
-0.300622
-0.295317
-0.289901
-0.28535
-0.282708
-0.28265
-0.285123
-0.289295
-0.293994
-0.298155
-0.301166
-0.302879
-0.303524
-0.303528
-0.303366
-0.303431
-0.303929
-0.304946
-0.306401
-0.308088
-0.309828
-0.311466
-0.31287
-0.314008
-0.314846
-0.315413
-0.315752
-0.315887
-0.315877
-0.31575
-0.315567
-0.315351
-0.315126
-0.314918
-0.314757
-0.31465
-0.31462
-0.31466
-0.31478
-0.314996
-0.315304
-0.315694
-0.316179
-0.316754
-0.317405
-0.318141
-0.318942
-0.319809
-0.320719
-0.321666
-0.32266
-0.323674
-0.324686
-0.325685
-0.326656
-0.327582
-0.328426
-0.329174
-0.329784
-0.330219
-0.330454
-0.330439
-0.330106
-0.329423
-0.3283
-0.326686
-0.324527
-0.321766
-0.318424
-0.314546
-0.310351
-0.306135
-0.302383
-0.299652
-0.298501
-0.299344
-0.302274
-0.307068
-0.313211
-0.3201
-0.327109
-0.333778
-0.339793
-0.345015
-0.349394
-0.352986
-0.355882
-0.358193
-0.360025
-0.361483
-0.362705
-0.363754
-0.364732
-0.365694
-0.366698
-0.367803
-0.369004
-0.370326
-0.371732
-0.37322
-0.374743
-0.376268
-0.377746
-0.379123
-0.380332
-0.381351
-0.38211
-0.382576
-0.382725
-0.382551
-0.38205
-0.381259
-0.380199
-0.378958
-0.377618
-0.376277
-0.375081
-0.374139
-0.373572
-0.373465
-0.373885
-0.374798
-0.37617
-0.377869
-0.379725
-0.381544
-0.383119
-0.384269
-0.384845
-0.384745
-0.383953
-0.382517
-0.380564
-0.378257
-0.375791
-0.373368
-0.371153
-0.369341
-0.368135
-0.367779
-0.368518
-0.370542
-0.373867
-0.378297
-0.383528
-0.389166
-0.394865
-0.400362
-0.405468
-0.410069
-0.414096
-0.417484
-0.420188
-0.422166
-0.423385
-0.423815
-0.423404
-0.422127
-0.419955
-0.416884
-0.412955
-0.408328
-0.403279
-0.398234
-0.393707
-0.390181
-0.38794
-0.387019
-0.387213
-0.388163
-0.389566
-0.391191
-0.392971
-0.394806
-0.396545
-0.397819
-0.397983
-0.396064
-0.39082
-0.38085
-0.364944
-0.342703
-0.315618
-0.288071
-0.266985
-0.259071
-0.266802
-0.286821
-0.312425
-0.337415
-0.358201
-0.373659
-0.384129
-0.390553
-0.393939
-0.395156
-0.394862
-0.393518
-0.391472
-0.388911
-0.385932
-0.382585
-0.378836
-0.374679
-0.370081
-0.365103
-0.359871
-0.35465
-0.349861
-0.345971
-0.343414
-0.342443
-0.34303
-0.344907
-0.347606
-0.350658
-0.353644
-0.356311
-0.358498
-0.360142
-0.361281
-0.361932
-0.362151
-0.361972
-0.361426
-0.360493
-0.359157
-0.357373
-0.355064
-0.352167
-0.348645
-0.344515
-0.339917
-0.335144
-0.330654
-0.326997
-0.324674
-0.323929
-0.324703
-0.326596
-0.329031
-0.331419
-0.333301
-0.33439
-0.334604
-0.334039
-0.33289
-0.331472
-0.330147
-0.329275
-0.329131
-0.329905
-0.331596
-0.334052
-0.337036
-0.340241
-0.343368
-0.346201
-0.348575
-0.350372
-0.351576
-0.352216
-0.35235
-0.352039
-0.351336
-0.3503
-0.348955
-0.3473
-0.345299
-0.342926
-0.340189
-0.337162
-0.33401
-0.331011
-0.328491
-0.326833
-0.326327
-0.32719
-0.329454
-0.333001
-0.33754
-0.342694
-0.348068
-0.353325
-0.358182
-0.36247
-0.366101
-0.369078
-0.371436
-0.373259
-0.374644
-0.375689
-0.376508
-0.377217
-0.377886
-0.378588
-0.379377
-0.380258
-0.381238
-0.382283
-0.383321
-0.384292
-0.385114
-0.385691
-0.385927
-0.385729
-0.384993
-0.383622
-0.381519
-0.37859
-0.374746
-0.369938
-0.364147
-0.357435
-0.350034
-0.34244
-0.335452
-0.330177
-0.32773
-0.328943
-0.333993
-0.342293
-0.352779
-0.364232
-0.375624
-0.386213
-0.395562
-0.403443
-0.409783
-0.414584
-0.417877
-0.419693
-0.420072
-0.419053
-0.416682
-0.413046
-0.408318
-0.402792
-0.396924
-0.391437
-0.387114
-0.384706
-0.384576
-0.386505
-0.389794
-0.393455
-0.396599
-0.398589
-0.399089
-0.398033
-0.395579
-0.392025
-0.387785
-0.383362
-0.379338
-0.376322
-0.374866
-0.375396
-0.378129
-0.382963
-0.389517
-0.397174
-0.405234
-0.412974
-0.419718
-0.424919
-0.428139
-0.429041
-0.427419
-0.423266
-0.41681
-0.408631
-0.399622
-0.390851
-0.383264
-0.377402
-0.373258
-0.370554
-0.369096
-0.36905
-0.370802
-0.374532
-0.37991
-0.386183
-0.392562
-0.398481
-0.403697
-0.408135
-0.411809
-0.414731
-0.416886
-0.418286
-0.418986
-0.419031
-0.418465
-0.417309
-0.415535
-0.413117
-0.409988
-0.406119
-0.401542
-0.396384
-0.390841
-0.385209
-0.379747
-0.374648
-0.369977
-0.365747
-0.361982
-0.358856
-0.356599
-0.355507
-0.355738
-0.357249
-0.359801
-0.36304
-0.366544
-0.370017
-0.373231
-0.376077
-0.378511
-0.380585
-0.382321
-0.383798
-0.385087
-0.386219
-0.387257
-0.388228
-0.389183
-0.39012
-0.391059
-0.392001
-0.392945
-0.393881
-0.394791
-0.395665
-0.396481
-0.397215
-0.397848
-0.398393
-0.398831
-0.399162
-0.399387
-0.399495
-0.39949
-0.399344
-0.399057
-0.398578
-0.397896
-0.396956
-0.395722
-0.394183
-0.392343
-0.390251
-0.388012
-0.385769
-0.383721
-0.382073
-0.380964
-0.380501
-0.38069
-0.38147
-0.38273
-0.384327
-0.386146
-0.388063
-0.389992
-0.391869
-0.39362
-0.395206
-0.396591
-0.397784
-0.398818
-0.399734
-0.400611
-0.40153
-0.40252
-0.403591
-0.404675
-0.405697
-0.406506
-0.406919
-0.406791
-0.406003
-0.404492
-0.402293
-0.399613
-0.396759
-0.394157
-0.392241
-0.391313
-0.39147
-0.392569
-0.394244
-0.396058
-0.397587
-0.398524
-0.398695
-0.398013
-0.396504
-0.394214
-0.391264
-0.38778
-0.383969
-0.380014
-0.376169
-0.372691
-0.36982
-0.367792
-0.36674
-0.366701
-0.367644
-0.369413
-0.371799
-0.374579
-0.377525
-0.380431
-0.383147
-0.385565
-0.387633
-0.389318
-0.39061
-0.391552
-0.392189
-0.392578
-0.392784
-0.392854
-0.392835
-0.392763
-0.392649
-0.392463
-0.392142
-0.391613
-0.390786
-0.389584
-0.387946
-0.385891
-0.383543
-0.381096
-0.378845
-0.377097
-0.376134
-0.376077
-0.376949
-0.378592
-0.380776
-0.383261
-0.385803
-0.388188
-0.390227
-0.391769
-0.392648
-0.392712
-0.391886
-0.390105
-0.387421
-0.383982
-0.380015
-0.375921
-0.372137
-0.36908
-0.367073
-0.36625
-0.366519
-0.367611
-0.369176
-0.370854
-0.372387
-0.373602
-0.374467
-0.374982
-0.375224
-0.375272
-0.375206
-0.375059
-0.37485
-0.374545
-0.374147
-0.373636
-0.373029
-0.372374
-0.371794
-0.371416
-0.371402
-0.371895
-0.372962
-0.374616
-0.37668
-0.378892
-0.380882
-0.382215
-0.382473
-0.38129
-0.378366
-0.373516
-0.366684
-0.358066
-0.34816
-0.337884
-0.328554
-0.321627
-0.318269
-0.318971
-0.323339
-0.330367
-0.338802
-0.347525
-0.355736
-0.362985
-0.369105
-0.374124
-0.378153
-0.381367
-0.383931
-0.385994
-0.387685
-0.389078
-0.390243
-0.391214
-0.391955
-0.392441
-0.392602
-0.392363
-0.39161
-0.390242
-0.388128
-0.385172
-0.381316
-0.376594
-0.371126
-0.365186
-0.359195
-0.353758
-0.34956
-0.347252
-0.347301
-0.349772
-0.354317
-0.360256
-0.366813
-0.373307
-0.379273
-0.384433
-0.388694
-0.392049
-0.394551
-0.39627
-0.397247
-0.397525
-0.397132
-0.396053
-0.394322
-0.391945
-0.389019
-0.385711
-0.382329
-0.37927
-0.376923
-0.375549
-0.375161
-0.375486
-0.376162
-0.376895
-0.377586
-0.378393
-0.379588
-0.381391
-0.383784
-0.386585
-0.389609
-0.392688
-0.395764
-0.39887
-0.402009
-0.405134
-0.408148
-0.410912
-0.413277
-0.415105
-0.41629
-0.416732
-0.416362
-0.415115
-0.41291
-0.409688
-0.405369
-0.399904
-0.393299
-0.385688
-0.377377
-0.368817
-0.360675
-0.353668
-0.348467
-0.345531
-0.345009
-0.346735
-0.350294
-0.355174
-0.360814
-0.366823
-0.372906
-0.378877
-0.384628
-0.390054
-0.395041
-0.399485
-0.403318
-0.406525
-0.409095
-0.411084
-0.412523
-0.413507
-0.414076
-0.414296
-0.414202
-0.413831
-0.413233
-0.412437
-0.411452
-0.410316
-0.409052
-0.40768
-0.406238
-0.404749
-0.40325
-0.401757
-0.400313
-0.398938
-0.397657
-0.396453
-0.395342
-0.394317
-0.393343
-0.392397
-0.391445
-0.390456
-0.38939
-0.388212
-0.386861
-0.385326
-0.383582
-0.381582
-0.379285
-0.376686
-0.373748
-0.370488
-0.366964
-0.363352
-0.359919
-0.357059
-0.355143
-0.354556
-0.355481
-0.357923
-0.361716
-0.366567
-0.372119
-0.377971
-0.383761
-0.389187
-0.394039
-0.398175
-0.401561
-0.404213
-0.406175
-0.407563
-0.408454
-0.40899
-0.409263
-0.409348
-0.409315
-0.409188
-0.408928
-0.408482
-0.407722
-0.406527
-0.404719
-0.402169
-0.398787
-0.394553
-0.389562
-0.38408
-0.378492
-0.373325
-0.369158
-0.36652
-0.365794
-0.367098
-0.370291
-0.374987
-0.38067
-0.386792
-0.392906
-0.398652
-0.403806
-0.40825
-0.411959
-0.414943
-0.417255
-0.418932
-0.419992
-0.420433
-0.420236
-0.419388
-0.417855
-0.415652
-0.412856
-0.409555
-0.405949
-0.402222
-0.39859
-0.395242
-0.392285
-0.38976
-0.387641
-0.385844
-0.384319
-0.38304
-0.382022
-0.381299
-0.380874
-0.38071
-0.380788
-0.381207
-0.382251
-0.384462
-0.388435
-0.394503
-0.402445
-0.411492
-0.420648
-0.429023
-0.436082
-0.441624
-0.445664
-0.448307
-0.449577
-0.449445
-0.447745
-0.444258
-0.438751
-0.431126
-0.421632
-0.411102
-0.40097
-0.393048
-0.388691
-0.388096
-0.390015
-0.392478
-0.393701
-0.392671
-0.389308
-0.384204
-0.37828
-0.372354
-0.367049
-0.362814
-0.359993
-0.358884
-0.359559
-0.361737
-0.364869
-0.368314
-0.371579
-0.374352
-0.376486
-0.377983
-0.378925
-0.379451
-0.379732
-0.379895
-0.379983
-0.379955
-0.379703
-0.379042
-0.377786
-0.375815
-0.373101
-0.36979
-0.366169
-0.362687
-0.359833
-0.358023
-0.35746
-0.35808
-0.35959
-0.361594
-0.363679
-0.365513
-0.366869
-0.36758
-0.367562
-0.366725
-0.365003
-0.36235
-0.358705
-0.354106
-0.348652
-0.342577
-0.336295
-0.33037
-0.32544
-0.322065
-0.32053
-0.320763
-0.322359
-0.324699
-0.327172
-0.329305
-0.330818
-0.331608
-0.331736
-0.33135
-0.330667
-0.329892
-0.329225
-0.328784
-0.328595
-0.328594
-0.328661
-0.328665
-0.328538
-0.328329
-0.328162
-0.328266
-0.328871
-0.330104
-0.331956
-0.334262
-0.336735
-0.339035
-0.340837
-0.341884
-0.342021
-0.341157
-0.339303
-0.336552
-0.333053
-0.329046
-0.324829
-0.320718
-0.317106
-0.314322
-0.312665
-0.312377
-0.313585
-0.316244
-0.320151
-0.32498
-0.330302
-0.335726
-0.340933
-0.345656
-0.349706
-0.35296
-0.355291
-0.356633
-0.356923
-0.35615
-0.354384
-0.351805
-0.348708
-0.345511
-0.342684
-0.34067
-0.3398
-0.340182
-0.341781
-0.344385
-0.3477
-0.351467
-0.355452
-0.359509
-0.363528
-0.367437
-0.371174
-0.374698
-0.377947
-0.380864
-0.38341
-0.385523
-0.387143
-0.388232
-0.38874
-0.388661
-0.38799
-0.386705
-0.384845
-0.382418
-0.37948
-0.376109
-0.372418
-0.368598
-0.36488
-0.361592
-0.359059
-0.357596
-0.357359
-0.358344
-0.360309
-0.362828
-0.365395
-0.367467
-0.368641
-0.368628
-0.367352
-0.364884
-0.361481
-0.35746
-0.353194
-0.349057
-0.345419
-0.342672
-0.341195
-0.341322
-0.343158
-0.346479
-0.350798
-0.355394
-0.359502
-0.362522
-0.364044
-0.363979
-0.362474
-0.359904
-0.356854
-0.35398
-0.351872
-0.350895
-0.351144
-0.352407
-0.35433
-0.356518
-0.358658
-0.360539
-0.362111
-0.363379
-0.364438
-0.36537
-0.366239
-0.367141
-0.368114
-0.369178
-0.370343
-0.371606
-0.372952
-0.374347
-0.375766
-0.377171
-0.37854
-0.3798
-0.380958
-0.381926
-0.382667
-0.383125
-0.383234
-0.382928
-0.382169
-0.380939
-0.379246
-0.377169
-0.374827
-0.372395
-0.370088
-0.36815
-0.366721
-0.365881
-0.365589
-0.365735
-0.366147
-0.366659
-0.367158
-0.367605
-0.368008
-0.368438
-0.368985
-0.369717
-0.370712
-0.372023
-0.373654
-0.375565
-0.377672
-0.379829
-0.381877
-0.38358
-0.384718
-0.385034
-0.384313
-0.382337
-0.378956
-0.374095
-0.367917
-0.360958
-0.354338
-0.34972
-0.348816
-0.352546
-0.360376
-0.370583
-0.381146
-0.390463
-0.397759
-0.402896
-0.406132
-0.407883
-0.408578
-0.408574
-0.408117
-0.407412
-0.406497
-0.405397
-0.404076
-0.402519
-0.400767
-0.398877
-0.397001
-0.395303
-0.393971
-0.393197
-0.393091
-0.393698
-0.395
-0.396902
-0.399227
-0.401781
-0.404329
-0.406656
-0.408568
-0.40991
-0.410576
-0.410513
-0.409685
-0.408115
-0.405852
-0.402966
-0.39955
-0.395712
-0.391556
-0.387234
-0.382878
-0.378621
-0.374595
-0.370937
-0.367771
-0.365208
-0.363377
-0.362421
-0.362452
-0.363522
-0.365599
-0.368492
-0.371894
-0.375452
-0.378845
-0.381809
-0.384212
-0.386025
-0.387319
-0.388212
-0.388862
-0.389395
-0.38988
-0.390331
-0.390719
-0.390999
-0.391125
-0.39114
-0.39112
-0.391187
-0.391457
-0.391997
-0.392743
-0.393537
-0.394167
-0.394448
-0.394235
-0.393461
-0.392148
-0.390406
-0.388366
-0.386186
-0.384036
-0.382048
-0.380344
-0.378982
-0.377944
-0.377184
-0.37657
-0.375891
-0.37496
-0.373584
-0.37166
-0.369197
-0.366367
-0.363528
-0.361163
-0.359743
-0.35962
-0.360881
-0.3633
-0.366415
-0.369662
-0.372534
-0.374654
-0.375836
-0.376022
-0.375306
-0.373836
-0.371838
-0.369558
-0.367223
-0.365024
-0.363087
-0.361467
-0.360151
-0.359099
-0.358281
-0.35767
-0.357274
-0.357156
-0.357386
-0.358049
-0.359177
-0.360739
-0.362653
-0.364776
-0.366948
-0.368966
-0.370639
-0.371782
-0.372194
-0.371691
-0.370072
-0.367182
-0.362968
-0.357549
-0.351371
-0.34524
-0.340228
-0.33734
-0.33713
-0.339374
-0.343242
-0.347675
-0.35172
-0.354816
-0.356717
-0.357436
-0.357105
-0.355884
-0.353997
-0.351632
-0.349033
-0.34646
-0.34418
-0.34249
-0.341587
-0.341535
-0.342301
-0.343645
-0.345212
-0.346533
-0.346991
-0.345798
-0.341897
-0.33389
-0.320315
-0.300394
-0.275862
-0.25274
-0.239884
-0.242547
-0.257605
-0.277192
-0.295245
-0.309556
-0.320239
-0.328022
-0.333522
-0.33715
-0.339228
-0.340031
-0.339812
-0.338797
-0.337198
-0.335188
-0.332926
-0.330534
-0.328124
-0.325785
-0.323597
-0.321605
-0.319851
-0.318383
-0.317186
-0.316208
-0.315395
-0.314658
-0.313903
-0.313043
-0.312017
-0.310764
-0.309296
-0.307632
-0.305842
-0.304089
-0.302535
-0.301389
-0.300793
-0.30088
-0.301675
-0.303114
-0.305035
-0.307199
-0.309377
-0.311306
-0.312803
-0.313745
-0.314116
-0.313966
-0.313446
-0.312698
-0.311921
-0.311276
-0.310854
-0.3107
-0.310738
-0.310901
-0.311115
-0.311333
-0.311529
-0.311717
-0.311901
-0.312051
-0.31209
-0.311925
-0.311502
-0.310758
-0.309674
-0.308219
-0.306361
-0.304076
-0.301445
-0.298742
-0.29653
-0.295561
-0.296464
-0.299449
-0.304135
-0.309717
-0.315325
-0.320262
-0.324203
-0.327113
-0.329164
-0.330617
-0.331718
-0.332665
-0.333565
-0.334459
-0.335284
-0.335922
-0.33626
-0.336162
-0.335562
-0.334485
-0.333052
-0.331472
-0.330016
-0.328954
-0.328441
-0.328472
-0.328874
-0.329329
-0.329446
-0.32889
-0.327384
-0.324806
-0.321161
-0.316686
-0.311678
-0.306511
-0.301478
-0.29667
-0.292062
-0.287561
-0.2832
-0.279238
-0.276194
-0.274675
-0.275181
-0.27786
-0.282505
-0.288531
-0.295336
-0.302382
-0.309326
-0.315992
-0.322236
-0.327944
-0.332946
-0.3371
-0.340312
-0.342563
-0.343903
-0.344429
-0.344309
-0.343716
-0.342832
-0.341829
-0.340871
-0.340079
-0.339529
-0.339254
-0.339241
-0.339461
-0.33985
-0.340366
-0.340963
-0.341583
-0.342214
-0.342855
-0.343488
-0.344102
-0.344722
-0.345341
-0.345954
-0.346552
-0.347118
-0.347646
-0.34811
-0.348488
-0.348757
-0.348909
-0.34892
-0.348812
-0.348605
-0.348346
-0.34811
-0.348002
-0.348106
-0.348516
-0.349265
-0.350371
-0.351748
-0.353295
-0.354869
-0.356323
-0.357535
-0.35843
-0.35901
-0.359316
-0.359425
-0.359438
-0.359375
-0.359181
-0.358648
-0.35742
-0.35505
-0.351084
-0.345278
-0.337826
-0.32972
-0.322796
-0.319337
-0.320967
-0.32779
-0.338331
-0.350386
-0.362072
-0.372225
-0.380396
-0.38658
-0.390988
-0.393899
-0.395602
-0.39638
-0.396458
-0.396009
-0.395199
-0.394149
-0.392925
-0.391582
-0.390133
-0.388591
-0.386966
-0.385262
-0.383519
-0.38179
-0.380124
-0.378604
-0.377293
-0.376225
-0.375403
-0.374793
-0.374305
-0.373831
-0.373217
-0.372304
-0.370962
-0.369089
-0.366637
-0.363659
-0.360274
-0.356676
-0.353144
-0.349959
-0.347356
-0.345512
-0.344483
-0.344218
-0.344577
-0.345387
-0.346453
-0.347616
-0.348726
-0.34968
-0.350429
-0.350921
-0.35115
-0.351141
-0.3509
-0.350464
-0.349868
-0.349129
-0.348279
-0.347347
-0.346339
-0.345276
-0.344181
-0.343049
-0.3419
-0.340741
-0.339574
-0.338408
-0.337251
-0.336111
-0.335001
-0.333904
-0.332851
-0.331841
-0.330876
-0.329977
-0.329148
-0.328404
-0.327756
-0.327225
-0.326811
-0.326524
-0.326381
-0.32639
-0.326533
-0.326806
-0.327197
-0.3277
-0.328273
-0.328899
-0.329543
-0.33018
-0.330769
-0.33128
-0.331666
-0.331899
-0.331954
-0.331799
-0.331403
-0.330767
-0.329886
-0.328786
-0.327501
-0.326106
-0.32466
-0.323271
-0.322069
-0.321191
-0.320752
-0.320816
-0.321379
-0.322399
-0.323755
-0.325299
-0.326856
-0.328307
-0.329581
-0.330663
-0.331584
-0.332442
-0.333331
-0.334364
-0.335633
-0.337208
-0.339118
-0.341345
-0.343829
-0.346468
-0.349145
-0.351729
-0.354083
-0.356102
-0.357676
-0.358719
-0.359173
-0.359011
-0.358173
-0.356659
-0.354505
-0.351767
-0.348552
-0.345023
-0.34142
-0.338058
-0.335309
-0.333579
-0.333208
-0.334361
-0.33701
-0.340886
-0.345551
-0.350516
-0.355351
-0.359749
-0.363529
-0.366625
-0.369043
-0.370815
-0.372021
-0.372714
-0.372957
-0.372808
-0.372301
-0.371448
-0.370273
-0.368773
-0.366954
-0.364822
-0.362384
-0.359672
-0.356743
-0.353685
-0.350661
-0.347829
-0.345378
-0.343494
-0.342301
-0.341867
-0.342163
-0.34312
-0.344638
-0.346556
-0.348732
-0.351032
-0.35331
-0.35545
-0.357367
-0.358983
-0.360272
-0.361201
-0.361805
-0.362118
-0.362211
-0.362119
-0.361904
-0.361637
-0.361389
-0.361231
-0.361216
-0.361438
-0.361929
-0.362746
-0.363908
-0.365392
-0.367153
-0.369146
-0.371263
-0.373441
-0.375573
-0.377621
-0.379523
-0.381277
-0.382849
-0.384271
-0.385543
-0.386699
-0.387763
-0.388754
-0.389724
-0.390675
-0.391623
-0.392591
-0.393568
-0.394523
-0.395435
-0.396269
-0.396996
-0.397554
-0.397915
-0.398013
-0.397776
-0.397166
-0.396133
-0.394626
-0.392592
-0.390041
-0.386981
-0.383488
-0.379718
-0.375913
-0.372421
-0.369606
-0.367825
-0.367287
-0.36805
-0.369974
-0.372861
-0.376456
-0.380573
-0.38504
-0.38972
-0.394515
-0.399298
-0.403951
-0.408351
-0.412421
-0.416092
-0.419351
-0.422187
-0.424639
-0.426728
-0.428494
-0.429953
-0.431118
-0.431994
-0.432586
-0.432912
-0.43298
-0.432809
-0.432439
-0.431891
-0.4312
-0.430394
-0.429507
-0.428564
-0.427597
-0.426606
-0.425612
-0.424571
-0.4234
-0.42196
-0.420078
-0.417505
-0.413979
-0.409248
-0.403202
-0.395966
-0.388056
-0.380399
-0.374299
-0.370976
-0.37118
-0.374782
-0.380869
-0.388161
-0.395451
-0.401885
-0.407023
-0.41076
-0.413213
-0.414633
-0.415291
-0.415425
-0.415256
-0.414929
-0.414508
-0.413937
-0.413071
-0.411678
-0.409434
-0.405966
-0.40088
-0.393884
-0.384912
-0.374361
-0.363195
-0.352908
-0.345004
-0.340451
-0.339359
-0.341237
-0.345449
-0.351435
-0.358675
-0.366475
-0.374067
-0.380766
-0.386094
-0.389873
-0.392127
-0.393022
-0.392799
-0.391662
-0.389854
-0.387568
-0.384995
-0.382301
-0.37965
-0.377185
-0.375055
-0.373366
-0.372207
-0.371622
-0.37163
-0.372185
-0.37324
-0.374697
-0.376492
-0.378541
-0.380785
-0.383174
-0.38569
-0.388314
-0.39103
-0.393797
-0.396578
-0.399336
-0.40203
-0.404593
-0.406965
-0.409099
-0.410941
-0.412414
-0.413447
-0.413974
-0.413904
-0.413159
-0.411678
-0.409424
-0.406448
-0.402832
-0.398674
-0.394172
-0.389549
-0.385052
-0.381049
-0.377924
-0.376075
-0.375778
-0.377026
-0.3795
-0.382507
-0.385305
-0.387293
-0.388187
-0.388181
-0.387936
-0.388358
-0.390261
-0.394039
-0.399514
-0.406057
-0.412878
-0.419332
-0.424986
-0.429633
-0.433246
-0.435849
-0.437516
-0.438323
-0.438334
-0.437633
-0.436316
-0.434502
-0.432368
-0.430071
-0.427798
-0.425736
-0.424028
-0.422795
-0.422096
-0.421929
-0.422245
-0.422917
-0.423805
-0.424825
-0.425979
-0.427375
-0.429069
-0.430991
-0.432808
-0.434027
-0.434159
-0.432941
-0.430449
-0.427055
-0.423225
-0.419404
-0.415864
-0.41283
-0.410499
-0.40906
-0.408488
-0.408542
-0.408808
-0.408871
-0.408541
-0.407895
-0.407193
-0.406795
-0.407012
-0.408056
-0.409949
-0.412586
-0.415745
-0.419191
-0.422638
-0.425846
-0.428559
-0.430532
-0.431587
-0.431576
-0.430406
-0.428106
-0.424847
-0.420973
-0.417006
-0.41356
-0.411195
-0.410246
-0.410732
-0.412358
-0.414667
-0.417168
-0.41949
-0.421403
-0.422805
-0.423701
-0.424164
-0.424326
-0.424304
-0.424246
-0.424271
-0.424439
-0.424808
-0.425351
-0.425991
-0.426654
-0.427257
-0.427696
-0.427884
-0.42774
-0.427163
-0.426019
-0.424165
-0.42141
-0.417515
-0.412299
-0.405601
-0.397485
-0.388374
-0.379293
-0.371874
-0.367986
-0.368987
-0.37496
-0.384571
-0.39574
-0.406589
-0.415914
-0.423233
-0.428548
-0.432098
-0.434165
-0.435012
-0.434851
-0.433775
-0.431788
-0.428806
-0.424661
-0.419185
-0.412279
-0.404069
-0.395072
-0.386321
-0.379232
-0.375108
-0.37457
-0.377218
-0.381903
-0.387301
-0.392448
-0.396824
-0.400353
-0.403193
-0.405565
-0.407719
-0.40982
-0.411963
-0.414171
-0.416419
-0.418591
-0.420563
-0.422167
-0.423268
-0.42373
-0.423544
-0.422821
-0.421857
-0.421147
-0.421202
-0.422458
-0.425033
-0.428695
-0.432904
-0.437
-0.440346
-0.442478
-0.443092
-0.44204
-0.439282
-0.434888
-0.429023
-0.422028
-0.414398
-0.406805
-0.400008
-0.394762
-0.391615
-0.390765
-0.392062
-0.394967
-0.398683
-0.402422
-0.405511
-0.407553
-0.40849
-0.408505
-0.407936
-0.407188
-0.406635
-0.406517
-0.406925
-0.407758
-0.40881
-0.409819
-0.410551
-0.410826
-0.410562
-0.409754
-0.408492
-0.406892
-0.405097
-0.403282
-0.401635
-0.400291
-0.399388
-0.398964
-0.399014
-0.39945
-0.400167
-0.401045
-0.40199
-0.402963
-0.404007
-0.405182
-0.406585
-0.408233
-0.410089
-0.4121
-0.414131
-0.416054
-0.417764
-0.419185
-0.420289
-0.421086
-0.421576
-0.421785
-0.421739
-0.421463
-0.420972
-0.420258
-0.419363
-0.418294
-0.417076
-0.415763
-0.414435
-0.413193
-0.4122
-0.41158
-0.4115
-0.412065
-0.413336
-0.415303
-0.41788
-0.420904
-0.424178
-0.427513
-0.430696
-0.43356
-0.435927
-0.437633
-0.438548
-0.438526
-0.437426
-0.435136
-0.431624
-0.42697
-0.421402
-0.415305
-0.409158
-0.403472
-0.398587
-0.394605
-0.391449
-0.388973
-0.387131
-0.386069
-0.386146
-0.387789
-0.391343
-0.396847
-0.403993
-0.412153
-0.420573
-0.428565
-0.435634
-0.441458
-0.445956
-0.449138
-0.451112
-0.452039
-0.452114
-0.451564
-0.450621
-0.449494
-0.448367
-0.447399
-0.446725
-0.446401
-0.446416
-0.446742
-0.447244
-0.447788
-0.448192
-0.448306
-0.447999
-0.447196
-0.445935
-0.444306
-0.442527
-0.440884
-0.439683
-0.439185
-0.439542
-0.440684
-0.442433
-0.444468
-0.446454
-0.448061
-0.449061
-0.449309
-0.44875
-0.447386
-0.445248
-0.442376
-0.438787
-0.434482
-0.429398
-0.423518
-0.416862
-0.409669
-0.402432
-0.395927
-0.391034
-0.388442
-0.388258
-0.390036
-0.392924
-0.396099
-0.39908
-0.40174
-0.404201
-0.406678
-0.409335
-0.412211
-0.415247
-0.418336
-0.421324
-0.424023
-0.426251
-0.427824
-0.428605
-0.428487
-0.427419
-0.425433
-0.422682
-0.419352
-0.415737
-0.412171
-0.408977
-0.406427
-0.40467
-0.403713
-0.403433
-0.403656
-0.404192
-0.404864
-0.405578
-0.406233
-0.406797
-0.407216
-0.407428
-0.407341
-0.406827
-0.405698
-0.403755
-0.400756
-0.396509
-0.390886
-0.383956
-0.376068
-0.367884
-0.360267
-0.35398
-0.349458
-0.346752
-0.345798
-0.346722
-0.349789
-0.355079
-0.362237
-0.370383
-0.378491
-0.385719
-0.391584
-0.395978
-0.398977
-0.400828
-0.401788
-0.402104
-0.401962
-0.401517
-0.400874
-0.400101
-0.399213
-0.398225
-0.397117
-0.395881
-0.394501
-0.392998
-0.391351
-0.389617
-0.387885
-0.386244
-0.384828
-0.383745
-0.383125
-0.3831
-0.383771
-0.385204
-0.387454
-0.390463
-0.394127
-0.398257
-0.402619
-0.407011
-0.41125
-0.415182
-0.418736
-0.42186
-0.42456
-0.426843
-0.428726
-0.430189
-0.431226
-0.43177
-0.431725
-0.43097
-0.429322
-0.426636
-0.422726
-0.417552
-0.411185
-0.403958
-0.396424
-0.389439
-0.383921
-0.380603
-0.379798
-0.381279
-0.384431
-0.388461
-0.392679
-0.396668
-0.400291
-0.403598
-0.406695
-0.409677
-0.412566
-0.415294
-0.417788
-0.41997
-0.421799
-0.423241
-0.424317
-0.425056
-0.425499
-0.425684
-0.425636
-0.425392
-0.424973
-0.424413
-0.423771
-0.423084
-0.422432
-0.421865
-0.421471
-0.421284
-0.421362
-0.421721
-0.422368
-0.423284
-0.424405
-0.42571
-0.427129
-0.428598
-0.430048
-0.431389
-0.43256
-0.433467
-0.434049
-0.43418
-0.433771
-0.43272
-0.430884
-0.42814
-0.42437
-0.419499
-0.413513
-0.406473
-0.398573
-0.390139
-0.381571
-0.373323
-0.365822
-0.359465
-0.354621
-0.351604
-0.350623
-0.351659
-0.354351
-0.358117
-0.362361
-0.366715
-0.37119
-0.376069
-0.381671
-0.388098
-0.395102
-0.402172
-0.408741
-0.414349
-0.418715
-0.421765
-0.423553
-0.424174
-0.423768
-0.42247
-0.420405
-0.417689
-0.414462
-0.410911
-0.407221
-0.403657
-0.400449
-0.397792
-0.395751
-0.394297
-0.393234
-0.39228
-0.391148
-0.389567
-0.387306
-0.38425
-0.380346
-0.37564
-0.370271
-0.364414
-0.358312
-0.352178
-0.346258
-0.340654
-0.335464
-0.330803
-0.326894
-0.324182
-0.32325
-0.324636
-0.328502
-0.334506
-0.341846
-0.349538
-0.356738
-0.362894
-0.36774
-0.371206
-0.373388
-0.374404
-0.37446
-0.373719
-0.372311
-0.370374
-0.368041
-0.365432
-0.362638
-0.359745
-0.356806
-0.353874
-0.350985
-0.348148
-0.345402
-0.342759
-0.340284
-0.338069
-0.336232
-0.334869
-0.334061
-0.333886
-0.334336
-0.335329
-0.336769
-0.338517
-0.340416
-0.342341
-0.344176
-0.345845
-0.347296
-0.348474
-0.349383
-0.349962
-0.350196
-0.350038
-0.349442
-0.348363
-0.346722
-0.344496
-0.341641
-0.338171
-0.334137
-0.32962
-0.32474
-0.319653
-0.31454
-0.3096
-0.305116
-0.301484
-0.299178
-0.298621
-0.300063
-0.303425
-0.308332
-0.314168
-0.320289
-0.326147
-0.331374
-0.335737
-0.339119
-0.341487
-0.342863
-0.343285
-0.342834
-0.34161
-0.339752
-0.337414
-0.33475
-0.331958
-0.32919
-0.326567
-0.3242
-0.322096
-0.320311
-0.318835
-0.317671
-0.316735
-0.31588
-0.314903
-0.313588
-0.311883
-0.310014
-0.30849
-0.307947
-0.30881
-0.311035
-0.314151
-0.317541
-0.320759
-0.323716
-0.326608
-0.329633
-0.332716
-0.335378
-0.336797
-0.335969
-0.332125
-0.325076
-0.31587
-0.307084
-0.3022
-0.303701
-0.311332
-0.322328
-0.333306
-0.341999
-0.347607
-0.350346
-0.350955
-0.350264
-0.349048
-0.347926
-0.34732
-0.34742
-0.348223
-0.349554
-0.351147
-0.352708
-0.353963
-0.35472
-0.35486
-0.354306
-0.353049
-0.351127
-0.348577
-0.3455
-0.342009
-0.338209
-0.334219
-0.330173
-0.326188
-0.322393
-0.318976
-0.316151
-0.314176
-0.313316
-0.313779
-0.315652
-0.318864
-0.323215
-0.328386
-0.333991
-0.33967
-0.345093
-0.349993
-0.354207
-0.357616
-0.360187
-0.361892
-0.362764
-0.362851
-0.36223
-0.361015
-0.359312
-0.357244
-0.35496
-0.352599
-0.350281
-0.348104
-0.346155
-0.344497
-0.343172
-0.342199
-0.341611
-0.341394
-0.341555
-0.342057
-0.342843
-0.34384
-0.344986
-0.346193
-0.347396
-0.348559
-0.349665
-0.350697
-0.351676
-0.352634
-0.353569
-0.354488
-0.35539
-0.356235
-0.356991
-0.35763
-0.358144
-0.358534
-0.358809
-0.358992
-0.359108
-0.359183
-0.359253
-0.359306
-0.359342
-0.359338
-0.359269
-0.359138
-0.358937
-0.358681
-0.358422
-0.358235
-0.358184
-0.358365
-0.358826
-0.359619
-0.360746
-0.362184
-0.363875
-0.365743
-0.367735
-0.369769
-0.371822
-0.373847
-0.375812
-0.377713
-0.379544
-0.381314
-0.383018
-0.38467
-0.386267
-0.387802
-0.389297
-0.390734
-0.392143
-0.393518
-0.394869
-0.396194
-0.397486
-0.398752
-0.399982
-0.401178
-0.402335
-0.403456
-0.404533
-0.405597
-0.406661
-0.407743
-0.408896
-0.410144
-0.411508
-0.413019
-0.414673
-0.416461
-0.418343
-0.420268
-0.422188
-0.424044
-0.425788
-0.427375
-0.428771
-0.429963
-0.430931
-0.431664
-0.432163
-0.43243
-0.43245
-0.432229
-0.431734
-0.430957
-0.429906
-0.428587
-0.427014
-0.425295
-0.423567
-0.421995
-0.420812
-0.420217
-0.42037
-0.421337
-0.42307
-0.42542
-0.42817
-0.431098
-0.434005
-0.436734
-0.439224
-0.441448
-0.443429
-0.445236
-0.446957
-0.448717
-0.450646
-0.452831
-0.455333
-0.458131
-0.461152
-0.464222
-0.467105
-0.469598
-0.471494
-0.472657
-0.473001
-0.472508
-0.47126
-0.46937
-0.467017
-0.464385
-0.461672
-0.459015
-0.456476
-0.454012
-0.451509
-0.448816
-0.445751
-0.44225
-0.438274
-0.433994
-0.429722
-0.425895
-0.423007
-0.421381
-0.421116
-0.421971
-0.423414
-0.424801
-0.425553
-0.425248
-0.423709
-0.42103
-0.417553
-0.4139
-0.410809
-0.408989
-0.408922
-0.410699
-0.414007
-0.418263
-0.422871
-0.427301
-0.431193
-0.434397
-0.436843
-0.438567
-0.439648
-0.440148
-0.440199
-0.439917
-0.439434
-0.438878
-0.438415
-0.438194
-0.438365
-0.43903
-0.440193
-0.441814
-0.443728
-0.44575
-0.447637
-0.449142
-0.450057
-0.45021
-0.449504
-0.447878
-0.445381
-0.442104
-0.438226
-0.433894
-0.429292
-0.424547
-0.419747
-0.414961
-0.410312
-0.405997
-0.402278
-0.399497
-0.397982
-0.397995
-0.399645
-0.402901
-0.407548
-0.413191
-0.419327
-0.425411
-0.430973
-0.435696
-0.439494
-0.442462
-0.444796
-0.446675
-0.448209
-0.449407
-0.450158
-0.450279
-0.44963
-0.448148
-0.445871
-0.442939
-0.439558
-0.43591
-0.432079
-0.428024
-0.423609
-0.418697
-0.413339
-0.407938
-0.403285
-0.400476
-0.400539
-0.403931
-0.410267
-0.418485
-0.427294
-0.435599
-0.442705
-0.448284
-0.452314
-0.454865
-0.456051
-0.455939
-0.454545
-0.451812
-0.447657
-0.441987
-0.434788
-0.426173
-0.416545
-0.406625
-0.397417
-0.390061
-0.38546
-0.383955
-0.385254
-0.38855
-0.392887
-0.397422
-0.40153
-0.404808
-0.407043
-0.408121
-0.408041
-0.406848
-0.404679
-0.401738
-0.398301
-0.39474
-0.391422
-0.388679
-0.386776
-0.385857
-0.385936
-0.386938
-0.388723
-0.391138
-0.393993
-0.397184
-0.400578
-0.404062
-0.40755
-0.410984
-0.414296
-0.417445
-0.420365
-0.423014
-0.425321
-0.427192
-0.428536
-0.429235
-0.429152
-0.428158
-0.426096
-0.422853
-0.418417
-0.412896
-0.406627
-0.400201
-0.394467
-0.390293
-0.388354
-0.388866
-0.391531
-0.395686
-0.400515
-0.405295
-0.409455
-0.412681
-0.414825
-0.415974
-0.416309
-0.416066
-0.415503
-0.414842
-0.414233
-0.413774
-0.413509
-0.413475
-0.41372
-0.41427
-0.41523
-0.416624
-0.418405
-0.420391
-0.422277
-0.423719
-0.424412
-0.424101
-0.422584
-0.419654
-0.414987
-0.40814
-0.398743
-0.386843
-0.373285
-0.359877
-0.34915
-0.343451
-0.344069
-0.350731
-0.361882
-0.375451
-0.389566
-0.402866
-0.414547
-0.424245
-0.431912
-0.437736
-0.441967
-0.444907
-0.446799
-0.447851
-0.448228
-0.448072
-0.447476
-0.446572
-0.445451
-0.444226
-0.442985
-0.441792
-0.440695
-0.439718
-0.438852
-0.438064
-0.437337
-0.436625
-0.435871
-0.435018
-0.434033
-0.432845
-0.431399
-0.429666
-0.427633
-0.425358
-0.422953
-0.42063
-0.418657
-0.417311
-0.416798
-0.417211
-0.41844
-0.420256
-0.422381
-0.424497
-0.426342
-0.427735
-0.428555
-0.428719
-0.428159
-0.426832
-0.42465
-0.42159
-0.417671
-0.413044
-0.408038
-0.403189
-0.399149
-0.396514
-0.395636
-0.39646
-0.398531
-0.401142
-0.403522
-0.405027
-0.405164
-0.40365
-0.400345
-0.395319
-0.38883
-0.381274
-0.373268
-0.365575
-0.359045
-0.354575
-0.352873
-0.354262
-0.358519
-0.364893
-0.372337
-0.379838
-0.386635
-0.392354
-0.396907
-0.400413
-0.403049
-0.404974
-0.406281
-0.406942
-0.406893
-0.40603
-0.404262
-0.401548
-0.398012
-0.393865
-0.389534
-0.385564
-0.382457
-0.380537
-0.379807
-0.379989
-0.38064
-0.381329
-0.381784
-0.381941
-0.381894
-0.381788
-0.381786
-0.381954
-0.382319
-0.382794
-0.383245
-0.383498
-0.383334
-0.382605
-0.381141
-0.378878
-0.375858
-0.372255
-0.368414
-0.364852
-0.3621
-0.360613
-0.360623
-0.362073
-0.364656
-0.367928
-0.371474
-0.374956
-0.378102
-0.380808
-0.382997
-0.38463
-0.385679
-0.386129
-0.385938
-0.385076
-0.383524
-0.381293
-0.378422
-0.375035
-0.371321
-0.367538
-0.364092
-0.361451
-0.360093
-0.360384
-0.362437
-0.366074
-0.370842
-0.376194
-0.381591
-0.386605
-0.39098
-0.394628
-0.397569
-0.399865
-0.401622
-0.402956
-0.403972
-0.404775
-0.405411
-0.405941
-0.406387
-0.406757
-0.407071
-0.407316
-0.407497
-0.407586
-0.40758
-0.407452
-0.407207
-0.406814
-0.406281
-0.4056
-0.404771
-0.403779
-0.40262
-0.401261
-0.399648
-0.397699
-0.395313
-0.392355
-0.388662
-0.384097
-0.37862
-0.372369
-0.365807
-0.359707
-0.355031
-0.35254
-0.352477
-0.354337
-0.357194
-0.360095
-0.362421
-0.363975
-0.364902
-0.365518
-0.366161
-0.367105
-0.368527
-0.37052
-0.373067
-0.376053
-0.379267
-0.382412
-0.385153
-0.387141
-0.388092
-0.38785
-0.386418
-0.384088
-0.381381
-0.378926
-0.377356
-0.377057
-0.378059
-0.380031
-0.382484
-0.384898
-0.38693
-0.388326
-0.389018
-0.389049
-0.388485
-0.387408
-0.385946
-0.384147
-0.382099
-0.379875
-0.377543
-0.375181
-0.372864
-0.370661
-0.368629
-0.366819
-0.365269
-0.363986
-0.362952
-0.362146
-0.361519
-0.361034
-0.360637
-0.360288
-0.359941
-0.359579
-0.359164
-0.358701
-0.358176
-0.357618
-0.357014
-0.356386
-0.35576
-0.35514
-0.35456
-0.354028
-0.353576
-0.353222
-0.35299
-0.35291
-0.353022
-0.35333
-0.353877
-0.354686
-0.355747
-0.357064
-0.358612
-0.360333
-0.362192
-0.364126
-0.366063
-0.367949
-0.36972
-0.371323
-0.372753
-0.373969
-0.374958
-0.375707
-0.376226
-0.376514
-0.376556
-0.376364
-0.375954
-0.375375
-0.374651
-0.373847
-0.373034
-0.372235
-0.371441
-0.370557
-0.369415
-0.367705
-0.365063
-0.361053
-0.355242
-0.347329
-0.33736
-0.326062
-0.315211
-0.307452
-0.305309
-0.309634
-0.319041
-0.330746
-0.342128
-0.351561
-0.358515
-0.363143
-0.365903
-0.367283
-0.367797
-0.367837
-0.367748
-0.367829
-0.368241
-0.369057
-0.370297
-0.37188
-0.373704
-0.375642
-0.377581
-0.379424
-0.381126
-0.382654
-0.383988
-0.385155
-0.386149
-0.386997
-0.387727
-0.388325
-0.388831
-0.389251
-0.389624
-0.389935
-0.390198
-0.390417
-0.390618
-0.390812
-0.390992
-0.391158
-0.391345
-0.391525
-0.391703
-0.391892
-0.39205
-0.39215
-0.392148
-0.392009
-0.39172
-0.391237
-0.390607
-0.389872
-0.389149
-0.388577
-0.388313
-0.388451
-0.38903
-0.389931
-0.390973
-0.391863
-0.392284
-0.391957
-0.390715
-0.388522
-0.385556
-0.382195
-0.378981
-0.376549
-0.375372
-0.375732
-0.377535
-0.380408
-0.383806
-0.387257
-0.39037
-0.392992
-0.395111
-0.396847
-0.398377
-0.399867
-0.401441
-0.403129
-0.404888
-0.406581
-0.407994
-0.408868
-0.408965
-0.408129
-0.406395
-0.404117
-0.401982
-0.400886
-0.401662
-0.404675
-0.409687
-0.415936
-0.422449
-0.42838
-0.433171
-0.436501
-0.438264
-0.438453
-0.437144
-0.434397
-0.430372
-0.425262
-0.419385
-0.413249
-0.407438
-0.402608
-0.399286
-0.397655
-0.397461
-0.398093
-0.398786
-0.398902
-0.39812
-0.39659
-0.394854
-0.393686
-0.393772
-0.395392
-0.398267
-0.401722
-0.404959
-0.407325
-0.408489
-0.408385
-0.407196
-0.405258
-0.402964
-0.400709
-0.398829
-0.397506
-0.396764
-0.396435
-0.396148
-0.395454
-0.393907
-0.391342
-0.388001
-0.38457
-0.381956
-0.380862
-0.381341
-0.382645
-0.383568
-0.382923
-0.379921
-0.374324
-0.366463
-0.357153
-0.347549
-0.338855
-0.331959
-0.32725
-0.324598
-0.323546
-0.323645
-0.324647
-0.326454
-0.329053
-0.332424
-0.33638
-0.340545
-0.34443
-0.347469
-0.349127
-0.349038
-0.347055
-0.343344
-0.338341
-0.332774
-0.32752
-0.323446
-0.321251
-0.321277
-0.323434
-0.327216
-0.331896
-0.336764
-0.341286
-0.345189
-0.348426
-0.351125
-0.353501
-0.355732
-0.35796
-0.360214
-0.362468
-0.364623
-0.366575
-0.368238
-0.369534
-0.370422
-0.370894
-0.370957
-0.37061
-0.369874
-0.368769
-0.367319
-0.365554
-0.363521
-0.361277
-0.358889
-0.356439
-0.354063
-0.351883
-0.350056
-0.348714
-0.347977
-0.347898
-0.348482
-0.349612
-0.351125
-0.352828
-0.354533
-0.356072
-0.357375
-0.358412
-0.359208
-0.359856
-0.360443
-0.36106
-0.361767
-0.362607
-0.363566
-0.364613
-0.365691
-0.366761
-0.367755
-0.36864
-0.369399
-0.369997
-0.370392
-0.370525
-0.370323
-0.369682
-0.368538
-0.366825
-0.364592
-0.361857
-0.35876
-0.355489
-0.352317
-0.349523
-0.347424
-0.346321
-0.346375
-0.347642
-0.350006
-0.353232
-0.356986
-0.360922
-0.36475
-0.36823
-0.371205
-0.373607
-0.375416
-0.376673
-0.377447
-0.377827
-0.377911
-0.377784
-0.37752
-0.377178
-0.376802
-0.37642
-0.376019
-0.375584
-0.375076
-0.374441
-0.373616
-0.372547
-0.371188
-0.369509
-0.367493
-0.365159
-0.362572
-0.359806
-0.35698
-0.354245
-0.351771
-0.349717
-0.348247
-0.347504
-0.347548
-0.348438
-0.350114
-0.352482
-0.355398
-0.358688
-0.362164
-0.36566
-0.369028
-0.372163
-0.374978
-0.377411
-0.37939
-0.380807
-0.381508
-0.38124
-0.379635
-0.376191
-0.370351
-0.361636
-0.350131
-0.337118
-0.325405
-0.318671
-0.319372
-0.326943
-0.338143
-0.349249
-0.357763
-0.362747
-0.364277
-0.362853
-0.359085
-0.35355
-0.346786
-0.339313
-0.331737
-0.324768
-0.319157
-0.315539
-0.314247
-0.315177
-0.317849
-0.321593
-0.325746
-0.32992
-0.333976
-0.337941
-0.34188
-0.34572
-0.349242
-0.35214
-0.354113
-0.354957
-0.354557
-0.352939
-0.350233
-0.346711
-0.342821
-0.339241
-0.336704
-0.335833
-0.33677
-0.339013
-0.341559
-0.343287
-0.343427
-0.341742
-0.33873
-0.335327
-0.332693
-0.331724
-0.332804
-0.33578
-0.34009
-0.345019
-0.349951
-0.354374
-0.357999
-0.360667
-0.362351
-0.363048
-0.362831
-0.361767
-0.359918
-0.357337
-0.354091
-0.350267
-0.345937
-0.341238
-0.336336
-0.331467
-0.326884
-0.322878
-0.319716
-0.317583
-0.316577
-0.316677
-0.317738
-0.319536
-0.321798
-0.32426
-0.326643
-0.328759
-0.330433
-0.331552
-0.332041
-0.331845
-0.330948
-0.329379
-0.327179
-0.324433
-0.321287
-0.317976
-0.31477
-0.312011
-0.310036
-0.309105
-0.309363
-0.310758
-0.313034
-0.315818
-0.318631
-0.321022
-0.322614
-0.323127
-0.322367
-0.320238
-0.316771
-0.312109
-0.306567
-0.300674
-0.295157
-0.290859
-0.288553
-0.288668
-0.29112
-0.295332
-0.300399
-0.305375
-0.309477
-0.312138
-0.313034
-0.31205
-0.309258
-0.304977
-0.299831
-0.294712
-0.290674
-0.288545
-0.288647
-0.290614
-0.293549
-0.296395
-0.298282
-0.298669
-0.297441
-0.294786
-0.291199
-0.287329
-0.283867
-0.281319
-0.279869
-0.279318
-0.279186
-0.278901
-0.278007
-0.276295
-0.273794
-0.270781
-0.267705
-0.2651
-0.263492
-0.263281
-0.264632
-0.267406
-0.271234
-0.27563
-0.280101
-0.284241
-0.287827
-0.290752
-0.293015
-0.294671
-0.295754
-0.296333
-0.296448
-0.296156
-0.295499
-0.294505
-0.293264
-0.291861
-0.290432
-0.289113
-0.288024
-0.287297
-0.286989
-0.287097
-0.28755
-0.288237
-0.289004
-0.2897
-0.290182
-0.290285
-0.289907
-0.28896
-0.287354
-0.285039
-0.282023
-0.278395
-0.27436
-0.270278
-0.266626
-0.263972
-0.262849
-0.263583
-0.266175
-0.270284
-0.275388
-0.280881
-0.286259
-0.291157
-0.295393
-0.298898
-0.301707
-0.303896
-0.305533
-0.306687
-0.307401
-0.307708
-0.307614
-0.307126
-0.306213
-0.304894
-0.303197
-0.301175
-0.298956
-0.29668
-0.294558
-0.292789
-0.29157
-0.291005
-0.291114
-0.291812
-0.292878
-0.294069
-0.295117
-0.295804
-0.296009
-0.29575
-0.295232
-0.294765
-0.29476
-0.295544
-0.297342
-0.300119
-0.303672
-0.30766
-0.311737
-0.315619
-0.319099
-0.322081
-0.324504
-0.326374
-0.327695
-0.32845
-0.328654
-0.328287
-0.32735
-0.325867
-0.323866
-0.321442
-0.318713
-0.315885
-0.313197
-0.310922
-0.309393
-0.308912
-0.309748
-0.312047
-0.31577
-0.32067
-0.326347
-0.332322
-0.338142
-0.343405
-0.347837
-0.351273
-0.35358
-0.354695
-0.354549
-0.353096
-0.35029
-0.346152
-0.340842
-0.334694
-0.32829
-0.322449
-0.318026
-0.315707
-0.315743
-0.317891
-0.321569
-0.326114
-0.330986
-0.335847
-0.340547
-0.345063
-0.349417
-0.35363
-0.357676
-0.361523
-0.365095
-0.368305
-0.371088
-0.373384
-0.375146
-0.376335
-0.376965
-0.377022
-0.376514
-0.375435
-0.373765
-0.371458
-0.368428
-0.364568
-0.359757
-0.353897
-0.346958
-0.339041
-0.330419
-0.321652
-0.313631
-0.30756
-0.304719
-0.30602
-0.311466
-0.320057
-0.330189
-0.340349
-0.349464
-0.357048
-0.363009
-0.367468
-0.370569
-0.372437
-0.373148
-0.372764
-0.371373
-0.369084
-0.366066
-0.362522
-0.358655
-0.354676
-0.350789
-0.347214
-0.34422
-0.342098
-0.341191
-0.341753
-0.34393
-0.347604
-0.352434
-0.357922
-0.36355
-0.368863
-0.373513
-0.377286
-0.380033
-0.381628
-0.381974
-0.380891
-0.378108
-0.373259
-0.365945
-0.355859
-0.343061
-0.328499
-0.314359
-0.303767
-0.299613
-0.302833
-0.311952
-0.324134
-0.336782
-0.348314
-0.358148
-0.366258
-0.372849
-0.378169
-0.382461
-0.385884
-0.388564
-0.390592
-0.392005
-0.392808
-0.392989
-0.392508
-0.391324
-0.38941
-0.386741
-0.383321
-0.379209
-0.374521
-0.36945
-0.364307
-0.359447
-0.355256
-0.35214
-0.350427
-0.350349
-0.351959
-0.355135
-0.359564
-0.364855
-0.370548
-0.376164
-0.381289
-0.385612
-0.388909
-0.391058
-0.392022
-0.391841
-0.390601
-0.388431
-0.385488
-0.381918
-0.377892
-0.373578
-0.369179
-0.364934
-0.36112
-0.358055
-0.355985
-0.355084
-0.355362
-0.35665
-0.358694
-0.361175
-0.363793
-0.366301
-0.368554
-0.370481
-0.37207
-0.373335
-0.374299
-0.375016
-0.375521
-0.375888
-0.376112
-0.376191
-0.376061
-0.37561
-0.374616
-0.372922
-0.370338
-0.366846
-0.362655
-0.358239
-0.354299
-0.351586
-0.350677
-0.351738
-0.354533
-0.358542
-0.363206
-0.368098
-0.372938
-0.377638
-0.382179
-0.386569
-0.390812
-0.394917
-0.398788
-0.402342
-0.40547
-0.408044
-0.4099
-0.410881
-0.410771
-0.409349
-0.406346
-0.401468
-0.394429
-0.385021
-0.37321
-0.359328
-0.34413
-0.328892
-0.31514
-0.304403
-0.297753
-0.295633
-0.2978
-0.303325
-0.310813
-0.3188
-0.326159
-0.332309
-0.33723
-0.341292
-0.345016
-0.348902
-0.353305
-0.358351
-0.363932
-0.369795
-0.375639
-0.381078
-0.385819
-0.389612
-0.392235
-0.393515
-0.393315
-0.391492
-0.387997
-0.382908
-0.376568
-0.369711
-0.363409
-0.358962
-0.357334
-0.358833
-0.362926
-0.368578
-0.374666
-0.380379
-0.385263
-0.389176
-0.392168
-0.394367
-0.395886
-0.396865
-0.397358
-0.397421
-0.397067
-0.396309
-0.395145
-0.393562
-0.391577
-0.389243
-0.386616
-0.383838
-0.381084
-0.378564
-0.376524
-0.375233
-0.37491
-0.375677
-0.377537
-0.380393
-0.383999
-0.388038
-0.392176
-0.396136
-0.399663
-0.402582
-0.404779
-0.406206
-0.406847
-0.40671
-0.405841
-0.404289
-0.402156
-0.399545
-0.396605
-0.393481
-0.390385
-0.387492
-0.384957
-0.382941
-0.381518
-0.380705
-0.380488
-0.380815
-0.38162
-0.382824
-0.384371
-0.386227
-0.388343
-0.390679
-0.393203
-0.395875
-0.398655
-0.401485
-0.404279
-0.406958
-0.409406
-0.411536
-0.413201
-0.414249
-0.414534
-0.413885
-0.412114
-0.409051
-0.404651
-0.398974
-0.392422
-0.385744
-0.380024
-0.376407
-0.375678
-0.377908
-0.382409
-0.388167
-0.394115
-0.399529
-0.404044
-0.407554
-0.410102
-0.411793
-0.412763
-0.413097
-0.412872
-0.412154
-0.411013
-0.409525
-0.407776
-0.405875
-0.403948
-0.40213
-0.400487
-0.399066
-0.397818
-0.396661
-0.395483
-0.394194
-0.39279
-0.391299
-0.389936
-0.388925
-0.388534
-0.388975
-0.390388
-0.392763
-0.395972
-0.399804
-0.403972
-0.408221
-0.412331
-0.41613
-0.419539
-0.422494
-0.424998
-0.427066
-0.428743
-0.430058
-0.431052
-0.431775
-0.43225
-0.432517
-0.432624
-0.432581
-0.43243
-0.432164
-0.431806
-0.431344
-0.430737
-0.429933
-0.42887
-0.427467
-0.425662
-0.423391
-0.420667
-0.417561
-0.414253
-0.410996
-0.408098
-0.405882
-0.4046
-0.404387
-0.405222
-0.406955
-0.409374
-0.412285
-0.415532
-0.419006
-0.422644
-0.426347
-0.429877
-0.432959
-0.435236
-0.436347
-0.435968
-0.433887
-0.430053
-0.424656
-0.418231
-0.411657
-0.40606
-0.402611
-0.402156
-0.404988
-0.410768
-0.418647
-0.427591
-0.436569
-0.444833
-0.451894
-0.457536
-0.461674
-0.464359
-0.465656
-0.465606
-0.464258
-0.46161
-0.457698
-0.452611
-0.446568
-0.439937
-0.433191
-0.426816
-0.421146
-0.416269
-0.41204
-0.408243
-0.404784
-0.401822
-0.399744
-0.399033
-0.400089
-0.403086
-0.407891
-0.414102
-0.421123
-0.428336
-0.435215
-0.441319
-0.446389
-0.450288
-0.453007
-0.454609
-0.455175
-0.454831
-0.453682
-0.451804
-0.449249
-0.446021
-0.442085
-0.437421
-0.431984
-0.425832
-0.419111
-0.412136
-0.405418
-0.399552
-0.395167
-0.39272
-0.392366
-0.393987
-0.397162
-0.40134
-0.405948
-0.410513
-0.414703
-0.418278
-0.421127
-0.423254
-0.424656
-0.425397
-0.425524
-0.425102
-0.424162
-0.422767
-0.420966
-0.418805
-0.416372
-0.41376
-0.411076
-0.408409
-0.40588
-0.403591
-0.401595
-0.39994
-0.398605
-0.397602
-0.396896
-0.396462
-0.3963
-0.396402
-0.396802
-0.397531
-0.398628
-0.40011
-0.401972
-0.404159
-0.406577
-0.409118
-0.411675
-0.414112
-0.416342
-0.41826
-0.419807
-0.420941
-0.421618
-0.421816
-0.421501
-0.420657
-0.41927
-0.417292
-0.414736
-0.41165
-0.408144
-0.40439
-0.400684
-0.397324
-0.394733
-0.393272
-0.393185
-0.394572
-0.39731
-0.401119
-0.405601
-0.410302
-0.414819
-0.418778
-0.421869
-0.42386
-0.424532
-0.423675
-0.421179
-0.416868
-0.410701
-0.402801
-0.393483
-0.383362
-0.373409
-0.36485
-0.358992
-0.356855
-0.358844
-0.3645
-0.372648
-0.381809
-0.390634
-0.39813
-0.403715
-0.40712
-0.408316
-0.407367
-0.404491
-0.399997
-0.394371
-0.388303
-0.382662
-0.378404
-0.376313
-0.376763
-0.379569
-0.384071
-0.389354
-0.394562
-0.398988
-0.402205
-0.404035
-0.404458
-0.403639
-0.40188
-0.399592
-0.397325
-0.395624
-0.394971
-0.3956
-0.397491
-0.40034
-0.40373
-0.407193
-0.410358
-0.412997
-0.415
-0.416342
-0.417067
-0.417233
-0.416925
-0.416251
-0.415281
-0.41411
-0.412795
-0.41138
-0.409885
-0.408272
-0.406474
-0.404406
-0.401978
-0.399125
-0.395802
-0.39204
-0.388002
-0.383882
-0.379933
-0.37645
-0.373672
-0.371738
-0.370716
-0.370574
-0.371208
-0.372478
-0.374229
-0.376292
-0.378474
-0.380551
-0.3823
-0.383464
-0.383921
-0.383658
-0.382862
-0.381901
-0.381215
-0.381178
-0.381957
-0.383462
-0.385377
-0.387353
-0.389041
-0.390195
-0.390702
-0.39055
-0.389844
-0.38875
-0.387452
-0.386169
-0.38517
-0.384698
-0.385007
-0.386252
-0.38846
-0.391455
-0.394954
-0.398588
-0.402014
-0.40495
-0.407219
-0.408774
-0.409591
-0.40973
-0.40926
-0.408246
-0.406754
-0.40486
-0.402629
-0.400141
-0.397484
-0.394775
-0.392113
-0.389643
-0.387468
-0.385659
-0.384254
-0.38325
-0.382598
-0.382248
-0.382156
-0.382267
-0.382566
-0.383006
-0.383574
-0.384222
-0.384864
-0.385378
-0.385582
-0.385286
-0.384218
-0.3821
-0.378661
-0.373715
-0.367164
-0.35919
-0.350324
-0.341483
-0.333895
-0.328689
-0.326532
-0.327443
-0.330825
-0.335831
-0.341705
-0.347886
-0.354021
-0.359897
-0.365371
-0.370328
-0.374711
-0.378459
-0.381534
-0.383938
-0.385619
-0.386519
-0.386547
-0.385578
-0.383432
-0.380007
-0.375276
-0.369467
-0.363154
-0.357354
-0.353275
-0.351965
-0.353817
-0.358363
-0.364553
-0.371208
-0.377427
-0.382707
-0.386921
-0.390135
-0.392531
-0.394295
-0.395599
-0.396587
-0.397345
-0.397932
-0.398389
-0.398717
-0.398955
-0.399099
-0.399189
-0.399238
-0.399295
-0.399354
-0.399375
-0.399258
-0.398877
-0.398063
-0.396665
-0.394637
-0.392021
-0.388987
-0.385848
-0.382918
-0.380515
-0.378873
-0.378105
-0.378267
-0.379355
-0.381341
-0.384145
-0.387635
-0.39164
-0.395933
-0.400277
-0.404449
-0.408332
-0.411855
-0.415048
-0.417964
-0.420704
-0.423373
-0.426106
-0.429094
-0.432623
-0.436983
-0.442352
-0.448694
-0.455659
-0.462682
-0.469077
-0.474224
-0.477632
-0.478964
-0.478046
-0.474935
-0.469878
-0.463419
-0.456379
-0.449697
-0.44415
-0.440153
-0.437687
-0.436461
-0.436202
-0.436813
-0.438281
-0.440619
-0.443706
-0.44728
-0.45107
-0.454849
-0.458507
-0.462058
-0.465573
-0.469125
-0.472752
-0.476416
-0.480044
-0.483508
-0.486673
-0.489394
-0.49157
-0.493077
-0.493821
-0.493706
-0.492639
-0.490529
-0.487301
-0.482924
-0.477407
-0.470852
-0.463401
-0.455321
-0.44696
-0.43868
-0.430913
-0.424037
-0.418383
-0.41418
-0.411518
-0.410343
-0.410489
-0.411694
-0.413649
-0.416092
-0.418786
-0.421526
-0.42417
-0.42653
-0.428513
-0.430066
-0.431224
-0.432089
-0.432794
-0.433518
-0.434384
-0.435489
-0.436798
-0.438278
-0.439784
-0.441179
-0.442331
-0.443128
-0.443483
-0.443391
-0.442865
-0.441965
-0.440803
-0.439485
-0.438142
-0.436864
-0.435762
-0.434891
-0.434271
-0.433876
-0.433635
-0.433507
-0.433396
-0.43323
-0.43297
-0.432627
-0.432224
-0.43183
-0.431541
-0.431457
-0.431676
-0.432247
-0.433187
-0.434459
-0.435998
-0.437706
-0.439441
-0.441086
-0.442501
-0.443517
-0.44397
-0.443631
-0.442219
-0.439405
-0.434814
-0.428115
-0.419217
-0.408452
-0.396891
-0.386278
-0.378519
-0.374719
-0.374568
-0.376549
-0.378914
-0.380453
-0.380805
-0.380177
-0.379035
-0.377812
-0.376807
-0.376231
-0.376386
-0.377624
-0.38027
-0.384377
-0.389667
-0.395611
-0.401582
-0.407052
-0.411685
-0.415337
-0.417987
-0.419697
-0.420581
-0.420748
-0.420352
-0.41952
-0.418413
-0.417166
-0.41593
-0.414837
-0.413938
-0.413251
-0.412709
-0.412168
-0.411437
-0.410262
-0.408431
-0.405827
-0.402499
-0.398689
-0.39491
-0.391795
-0.389886
-0.389448
-0.390281
-0.391775
-0.393116
-0.393455
-0.392162
-0.388879
-0.383676
-0.377088
-0.370221
-0.364534
-0.361406
-0.361501
-0.364481
-0.369254
-0.374521
-0.379301
-0.383057
-0.385683
-0.387291
-0.38811
-0.388369
-0.388239
-0.387884
-0.387408
-0.386854
-0.386252
-0.385641
-0.385016
-0.384378
-0.383708
-0.383005
-0.38227
-0.381509
-0.380711
-0.379893
-0.379082
-0.378308
-0.377587
-0.376972
-0.376458
-0.376046
-0.375717
-0.375409
-0.375047
-0.374537
-0.373757
-0.372576
-0.37085
-0.368431
-0.365168
-0.361006
-0.35595
-0.350219
-0.344256
-0.338769
-0.334593
-0.332455
-0.332696
-0.335108
-0.339052
-0.343754
-0.348513
-0.35287
-0.356608
-0.359693
-0.362181
-0.364179
-0.365783
-0.367073
-0.368135
-0.36898
-0.369656
-0.370162
-0.37048
-0.370639
-0.370592
-0.370331
-0.369809
-0.369006
-0.367879
-0.366426
-0.364652
-0.362572
-0.36027
-0.357833
-0.355411
-0.353123
-0.35106
-0.349274
-0.347746
-0.346394
-0.345136
-0.343938
-0.342796
-0.341834
-0.341227
-0.341196
-0.34198
-0.343739
-0.346521
-0.350288
-0.354853
-0.359925
-0.365199
-0.370321
-0.374997
-0.379011
-0.382225
-0.384649
-0.386383
-0.387591
-0.38845
-0.389031
-0.389291
-0.388997
-0.387782
-0.385272
-0.381284
-0.376078
-0.370478
-0.365853
-0.363603
-0.364461
-0.368036
-0.373065
-0.378082
-0.382062
-0.384701
-0.3863
-0.387455
-0.388737
-0.390468
-0.392663
-0.39508
-0.39747
-0.399611
-0.401408
-0.402851
-0.403996
-0.404924
-0.405748
-0.40663
-0.407788
-0.409357
-0.411423
-0.413899
-0.41655
-0.419053
-0.421061
-0.422281
-0.422534
-0.421698
-0.419785
-0.416876
-0.413139
-0.40878
-0.404076
-0.39935
-0.394948
-0.391139
-0.38809
-0.385848
-0.38441
-0.38382
-0.384232
-0.385869
-0.388857
-0.393185
-0.398539
-0.404454
-0.410441
-0.416075
-0.421107
-0.4254
-0.428936
-0.431784
-0.433996
-0.435635
-0.436766
-0.437426
-0.437637
-0.437442
-0.436912
-0.436127
-0.435233
-0.434423
-0.433901
-0.433872
-0.43444
-0.435587
-0.437155
-0.438863
-0.440367
-0.44122
-0.441021
-0.439402
-0.43611
-0.431059
-0.424451
-0.416857
-0.409292
-0.403025
-0.399182
-0.398306
-0.400204
-0.404081
-0.409006
-0.41415
-0.41902
-0.423397
-0.427211
-0.430513
-0.433377
-0.435881
-0.438112
-0.440102
-0.441897
-0.443503
-0.444887
-0.446024
-0.446863
-0.447375
-0.447523
-0.447329
-0.446847
-0.446166
-0.445419
-0.44473
-0.444253
-0.444055
-0.444175
-0.444548
-0.445096
-0.445679
-0.446179
-0.446502
-0.446586
-0.446434
-0.446122
-0.445785
-0.445576
-0.445648
-0.44613
-0.447045
-0.448361
-0.449975
-0.451717
-0.453433
-0.455049
-0.456495
-0.457795
-0.458999
-0.460132
-0.461281
-0.462468
-0.463703
-0.46495
-0.466125
-0.467137
-0.467822
-0.468023
-0.467593
-0.466367
-0.464297
-0.461401
-0.457878
-0.454057
-0.450408
-0.447432
-0.445496
-0.444756
-0.44511
-0.446261
-0.44791
-0.449858
-0.452032
-0.454498
-0.457332
-0.460546
-0.464076
-0.467792
-0.471507
-0.475095
-0.478485
-0.48164
-0.484565
-0.487231
-0.489591
-0.49157
-0.493113
-0.494139
-0.494616
-0.494582
-0.494112
-0.493363
-0.492524
-0.491829
-0.491503
-0.491715
-0.492538
-0.493909
-0.495647
-0.497485
-0.499123
-0.500329
-0.500935
-0.500911
-0.5004
-0.499641
-0.498897
-0.498493
-0.498667
-0.499536
-0.50104
-0.503036
-0.505252
-0.507395
-0.509215
-0.510514
-0.511196
-0.511217
-0.510593
-0.509379
-0.507601
-0.505367
-0.502841
-0.500378
-0.498558
-0.49814
-0.499803
-0.503808
-0.50976
-0.516706
-0.523446
-0.528767
-0.531703
-0.53148
-0.52754
-0.519532
-0.507593
-0.492811
-0.477602
-0.465503
-0.459585
-0.460665
-0.466834
-0.474954
-0.482475
-0.48809
-0.491605
-0.493387
-0.49404
-0.494172
-0.494282
-0.494694
-0.495477
-0.496474
-0.49736
-0.497757
-0.497449
-0.496395
-0.494824
-0.493024
-0.491207
-0.489272
-0.486807
-0.483275
-0.478215
-0.471518
-0.463565
-0.455193
-0.447535
-0.441727
-0.438526
-0.438124
-0.440115
-0.443671
-0.447963
-0.452387
-0.45671
-0.460927
-0.465202
-0.469632
-0.474207
-0.478814
-0.483257
-0.487314
-0.490806
-0.493629
-0.495691
-0.49702
-0.497653
-0.497649
-0.497096
-0.496076
-0.494675
-0.492984
-0.491088
-0.489066
-0.48699
-0.484908
-0.48284
-0.480795
-0.478791
-0.476828
-0.474914
-0.4731
-0.471458
-0.470088
-0.469086
-0.468511
-0.468399
-0.468707
-0.469328
-0.470118
-0.470883
-0.471476
-0.471752
-0.471635
-0.471087
-0.470115
-0.468762
-0.467103
-0.465213
-0.463171
-0.461018
-0.458764
-0.456342
-0.453649
-0.45052
-0.446812
-0.442463
-0.437633
-0.432742
-0.428433
-0.425387
-0.423985
-0.424211
-0.425657
-0.427816
-0.430399
-0.433336
-0.436684
-0.440347
-0.443957
-0.446875
-0.448283
-0.447259
-0.442893
-0.434365
-0.421441
-0.405318
-0.389655
-0.380131
-0.381331
-0.393089
-0.410641
-0.428424
-0.443046
-0.453548
-0.460341
-0.464255
-0.466114
-0.466518
-0.4659
-0.464543
-0.462644
-0.460344
-0.457709
-0.454816
-0.451718
-0.448428
-0.444967
-0.441326
-0.437486
-0.43343
-0.429164
-0.424758
-0.420366
-0.416272
-0.412833
-0.410428
-0.409312
-0.409499
-0.410724
-0.412535
-0.414432
-0.41601
-0.417025
-0.417491
-0.417573
-0.417538
-0.417705
-0.418293
-0.419418
-0.421042
-0.423002
-0.425106
-0.427117
-0.428888
-0.430271
-0.431197
-0.431596
-0.431409
-0.43057
-0.428989
-0.426555
-0.423138
-0.418606
-0.412946
-0.406289
-0.399013
-0.391742
-0.385362
-0.380811
-0.378891
-0.379994
-0.384015
-0.390393
-0.398239
-0.40659
-0.414622
-0.421729
-0.42756
-0.432011
-0.435081
-0.436857
-0.437411
-0.436837
-0.435201
-0.432581
-0.429042
-0.424682
-0.419607
-0.413914
-0.407696
-0.401037
-0.394096
-0.387171
-0.380764
-0.375581
-0.372237
-0.371047
-0.371873
-0.374289
-0.377818
-0.382169
-0.387223
-0.392916
-0.399152
-0.405706
-0.412295
-0.418646
-0.424483
-0.429689
-0.434139
-0.437779
-0.440581
-0.442488
-0.443471
-0.443428
-0.442277
-0.439899
-0.436227
-0.431283
-0.425303
-0.418768
-0.41246
-0.407346
-0.404259
-0.403571
-0.405136
-0.408293
-0.412266
-0.416389
-0.420242
-0.42365
-0.426588
-0.429085
-0.431194
-0.432947
-0.434349
-0.435417
-0.436169
-0.436662
-0.436994
-0.437282
-0.437628
-0.438162
-0.438966
-0.440096
-0.441559
-0.443307
-0.445271
-0.447347
-0.449412
-0.45136
-0.453098
-0.454581
-0.455767
-0.456683
-0.457368
-0.457859
-0.458238
-0.458594
-0.458972
-0.459428
-0.459964
-0.460567
-0.461187
-0.461746
-0.462156
-0.462332
-0.462181
-0.461649
-0.46071
-0.459334
-0.457521
-0.455319
-0.452787
-0.450021
-0.447133
-0.444352
-0.441979
-0.440394
-0.439985
-0.441007
-0.443398
-0.446747
-0.450392
-0.45359
-0.455723
-0.456519
-0.456023
-0.454642
-0.453037
-0.451951
-0.452027
-0.453653
-0.45682
-0.461142
-0.465989
-0.470665
-0.474563
-0.477223
-0.478442
-0.478151
-0.47649
-0.473668
-0.469981
-0.465759
-0.461299
-0.456922
-0.452836
-0.449219
-0.446106
-0.443533
-0.441582
-0.440391
-0.440242
-0.441363
-0.443873
-0.447597
-0.45205
-0.456657
-0.460779
-0.463948
-0.465823
-0.466269
-0.465303
-0.463031
-0.459662
-0.455435
-0.450634
-0.445543
-0.44042
-0.435488
-0.430911
-0.4268
-0.423199
-0.420147
-0.417692
-0.415936
-0.415014
-0.415039
-0.416059
-0.417986
-0.420545
-0.423397
-0.426105
-0.428287
-0.42967
-0.430127
-0.429664
-0.428424
-0.426616
-0.42441
-0.421909
-0.419072
-0.415808
-0.411999
-0.407656
-0.402972
-0.39834
-0.39432
-0.391513
-0.390322
-0.390953
-0.393325
-0.397142
-0.40206
-0.407681
-0.413676
-0.419765
-0.425694
-0.431235
-0.436136
-0.440178
-0.4432
-0.445061
-0.445671
-0.444996
-0.443052
-0.43988
-0.435623
-0.430446
-0.424634
-0.418491
-0.412388
-0.406626
-0.401422
-0.396899
-0.39309
-0.390028
-0.387783
-0.386475
-0.386213
-0.387045
-0.388883
-0.391533
-0.394705
-0.39807
-0.401339
-0.404292
-0.406739
-0.40852
-0.409482
-0.409483
-0.408399
-0.40614
-0.402673
-0.398173
-0.393006
-0.387707
-0.382957
-0.379411
-0.377517
-0.377347
-0.378651
-0.380976
-0.383816
-0.386724
-0.389393
-0.391666
-0.393457
-0.39477
-0.395644
-0.396127
-0.396274
-0.396136
-0.395787
-0.395268
-0.394649
-0.393985
-0.393295
-0.392589
-0.391826
-0.390943
-0.389847
-0.388458
-0.38669
-0.384533
-0.382004
-0.379211
-0.376303
-0.373476
-0.370903
-0.368727
-0.367046
-0.365842
-0.365028
-0.36445
-0.363914
-0.363158
-0.361958
-0.360109
-0.357463
-0.354017
-0.349936
-0.345525
-0.341308
-0.337916
-0.335996
-0.336033
-0.338198
-0.342316
-0.347921
-0.354352
-0.360901
-0.366976
-0.37213
-0.376092
-0.378715
-0.379989
-0.379962
-0.378693
-0.37628
-0.372797
-0.368382
-0.363151
-0.357321
-0.351157
-0.345019
-0.339361
-0.334715
-0.33157
-0.330304
-0.33105
-0.3337
-0.337889
-0.343106
-0.348832
-0.354614
-0.360095
-0.365028
-0.369235
-0.372599
-0.375034
-0.376456
-0.376778
-0.375973
-0.374057
-0.371114
-0.367358
-0.363123
-0.358823
-0.354869
-0.351502
-0.348679
-0.346078
-0.343168
-0.339398
-0.33441
-0.328185
-0.321159
-0.314131
-0.308062
-0.303736
-0.301542
-0.301483
-0.303366
-0.307025
-0.312431
-0.319571
-0.328307
-0.338173
-0.348438
-0.358243
-0.366798
-0.373625
-0.378489
-0.381418
-0.382627
-0.382428
-0.381203
-0.379393
-0.377443
-0.375792
-0.374783
-0.374601
-0.375274
-0.376655
-0.378457
-0.380297
-0.381779
-0.382476
-0.381948
-0.379751
-0.375491
-0.368826
-0.359544
-0.34776
-0.334046
-0.319519
-0.305841
-0.294988
-0.288714
-0.288037
-0.292819
-0.301946
-0.313839
-0.326971
-0.34018
-0.352699
-0.364023
-0.373885
-0.382155
-0.388842
-0.394088
-0.398072
-0.401061
-0.403315
-0.405081
-0.406552
-0.407895
-0.40921
-0.410581
-0.411983
-0.4134
-0.414718
-0.415841
-0.416627
-0.416932
-0.416583
-0.415421
-0.413289
-0.410065
-0.405666
-0.400059
-0.393264
-0.385367
-0.376567
-0.36721
-0.357869
-0.349384
-0.342826
-0.339186
-0.339053
-0.342391
-0.348583
-0.356681
-0.365665
-0.374744
-0.383342
-0.391138
-0.397975
-0.403818
-0.408673
-0.412632
-0.415769
-0.418188
-0.420031
-0.421407
-0.422474
-0.42335
-0.424167
-0.425029
-0.426041
-0.427216
-0.428604
-0.430195
-0.431949
-0.433783
-0.435566
-0.437141
-0.43831
-0.438871
-0.438623
-0.4374
-0.435107
-0.431731
-0.427343
-0.422051
-0.415945
-0.409014
-0.401134
-0.392152
-0.382098
-0.371556
-0.361957
-0.355374
-0.353746
-0.357778
-0.366598
-0.378231
-0.390582
-0.402053
-0.411704
-0.419033
-0.423813
-0.42601
-0.425873
-0.424077
-0.421809
-0.420607
-0.421794
-0.425936
-0.432504
-0.440228
-0.447725
-0.454018
-0.458648
-0.461506
-0.462767
-0.462698
-0.461549
-0.459559
-0.456917
-0.453755
-0.450155
-0.446156
-0.441732
-0.436788
-0.43118
-0.424754
-0.417346
-0.40893
-0.399631
-0.389879
-0.380378
-0.37204
-0.365738
-0.362065
-0.36109
-0.362271
-0.364629
-0.36694
-0.368008
-0.366932
-0.363469
-0.358316
-0.353463
-0.351791
-0.355849
-0.366284
-0.381288
-0.397632
-0.412205
-0.423049
-0.429404
-0.431388
-0.429662
-0.425227
-0.419261
-0.413056
-0.407811
-0.404425
-0.403321
-0.404403
-0.407185
-0.411016
-0.415255
-0.41934
-0.422769
-0.425119
-0.425983
-0.425005
-0.421985
-0.417018
-0.410785
-0.40457
-0.40016
-0.399097
-0.401915
-0.407799
-0.415126
-0.422177
-0.427775
-0.431333
-0.432746
-0.432148
-0.429786
-0.425927
-0.420881
-0.415004
-0.40871
-0.402491
-0.396817
-0.392106
-0.388605
-0.386348
-0.385229
-0.385051
-0.385595
-0.386697
-0.388246
-0.390198
-0.392511
-0.395163
-0.398097
-0.401192
-0.404299
-0.407208
-0.409736
-0.411713
-0.412987
-0.413504
-0.413237
-0.412239
-0.410619
-0.408516
-0.4061
-0.403539
-0.400988
-0.398593
-0.396485
-0.394787
-0.393621
-0.393148
-0.393478
-0.394664
-0.396669
-0.399367
-0.402537
-0.405911
-0.409189
-0.41212
-0.414528
-0.416303
-0.417431
-0.417958
-0.418004
-0.417712
-0.417248
-0.416759
-0.416367
-0.416142
-0.416129
-0.416325
-0.416675
-0.417148
-0.417665
-0.418206
-0.418736
-0.419225
-0.419661
-0.420052
-0.420396
-0.420716
-0.420988
-0.421235
-0.42145
-0.421638
-0.421783
-0.421876
-0.421875
-0.42174
-0.421427
-0.420866
-0.41997
-0.418681
-0.416906
-0.414569
-0.411591
-0.407956
-0.403703
-0.399012
-0.394216
-0.389813
-0.386412
-0.384522
-0.384387
-0.385831
-0.388287
-0.390986
-0.3931
-0.394066
-0.393657
-0.392099
-0.39
-0.388307
-0.387988
-0.389795
-0.393951
-0.40012
-0.407487
-0.415139
-0.422188
-0.428041
-0.432372
-0.435071
-0.436244
-0.436046
-0.434723
-0.43255
-0.429796
-0.426742
-0.42363
-0.420663
-0.418013
-0.415798
-0.414076
-0.412805
-0.41198
-0.41148
-0.411205
-0.410981
-0.410617
-0.409847
-0.40837
-0.405875
-0.4021
-0.396911
-0.39053
-0.383609
-0.377337
-0.373195
-0.372421
-0.37542
-0.381552
-0.389501
-0.397859
-0.405565
-0.412057
-0.417073
-0.420658
-0.422893
-0.423918
-0.423847
-0.422753
-0.420711
-0.417779
-0.414012
-0.409479
-0.404276
-0.398565
-0.392519
-0.386361
-0.380349
-0.374728
-0.369743
-0.36556
-0.362276
-0.359915
-0.358414
-0.357674
-0.357564
-0.358017
-0.358946
-0.360277
-0.361965
-0.363951
-0.366205
-0.368647
-0.371196
-0.373784
-0.376321
-0.378744
-0.380979
-0.382977
-0.384725
-0.386168
-0.387293
-0.388116
-0.388639
-0.388876
-0.388855
-0.388594
-0.388127
-0.387486
-0.386674
-0.385694
-0.384546
-0.383204
-0.381659
-0.379861
-0.377805
-0.375446
-0.372792
-0.369827
-0.366584
-0.363108
-0.359418
-0.355595
-0.351663
-0.347696
-0.343725
-0.339803
-0.335983
-0.332385
-0.329143
-0.326424
-0.324356
-0.323063
-0.322579
-0.322863
-0.323827
-0.32539
-0.327469
-0.329964
-0.332802
-0.335856
-0.338972
-0.341988
-0.344745
-0.34712
-0.34904
-0.350476
-0.351412
-0.351891
-0.351965
-0.351674
-0.351066
-0.350204
-0.349119
-0.347869
-0.346507
-0.345074
-0.343606
-0.342168
-0.340776
-0.339484
-0.338324
-0.337323
-0.3365
-0.335869
-0.335437
-0.335223
-0.335198
-0.335372
-0.335762
-0.33633
-0.337053
-0.337873
-0.338739
-0.33953
-0.340146
-0.340457
-0.34035
-0.339726
-0.338498
-0.336636
-0.334176
-0.331183
-0.327816
-0.324295
-0.320827
-0.317648
-0.314959
-0.312881
-0.311539
-0.310937
-0.311104
-0.312038
-0.313702
-0.316071
-0.319031
-0.322427
-0.326015
-0.329504
-0.332589
-0.335006
-0.336501
-0.336912
-0.336147
-0.334307
-0.331622
-0.32855
-0.325709
-0.323775
-0.323275
-0.324464
-0.327173
-0.330947
-0.335204
-0.339421
-0.343234
-0.346461
-0.34906
-0.35109
-0.352652
-0.353865
-0.354868
-0.355765
-0.356659
-0.357609
-0.358681
-0.359888
-0.36125
-0.362737
-0.364315
-0.365922
-0.367487
-0.368954
-0.37021
-0.371186
-0.371801
-0.371985
-0.371679
-0.370827
-0.369416
-0.367449
-0.364974
-0.362055
-0.358794
-0.355324
-0.351802
-0.348374
-0.345192
-0.342453
-0.340422
-0.339427
-0.339876
-0.34213
-0.346389
-0.352505
-0.359997
-0.368129
-0.37614
-0.383389
-0.38944
-0.394069
-0.397207
-0.398925
-0.399374
-0.398727
-0.3972
-0.395016
-0.392418
-0.389615
-0.386835
-0.384252
-0.381968
-0.380057
-0.378529
-0.37737
-0.376576
-0.376175
-0.376202
-0.376717
-0.377761
-0.379352
-0.381451
-0.383933
-0.386694
-0.389577
-0.392443
-0.39519
-0.397749
-0.400096
-0.402224
-0.404139
-0.405876
-0.40744
-0.408885
-0.410223
-0.411463
-0.412608
-0.413628
-0.41442
-0.414882
-0.414835
-0.414091
-0.412415
-0.409598
-0.405427
-0.3998
-0.392741
-0.384493
-0.375715
-0.367496
-0.361311
-0.358604
-0.360169
-0.36569
-0.373913
-0.383213
-0.392217
-0.400082
-0.406466
-0.411324
-0.414774
-0.416977
-0.418076
-0.418172
-0.417296
-0.415412
-0.412445
-0.408257
-0.402677
-0.395539
-0.386802
-0.376682
-0.365898
-0.355669
-0.347613
-0.343067
-0.342386
-0.344806
-0.348924
-0.353486
-0.357798
-0.361735
-0.365389
-0.368847
-0.372047
-0.374824
-0.377024
-0.378535
-0.379339
-0.37953
-0.379191
-0.378471
-0.377505
-0.376393
-0.375267
-0.374227
-0.373328
-0.372622
-0.372152
-0.371955
-0.372016
-0.372325
-0.372869
-0.373599
-0.374488
-0.375469
-0.376508
-0.377549
-0.378569
-0.379524
-0.38039
-0.381173
-0.381852
-0.382418
-0.382897
-0.383325
-0.383705
-0.384058
-0.384393
-0.384732
-0.385058
-0.385363
-0.385614
-0.38577
-0.385745
-0.385409
-0.384604
-0.383139
-0.380749
-0.377172
-0.372194
-0.365783
-0.35821
-0.350209
-0.342932
-0.3376
-0.335011
-0.335046
-0.336747
-0.338786
-0.340042
-0.339967
-0.338626
-0.336513
-0.334444
-0.333175
-0.333296
-0.335017
-0.338198
-0.342452
-0.347348
-0.352478
-0.357528
-0.362273
-0.366552
-0.370243
-0.373279
-0.375628
-0.377322
-0.378432
-0.379049
-0.379275
-0.379198
-0.378884
-0.378364
-0.377622
-0.376614
-0.375259
-0.37346
-0.37114
-0.368238
-0.364714
-0.36065
-0.356173
-0.351517
-0.346982
-0.342948
-0.339765
-0.337753
-0.337075
-0.337744
-0.339632
-0.342502
-0.346038
-0.349951
-0.353972
-0.357918
-0.361594
-0.364937
-0.367874
-0.370379
-0.372442
-0.374078
-0.375297
-0.376116
-0.376546
-0.376612
-0.376332
-0.375724
-0.37482
-0.37363
-0.372193
-0.370582
-0.368849
-0.367046
-0.365229
-0.363422
-0.361646
-0.359894
-0.358175
-0.356578
-0.355273
-0.354468
-0.354458
-0.355435
-0.357483
-0.360493
-0.364208
-0.3683
-0.372427
-0.376347
-0.379915
-0.383043
-0.385715
-0.387982
-0.389886
-0.391516
-0.392912
-0.394114
-0.395172
-0.396107
-0.396959
-0.397727
-0.398444
-0.399137
-0.399813
-0.400501
-0.401203
-0.401969
-0.402824
-0.403773
-0.404857
-0.406077
-0.407439
-0.408931
-0.410557
-0.412284
-0.414078
-0.415911
-0.417743
-0.419563
-0.421354
-0.423096
-0.424769
-0.426348
-0.427802
-0.429073
-0.430051
-0.430624
-0.430649
-0.429978
-0.428525
-0.4262
-0.423025
-0.419119
-0.414705
-0.410094
-0.405644
-0.401671
-0.398331
-0.395606
-0.393308
-0.39117
-0.388927
-0.386512
-0.384164
-0.382411
-0.381972
-0.383384
-0.386719
-0.391519
-0.396918
-0.402109
-0.406484
-0.409854
-0.41223
-0.413808
-0.414822
-0.415502
-0.416118
-0.41685
-0.41784
-0.41912
-0.420625
-0.422195
-0.423656
-0.424814
-0.425542
-0.425749
-0.425391
-0.424453
-0.422952
-0.420926
-0.418436
-0.415562
-0.412403
-0.409073
-0.405729
-0.402532
-0.39966
-0.397243
-0.3954
-0.394195
-0.393666
-0.393766
-0.394424
-0.39555
-0.39702
-0.398703
-0.400492
-0.402276
-0.40398
-0.405513
-0.406837
-0.407891
-0.408651
-0.4091
-0.409234
-0.409055
-0.408573
-0.407812
-0.406754
-0.405417
-0.403775
-0.401781
-0.399377
-0.396444
-0.39292
-0.388734
-0.383904
-0.378535
-0.372912
-0.367498
-0.362842
-0.35951
-0.357915
-0.358226
-0.36028
-0.363675
-0.367893
-0.3724
-0.376694
-0.380342
-0.382957
-0.384152
-0.38354
-0.380783
-0.375718
-0.368616
-0.360503
-0.353265
-0.349311
-0.350557
-0.35734
-0.368229
-0.380798
-0.392844
-0.402949
-0.410498
-0.415399
-0.417797
-0.417901
-0.415937
-0.412138
-0.406745
-0.400145
-0.392776
-0.385176
-0.37789
-0.371308
-0.365626
-0.36088
-0.357134
-0.354821
-0.354811
-0.357999
-0.364615
-0.373708
-0.383503
-0.392041
-0.397866
-0.400141
-0.39859
-0.393283
-0.384635
-0.373563
-0.361677
-0.351222
-0.344635
-0.343593
-0.348283
-0.357421
-0.368957
-0.380989
-0.392225
-0.401988
-0.410116
-0.416747
-0.42211
-0.426459
-0.430026
-0.432978
-0.435452
-0.43752
-0.439217
-0.440564
-0.441552
-0.442153
-0.442381
-0.44225
-0.44179
-0.441058
-0.440151
-0.439192
-0.43835
-0.437773
-0.437637
-0.438046
-0.439031
-0.440529
-0.44239
-0.444365
-0.446183
-0.447515
-0.448132
-0.447879
-0.446761
-0.444949
-0.442783
-0.440688
-0.439052
-0.438127
-0.437928
-0.438307
-0.438973
-0.43968
-0.440253
-0.440687
-0.441097
-0.441734
-0.442949
-0.444983
-0.447943
-0.451622
-0.455532
-0.459025
-0.461456
-0.462308
-0.461354
-0.458619
-0.454442
-0.449402
-0.44421
-0.439586
-0.436101
-0.434045
-0.433471
-0.4343
-0.436408
-0.43959
-0.443546
-0.447749
-0.451637
-0.454689
-0.456601
-0.457337
-0.457015
-0.45591
-0.454248
-0.452208
-0.449896
-0.447397
-0.444888
-0.442616
-0.440921
-0.44014
-0.44044
-0.441796
-0.443956
-0.446468
-0.448879
-0.450758
-0.45181
-0.451834
-0.450867
-0.448984
-0.446381
-0.443326
-0.440122
-0.437057
-0.434402
-0.432327
-0.430936
-0.430198
-0.429999
-0.430151
-0.43044
-0.430653
-0.430653
-0.430335
-0.42968
-0.428686
-0.427416
-0.425942
-0.424303
-0.422553
-0.420681
-0.418638
-0.416378
-0.413787
-0.410746
-0.407133
-0.402837
-0.397785
-0.39201
-0.385582
-0.378684
-0.371568
-0.364601
-0.358303
-0.353262
-0.3501
-0.349213
-0.350566
-0.353685
-0.357825
-0.362268
-0.366539
-0.370429
-0.373926
-0.37714
-0.380214
-0.383235
-0.386235
-0.389184
-0.392032
-0.394687
-0.397066
-0.399089
-0.400708
-0.401905
-0.402654
-0.40297
-0.40291
-0.402493
-0.401781
-0.400859
-0.399782
-0.398658
-0.39763
-0.396828
-0.396413
-0.396536
-0.397277
-0.398582
-0.400269
-0.40203
-0.403516
-0.404419
-0.404523
-0.403836
-0.402524
-0.400923
-0.399454
-0.398525
-0.398442
-0.399361
-0.401267
-0.40402
-0.407409
-0.411171
-0.415072
-0.418894
-0.422444
-0.425513
-0.427923
-0.429455
-0.429916
-0.429117
-0.426879
-0.423104
-0.417834
-0.411281
-0.403936
-0.39651
-0.389876
-0.38492
-0.382318
-0.382406
-0.385097
-0.389934
-0.39625
-0.403233
-0.410037
-0.415858
-0.420068
-0.422273
-0.422433
-0.420892
-0.41833
-0.415659
-0.413792
-0.413403
-0.414719
-0.417561
-0.421375
-0.425521
-0.42936
-0.432413
-0.434336
-0.434956
-0.434154
-0.431895
-0.428174
-0.422963
-0.41633
-0.408439
-0.399825
-0.391494
-0.384966
-0.381864
-0.383241
-0.388962
-0.397712
-0.407683
-0.417345
-0.425753
-0.432541
-0.437715
-0.441443
-0.443884
-0.445174
-0.445362
-0.444429
-0.442309
-0.438918
-0.434205
-0.428182
-0.42104
-0.413226
-0.405467
-0.398738
-0.39402
-0.392059
-0.393072
-0.396716
-0.402221
-0.408678
-0.415318
-0.421566
-0.427085
-0.43175
-0.43549
-0.438358
-0.440428
-0.441781
-0.442503
-0.442664
-0.442338
-0.441585
-0.440458
-0.438973
-0.437195
-0.435176
-0.432965
-0.430629
-0.428265
-0.425961
-0.423791
-0.421831
-0.420136
-0.418738
-0.417597
-0.416686
-0.415915
-0.415182
-0.414378
-0.413364
-0.412039
-0.410314
-0.408133
-0.405527
-0.402571
-0.399375
-0.396031
-0.392536
-0.388751
-0.384414
-0.379341
-0.37362
-0.367776
-0.362852
-0.3599
-0.35958
-0.36181
-0.366025
-0.371582
-0.378063
-0.385157
-0.392539
-0.399756
-0.406332
-0.411876
-0.416175
-0.419189
-0.42103
-0.421864
-0.421892
-0.421297
-0.420221
-0.41875
-0.416941
-0.4148
-0.412305
-0.40943
-0.40622
-0.402773
-0.399329
-0.396218
-0.393836
-0.392513
-0.392414
-0.393498
-0.395481
-0.397913
-0.40028
-0.402134
-0.403133
-0.403068
-0.401897
-0.399696
-0.396654
-0.393083
-0.389346
-0.385882
-0.383095
-0.381373
-0.380953
-0.381881
-0.384043
-0.387141
-0.390781
-0.394575
-0.39816
-0.401261
-0.403733
-0.405462
-0.406441
-0.406701
-0.406291
-0.405285
-0.403728
-0.401701
-0.399238
-0.396342
-0.393008
-0.389162
-0.384759
-0.379826
-0.374583
-0.369463
-0.365127
-0.36229
-0.361501
-0.362894
-0.366127
-0.370463
-0.375119
-0.379419
-0.38287
-0.385162
-0.386089
-0.385556
-0.383495
-0.379903
-0.374887
-0.368717
-0.361852
-0.354968
-0.348886
-0.344432
-0.342167
-0.342246
-0.34432
-0.347782
-0.351969
-0.356344
-0.360574
-0.36449
-0.367929
-0.370751
-0.372816
-0.374028
-0.374441
-0.374229
-0.373715
-0.373319
-0.373435
-0.374321
-0.375998
-0.378245
-0.380735
-0.383088
-0.385021
-0.386382
-0.387137
-0.387363
-0.387225
-0.386887
-0.386503
-0.386208
-0.386064
-0.386086
-0.386219
-0.386403
-0.386558
-0.386596
-0.386472
-0.386141
-0.385593
-0.384846
-0.38392
-0.382848
-0.381652
-0.380357
-0.378953
-0.377463
-0.375886
-0.374199
-0.372446
-0.370662
-0.368898
-0.367238
-0.365768
-0.364588
-0.363796
-0.363457
-0.363599
-0.364206
-0.365222
-0.366572
-0.368187
-0.370024
-0.372
-0.374081
-0.376145
-0.378082
-0.379789
-0.381208
-0.382378
-0.383397
-0.384377
-0.385455
-0.386678
-0.388036
-0.389455
-0.390814
-0.391987
-0.392914
-0.393546
-0.393896
-0.394014
-0.39396
-0.393801
-0.393589
-0.393386
-0.393216
-0.393104
-0.393086
-0.393173
-0.393371
-0.393721
-0.39423
-0.394905
-0.395751
-0.396758
-0.39791
-0.399159
-0.400451
-0.40174
-0.402955
-0.404018
-0.404867
-0.405407
-0.405546
-0.405171
-0.404189
-0.402463
-0.399916
-0.396532
-0.392347
-0.387574
-0.382583
-0.377867
-0.374026
-0.371596
-0.370956
-0.372199
-0.375104
-0.379139
-0.383637
-0.387876
-0.391213
-0.393246
-0.393802
-0.393008
-0.391235
-0.388997
-0.386786
-0.384892
-0.383261
-0.381586
-0.379538
-0.376989
-0.374246
-0.372074
-0.371313
-0.372553
-0.375781
-0.380394
-0.385491
-0.390258
-0.394179
-0.397004
-0.398749
-0.399584
-0.399706
-0.399338
-0.398699
-0.397991
-0.397369
-0.396998
-0.397001
-0.397486
-0.398533
-0.40011
-0.402213
-0.404749
-0.407611
-0.410655
-0.413749
-0.416777
-0.419629
-0.422241
-0.424574
-0.426602
-0.428305
-0.429692
-0.430758
-0.431472
-0.431771
-0.431563
-0.430738
-0.429115
-0.426547
-0.422893
-0.41809
-0.412182
-0.405422
-0.398308
-0.391539
-0.385925
-0.382217
-0.380883
-0.38196
-0.385049
-0.389481
-0.394528
-0.399649
-0.404568
-0.409291
-0.414007
-0.418901
-0.424063
-0.429417
-0.434788
-0.43994
-0.44467
-0.448837
-0.452372
-0.455224
-0.457426
-0.458997
-0.460021
-0.460513
-0.460541
-0.460128
-0.459351
-0.458242
-0.4569
-0.455373
-0.453775
-0.452179
-0.450736
-0.449541
-0.448743
-0.448437
-0.448721
-0.449596
-0.451034
-0.452949
-0.455203
-0.457633
-0.460077
-0.462374
-0.464357
-0.465912
-0.46694
-0.467332
-0.466984
-0.465813
-0.463763
-0.460812
-0.456968
-0.452413
-0.447413
-0.442434
-0.438067
-0.434953
-0.43361
-0.434215
-0.436585
-0.440127
-0.444052
-0.447605
-0.450286
-0.451921
-0.452774
-0.453491
-0.454839
-0.457424
-0.461417
-0.466403
-0.471619
-0.476225
-0.479531
-0.481102
-0.480767
-0.478543
-0.474567
-0.469102
-0.46251
-0.455327
-0.448187
-0.44187
-0.437032
-0.434182
-0.433425
-0.434481
-0.436837
-0.439812
-0.44284
-0.445474
-0.447506
-0.448843
-0.449561
-0.449834
-0.449845
-0.44975
-0.449594
-0.449328
-0.448743
-0.447541
-0.445487
-0.442529
-0.438956
-0.43553
-0.433364
-0.433551
-0.436622
-0.442299
-0.449599
-0.457276
-0.464293
-0.47
-0.474138
-0.476698
-0.477772
-0.477515
-0.475994
-0.473224
-0.469103
-0.4634
-0.45591
-0.44662
-0.436005
-0.425267
-0.416194
-0.410662
-0.409597
-0.412582
-0.418225
-0.42498
-0.431766
-0.437976
-0.443354
-0.447816
-0.451395
-0.454184
-0.456328
-0.458008
-0.459351
-0.460452
-0.46133
-0.461978
-0.46232
-0.462316
-0.461931
-0.461181
-0.460098
-0.458751
-0.457177
-0.45539
-0.45333
-0.450914
-0.447986
-0.444377
-0.439971
-0.43484
-0.429209
-0.423614
-0.418743
-0.415325
-0.413975
-0.415101
-0.41873
-0.424502
-0.431656
-0.439197
-0.446133
-0.451718
-0.45557
-0.457615
-0.45803
-0.457136
-0.455287
-0.452857
-0.450154
-0.44745
-0.444944
-0.442748
-0.440939
-0.439559
-0.438587
-0.437944
-0.437563
-0.437333
-0.437144
-0.436891
-0.436518
-0.435976
-0.435278
-0.434465
-0.433607
-0.432767
-0.431994
-0.43129
-0.430626
-0.429884
-0.428893
-0.427426
-0.425223
-0.422011
-0.417588
-0.411886
-0.405076
-0.397738
-0.390832
-0.385615
-0.383263
-0.384298
-0.388365
-0.394388
-0.401067
-0.407325
-0.412546
-0.416501
-0.419278
-0.421128
-0.422305
-0.423095
-0.423726
-0.42437
-0.425118
-0.425992
-0.426969
-0.427983
-0.428921
-0.429699
-0.430196
-0.430328
-0.429988
-0.429109
-0.427658
-0.425644
-0.423152
-0.420356
-0.417515
-0.41493
-0.412938
-0.411768
-0.411534
-0.412138
-0.413349
-0.41486
-0.416361
-0.417601
-0.41843
-0.418791
-0.418722
-0.41831
-0.417722
-0.417094
-0.416582
-0.416283
-0.416203
-0.416246
-0.416298
-0.416187
-0.415751
-0.41492
-0.413666
-0.412011
-0.410046
-0.407792
-0.405302
-0.402581
-0.399641
-0.396575
-0.39355
-0.390885
-0.38901
-0.388361
-0.389263
-0.391875
-0.396073
-0.401573
-0.40792
-0.414627
-0.421233
-0.427373
-0.432766
-0.437239
-0.440705
-0.443123
-0.44449
-0.444783
-0.443993
-0.442091
-0.439092
-0.435096
-0.430356
-0.425247
-0.420261
-0.415874
-0.412372
-0.409739
-0.407743
-0.406093
-0.404676
-0.403646
-0.403313
-0.403966
-0.405677
-0.408261
-0.41134
-0.41457
-0.417709
-0.420685
-0.423498
-0.426194
-0.428727
-0.431054
-0.433001
-0.434349
-0.434874
-0.434336
-0.432559
-0.429467
-0.425148
-0.419838
-0.413874
-0.40766
-0.401537
-0.395789
-0.390793
-0.387226
-0.386158
-0.388682
-0.395058
-0.404268
-0.414246
-0.422749
-0.42809
-0.429389
-0.426533
-0.420066
-0.411031
-0.40093
-0.391502
-0.384353
-0.380435
-0.379809
-0.381737
-0.385155
-0.389222
-0.393489
-0.397925
-0.402583
-0.407466
-0.412419
-0.417222
-0.42165
-0.425507
-0.428647
-0.431008
-0.432595
-0.433464
-0.433709
-0.433477
-0.43293
-0.432254
-0.431621
-0.431196
-0.431057
-0.431282
-0.431875
-0.432789
-0.433932
-0.435209
-0.436529
-0.437766
-0.438822
-0.439625
-0.440143
-0.440366
-0.440275
-0.439938
-0.43941
-0.438788
-0.438178
-0.437664
-0.437335
-0.437231
-0.437343
-0.437642
-0.438052
-0.438466
-0.43876
-0.43887
-0.438699
-0.43819
-0.437327
-0.436113
-0.434578
-0.432774
-0.430777
-0.428698
-0.426632
-0.424696
-0.422992
-0.421584
-0.420539
-0.419881
-0.419647
-0.419811
-0.42036
-0.421215
-0.422292
-0.423443
-0.424518
-0.425372
-0.425882
-0.425987
-0.425678
-0.425053
-0.424208
-0.423334
-0.42259
-0.42213
-0.422052
-0.422413
-0.423204
-0.424371
-0.425808
-0.427403
-0.429033
-0.430618
-0.43207
-0.433319
-0.434315
-0.435032
-0.435419
-0.435432
-0.435024
-0.434141
-0.432745
-0.430806
-0.428322
-0.425352
-0.422041
-0.41861
-0.415329
-0.412523
-0.410465
-0.409324
-0.409131
-0.409808
-0.411168
-0.412993
-0.41507
-0.417235
-0.419387
-0.421447
-0.423373
-0.425137
-0.426725
-0.428112
-0.42926
-0.430151
-0.430714
-0.430829
-0.43035
-0.429091
-0.426816
-0.423239
-0.418149
-0.411427
-0.4032
-0.393963
-0.384665
-0.376521
-0.370704
-0.367871
-0.368
-0.370528
-0.374725
-0.379923
-0.385645
-0.39153
-0.39726
-0.402539
-0.407088
-0.410739
-0.413385
-0.415016
-0.415674
-0.415438
-0.414428
-0.412752
-0.410537
-0.407921
-0.405037
-0.40204
-0.39909
-0.396349
-0.393943
-0.392003
-0.390577
-0.389679
-0.389277
-0.389307
-0.389714
-0.390516
-0.391768
-0.393541
-0.395917
-0.398902
-0.402419
-0.406258
-0.4102
-0.413995
-0.417438
-0.420408
-0.422818
-0.424664
-0.425984
-0.426824
-0.427242
-0.42728
-0.427007
-0.426429
-0.425577
-0.424465
-0.423082
-0.421406
-0.419431
-0.417102
-0.414423
-0.411426
-0.408183
-0.404861
-0.401672
-0.398891
-0.396813
-0.395643
-0.395475
-0.396248
-0.39774
-0.399642
-0.401659
-0.403514
-0.405047
-0.406219
-0.407137
-0.408021
-0.409119
-0.410695
-0.412937
-0.41588
-0.419417
-0.423291
-0.427216
-0.430908
-0.434153
-0.436806
-0.438788
-0.440097
-0.440759
-0.440844
-0.440441
-0.439657
-0.43859
-0.43736
-0.436104
-0.434945
-0.433957
-0.433184
-0.432541
-0.431879
-0.430976
-0.429606
-0.427652
-0.425123
-0.422189
-0.4192
-0.416599
-0.414773
-0.414002
-0.414292
-0.415367
-0.416735
-0.417787
-0.417945
-0.416815
-0.414284
-0.410639
-0.406518
-0.402767
-0.400025
-0.398408
-0.397433
-0.396256
-0.394276
-0.39154
-0.388792
-0.387184
-0.387693
-0.390675
-0.395779
-0.402167
-0.408941
-0.415314
-0.420762
-0.424913
-0.427557
-0.428598
-0.428053
-0.42613
-0.423193
-0.419778
-0.41654
-0.41412
-0.413059
-0.41369
-0.416042
-0.419901
-0.424854
-0.430367
-0.43591
-0.441048
-0.445409
-0.448707
-0.450764
-0.451439
-0.450675
-0.44851
-0.445102
-0.440765
-0.436012
-0.431484
-0.427929
-0.426003
-0.42613
-0.428381
-0.432479
-0.437832
-0.443712
-0.449439
-0.454512
-0.45864
-0.461722
-0.463814
-0.46503
-0.465504
-0.465386
-0.464768
-0.463753
-0.462388
-0.460759
-0.458902
-0.456836
-0.454541
-0.452012
-0.449249
-0.446279
-0.443182
-0.440112
-0.437219
-0.434714
-0.432804
-0.431708
-0.431634
-0.43271
-0.43489
-0.437971
-0.441582
-0.445275
-0.448699
-0.45168
-0.454235
-0.456517
-0.458696
-0.46083
-0.462809
-0.464354
-0.465099
-0.464673
-0.462825
-0.459491
-0.454978
-0.450013
-0.445708
-0.443212
-0.44327
-0.445905
-0.450418
-0.455805
-0.461192
-0.466073
-0.470316
-0.474075
-0.477579
-0.481099
-0.484811
-0.488829
-0.493149
-0.497713
-0.502404
-0.507043
-0.51145
-0.51539
-0.518575
-0.52067
-0.521261
-0.519801
-0.515733
-0.508428
-0.497575
-0.483581
-0.468024
-0.453608
-0.443037
-0.437306
-0.435224
-0.434794
-0.435184
-0.437315
-0.44273
-0.451934
-0.463732
-0.476066
-0.48711
-0.495832
-0.502023
-0.505895
-0.507911
-0.508543
-0.508207
-0.50721
-0.50577
-0.504048
-0.502168
-0.500218
-0.498276
-0.496331
-0.494336
-0.492111
-0.489419
-0.486023
-0.481864
-0.477235
-0.472945
-0.470228
-0.470282
-0.473666
-0.479891
-0.487777
-0.495902
-0.503197
-0.509079
-0.513381
-0.51619
-0.517704
-0.518112
-0.517595
-0.516293
-0.514299
-0.511661
-0.508382
-0.504441
-0.499759
-0.494233
-0.487761
-0.480238
-0.471679
-0.462251
-0.452346
-0.442619
-0.43396
-0.427274
-0.42315
-0.421578
-0.42181
-0.4225
-0.422078
-0.419093
-0.412585
-0.402349
-0.389186
-0.37507
-0.362953
-0.356088
-0.356758
-0.365093
-0.37889
-0.394779
-0.409725
-0.421999
-0.431187
-0.437726
-0.442437
-0.446015
-0.448868
-0.450927
-0.451781
-0.450704
-0.44682
-0.439339
-0.428005
-0.413735
-0.399062
-0.387766
-0.38297
-0.385096
-0.391754
-0.399724
-0.406833
-0.412321
-0.416319
-0.41925
-0.421435
-0.423041
-0.42409
-0.424495
-0.424107
-0.422797
-0.42049
-0.417232
-0.413323
-0.409289
-0.405826
-0.403577
-0.402932
-0.403837
-0.405858
-0.408363
-0.410741
-0.412624
-0.413821
-0.414366
-0.414355
-0.413963
-0.413306
-0.412467
-0.411445
-0.410212
-0.408699
-0.406824
-0.404546
-0.401845
-0.398741
-0.395235
-0.391336
-0.387008
-0.382194
-0.376875
-0.371096
-0.365062
-0.35908
-0.353552
-0.348868
-0.345388
-0.343291
-0.342631
-0.343316
-0.345193
-0.348091
-0.35185
-0.356319
-0.361347
-0.366768
-0.372423
-0.378085
-0.383563
-0.388646
-0.393163
-0.397004
-0.400068
-0.402352
-0.403876
-0.404654
-0.404759
-0.404248
-0.40318
-0.401638
-0.399699
-0.397488
-0.395169
-0.392954
-0.391076
-0.389793
-0.38929
-0.389704
-0.390996
-0.393011
-0.39549
-0.39809
-0.400545
-0.402583
-0.404002
-0.404659
-0.404467
-0.403365
-0.40134
-0.39843
-0.394703
-0.390342
-0.385563
-0.380728
-0.376237
-0.372534
-0.370026
-0.368997
-0.369573
-0.371679
-0.375036
-0.379258
-0.383911
-0.388578
-0.392917
-0.396674
-0.399687
-0.401851
-0.403206
-0.403826
-0.403893
-0.40371
-0.403642
-0.404131
-0.405536
-0.408059
-0.411716
-0.416242
-0.421261
-0.426366
-0.431204
-0.435515
-0.43916
-0.442124
-0.444424
-0.446151
-0.447417
-0.448346
-0.449064
-0.449685
-0.450308
-0.450984
-0.451709
-0.452483
-0.45322
-0.453818
-0.454188
-0.454242
-0.453901
-0.453123
-0.4519
-0.450245
-0.448187
-0.44576
-0.44303
-0.4401
-0.437083
-0.434132
-0.431397
-0.428991
-0.42693
-0.425128
-0.423408
-0.421489
-0.41913
-0.416194
-0.412787
-0.409339
-0.406489
-0.404883
-0.404809
-0.406105
-0.408226
-0.410573
-0.412799
-0.41486
-0.416973
-0.419416
-0.422375
-0.425858
-0.429683
-0.433519
-0.437077
-0.440106
-0.442442
-0.44403
-0.444891
-0.445087
-0.444695
-0.44379
-0.442474
-0.440762
-0.438703
-0.436302
-0.43358
-0.430519
-0.427126
-0.423419
-0.419455
-0.415303
-0.411099
-0.406996
-0.403172
-0.399806
-0.397045
-0.394961
-0.393584
-0.392874
-0.392751
-0.393111
-0.39386
-0.394857
-0.395945
-0.39691
-0.397442
-0.39714
-0.395519
-0.391964
-0.385796
-0.376527
-0.364182
-0.349954
-0.336598
-0.327788
-0.32618
-0.33154
-0.340971
-0.35093
-0.359022
-0.364332
-0.367001
-0.367566
-0.366657
-0.364836
-0.362494
-0.359957
-0.357476
-0.35524
-0.353404
-0.352073
-0.351324
-0.351159
-0.351556
-0.352432
-0.353695
-0.35521
-0.356854
-0.358537
-0.360157
-0.361651
-0.362968
-0.364081
-0.364966
-0.365614
-0.366003
-0.366095
-0.365858
-0.365235
-0.364162
-0.362542
-0.36028
-0.357321
-0.353613
-0.349193
-0.344201
-0.338916
-0.333759
-0.329265
-0.32601
-0.324415
-0.324707
-0.326812
-0.330384
-0.334881
-0.339731
-0.344411
-0.348467
-0.351575
-0.353453
-0.353848
-0.352476
-0.349069
-0.343479
-0.335927
-0.327375
-0.319672
-0.315175
-0.315687
-0.321297
-0.330212
-0.339793
-0.347791
-0.352867
-0.354641
-0.353327
-0.349655
-0.344718
-0.339885
-0.336561
-0.335715
-0.337631
-0.341783
-0.347172
-0.35277
-0.357781
-0.361755
-0.364517
-0.366095
-0.366596
-0.366176
-0.364991
-0.363247
-0.361122
-0.358823
-0.356613
-0.354699
-0.353268
-0.352409
-0.352134
-0.352338
-0.352849
-0.353437
-0.353858
-0.353889
-0.353374
-0.352232
-0.350503
-0.348322
-0.345979
-0.343856
-0.342354
-0.341815
-0.342452
-0.344248
-0.347001
-0.350359
-0.35397
-0.357504
-0.360742
-0.363537
-0.365857
-0.367708
-0.36915
-0.370223
-0.371014
-0.371589
-0.372011
-0.372357
-0.372721
-0.373199
-0.37388
-0.374863
-0.376212
-0.377949
-0.38008
-0.382541
-0.385242
-0.388074
-0.39093
-0.39368
-0.396198
-0.398366
-0.400093
-0.401239
-0.401712
-0.401359
-0.400036
-0.397541
-0.393669
-0.38813
-0.380645
-0.370921
-0.358766
-0.344262
-0.327996
-0.311253
-0.296143
-0.285427
-0.281644
-0.286144
-0.298309
-0.315755
-0.335429
-0.354681
-0.371843
-0.386147
-0.397424
-0.405787
-0.411444
-0.414597
-0.415413
-0.414026
-0.410548
-0.405187
-0.398225
-0.390123
-0.381511
-0.373142
-0.365742
-0.359887
-0.355938
-0.354079
-0.354342
-0.356686
-0.360883
-0.36646
-0.372672
-0.378695
-0.383814
-0.387542
-0.389675
-0.390244
-0.389451
-0.38761
-0.385057
-0.382173
-0.379287
-0.37665
-0.374486
-0.372875
-0.371827
-0.37124
-0.370952
-0.370811
-0.370665
-0.370406
-0.370041
-0.369614
-0.369269
-0.369181
-0.369503
-0.370288
-0.371505
-0.37305
-0.374739
-0.376405
-0.37786
-0.378956
-0.379555
-0.379496
-0.378585
-0.376571
-0.373182
-0.368202
-0.361589
-0.353692
-0.345433
-0.33822
-0.333611
-0.332545
-0.334845
-0.339348
-0.344506
-0.349052
-0.352249
-0.353886
-0.354124
-0.35336
-0.352129
-0.350982
-0.35046
-0.350913
-0.35244
-0.354807
-0.35754
-0.360037
-0.361653
-0.361833
-0.360091
-0.356058
-0.349574
-0.340827
-0.330599
-0.320376
-0.312113
-0.307437
-0.306755
-0.308911
-0.311823
-0.313441
-0.312553
-0.309086
-0.304081
-0.299414
-0.297091
-0.298385
-0.303165
-0.31014
-0.317653
-0.324387
-0.329661
-0.333324
-0.335505
-0.336402
-0.336253
-0.335171
-0.333235
-0.330467
-0.326906
-0.322675
-0.318023
-0.313409
-0.309471
-0.306876
-0.306165
-0.307494
-0.310588
-0.314875
-0.31964
-0.324269
-0.328333
-0.331623
-0.334066
-0.335671
-0.336527
-0.336738
-0.336403
-0.335614
-0.334473
-0.333075
-0.331553
-0.329984
-0.328534
-0.327261
-0.326278
-0.325647
-0.325381
-0.325475
-0.325848
-0.32643
-0.327099
-0.327773
-0.328358
-0.328796
-0.329026
-0.329038
-0.3288
-0.328309
-0.327572
-0.326619
-0.325477
-0.324196
-0.322845
-0.321532
-0.320322
-0.319317
-0.318587
-0.318167
-0.31806
-0.318256
-0.318701
-0.31932
-0.320027
-0.320756
-0.32146
-0.322071
-0.322582
-0.322986
-0.323313
-0.323602
-0.323911
-0.32428
-0.32476
-0.32536
-0.326124
-0.32703
-0.328077
-0.329228
-0.330489
-0.331819
-0.33321
-0.334651
-0.336131
-0.337662
-0.339223
-0.340802
-0.342377
-0.343935
-0.345439
-0.34687
-0.348169
-0.349293
-0.350209
-0.350862
-0.351196
-0.351197
-0.350832
-0.350125
-0.349134
-0.347991
-0.346861
-0.345938
-0.345418
-0.34546
-0.346117
-0.347351
-0.349025
-0.350938
-0.352916
-0.35479
-0.356469
-0.357966
-0.359361
-0.360768
-0.362315
-0.364086
-0.366081
-0.368208
-0.370241
-0.371877
-0.37272
-0.372388
-0.370555
-0.367114
-0.362348
-0.357143
-0.352867
-0.35101
-0.352481
-0.357
-0.363177
-0.369227
-0.373619
-0.375441
-0.374418
-0.370754
-0.364976
-0.357859
-0.350344
-0.343476
-0.338265
-0.335507
-0.335696
-0.338903
-0.344713
-0.352418
-0.361099
-0.369883
-0.378109
-0.38538
-0.391563
-0.396657
-0.400689
-0.403703
-0.405748
-0.406822
-0.406943
-0.406125
-0.404404
-0.401844
-0.398543
-0.394651
-0.390394
-0.386135
-0.382338
-0.37956
-0.378243
-0.378618
-0.38053
-0.38347
-0.386753
-0.389687
-0.391749
-0.39264
-0.392309
-0.390844
-0.388421
-0.385296
-0.381704
-0.377921
-0.37418
-0.370684
-0.367602
-0.365026
-0.363023
-0.361601
-0.360687
-0.360157
-0.359849
-0.359525
-0.358932
-0.357751
-0.355669
-0.35242
-0.347807
-0.341818
-0.334758
-0.327336
-0.320576
-0.315618
-0.313211
-0.313404
-0.31545
-0.318278
-0.320869
-0.322654
-0.323446
-0.32342
-0.322944
-0.32241
-0.322175
-0.322446
-0.323271
-0.324551
-0.326119
-0.327755
-0.329303
-0.330629
-0.33166
-0.332422
-0.332954
-0.333314
-0.333567
-0.33378
-0.333994
-0.334248
-0.334547
-0.334906
-0.3353
-0.335729
-0.33616
