1.80068
1.8011
1.80121
1.80103
1.8005
1.79961
1.79831
1.79652
1.79423
1.7914
1.7881
1.78446
1.78073
1.77725
1.77437
1.77236
1.7713
1.77104
1.77123
1.77142
1.77118
1.77025
1.76853
1.76614
1.76339
1.76075
1.7588
1.75805
1.7589
1.76149
1.76566
1.77099
1.77694
1.78291
1.78839
1.79296
1.79626
1.798
1.79787
1.79545
1.79031
1.78199
1.7703
1.75572
1.73994
1.72595
1.71728
1.71631
1.72308
1.73545
1.75049
1.76565
1.77928
1.79056
1.7993
1.80568
1.80999
1.81259
1.81378
1.81383
1.81298
1.81149
1.80963
1.8077
1.80597
1.8046
1.80357
1.80268
1.80154
1.79975
1.79705
1.79347
1.78938
1.78542
1.78212
1.77974
1.77804
1.7766
1.77503
1.77316
1.771
1.76843
1.76515
1.7607
1.7548
1.74751
1.73942
1.7315
1.72492
1.72082
1.72004
1.72295
1.72934
1.73844
1.74906
1.75992
1.76991
1.77823
1.78446
1.78852
1.79059
1.7911
1.7906
1.78972
1.78904
1.78905
1.79006
1.79222
1.79554
1.79987
1.8049
1.81026
1.81553
1.82036
1.82447
1.82771
1.83004
1.83149
1.83216
1.83214
1.83154
1.83047
1.82901
1.82724
1.82522
1.82298
1.82055
1.81796
1.81526
1.81252
1.80987
1.80748
1.80557
1.80435
1.80396
1.80446
1.8058
1.8078
1.81023
1.81286
1.81546
1.81785
1.81991
1.82154
1.82272
1.82341
1.82364
1.82347
1.82297
1.82229
1.82158
1.82103
1.82086
1.82124
1.82234
1.82425
1.82696
1.8304
1.83439
1.83872
1.84314
1.84741
1.85136
1.85486
1.85785
1.86035
1.86238
1.86401
1.86529
1.86627
1.86696
1.86739
1.86753
1.86736
1.86687
1.86603
1.86483
1.86327
1.8614
1.85925
1.85692
1.8545
1.85214
1.84998
1.84819
1.84696
1.84639
1.84655
1.84735
1.84857
1.84988
1.8509
1.85128
1.85076
1.84923
1.84672
1.84341
1.83962
1.83574
1.83219
1.82933
1.82742
1.82653
1.82661
1.82746
1.82883
1.83049
1.83229
1.83419
1.83627
1.83865
1.84151
1.84494
1.84896
1.85348
1.85827
1.86307
1.86761
1.87163
1.87489
1.87723
1.87851
1.87861
1.87743
1.87486
1.87087
1.86552
1.85903
1.85194
1.8451
1.83957
1.83634
1.83597
1.8383
1.84261
1.84787
1.85313
1.85765
1.86096
1.86276
1.86283
1.86096
1.85699
1.8509
1.843
1.83412
1.8257
1.81943
1.81663
1.81756
1.82134
1.82644
1.83145
1.8354
1.83789
1.83891
1.83873
1.83777
1.83654
1.8355
1.83501
1.83529
1.83636
1.83813
1.84042
1.843
1.8456
1.84793
1.84973
1.85078
1.85093
1.85015
1.84847
1.84598
1.84278
1.83902
1.83489
1.83079
1.82727
1.82499
1.82444
1.82564
1.82805
1.83085
1.8332
1.83456
1.83475
1.83388
1.83227
1.83027
1.82819
1.8263
1.82474
1.82359
1.82285
1.82249
1.82242
1.82255
1.82275
1.82287
1.82279
1.82238
1.82152
1.82009
1.81801
1.8152
1.81164
1.80742
1.8028
1.79825
1.79439
1.79188
1.7912
1.79246
1.79532
1.79916
1.80328
1.80707
1.81015
1.81233
1.81355
1.81383
1.81323
1.81182
1.80965
1.80682
1.80343
1.79964
1.79569
1.79188
1.78858
1.78615
1.78483
1.78471
1.78567
1.78745
1.78969
1.79205
1.79425
1.7961
1.79752
1.79848
1.799
1.79915
1.79899
1.79859
1.79805
1.79744
1.79682
1.79625
1.79579
1.79547
1.79531
1.79531
1.79547
1.79575
1.79614
1.7966
1.7971
1.79762
1.79815
1.79868
1.79921
1.79973
1.80023
1.80068
1.80105
1.8013
1.80136
1.80119
1.80075
1.80002
1.79903
1.7978
1.79642
1.79494
1.7934
1.7918
1.79007
1.78808
1.78563
1.78251
1.77855
1.77366
1.76796
1.76185
1.75604
1.75144
1.74892
1.74905
1.75187
1.75692
1.76342
1.77051
1.77743
1.78361
1.78871
1.79257
1.79519
1.79665
1.79715
1.7969
1.79617
1.79521
1.79421
1.79333
1.79263
1.7921
1.79168
1.7913
1.79087
1.79035
1.7897
1.78893
1.78807
1.78714
1.78621
1.7853
1.78444
1.78367
1.78301
1.78248
1.78208
1.78185
1.78179
1.78189
1.78215
1.78255
1.78306
1.78362
1.7842
1.78473
1.78518
1.78552
1.78574
1.78586
1.78594
1.78607
1.78636
1.78693
1.78788
1.7893
1.79118
1.7935
1.79613
1.79894
1.80176
1.80442
1.80677
1.80867
1.81
1.81069
1.81065
1.80986
1.80832
1.80608
1.80327
1.80006
1.79669
1.79336
1.79027
1.78753
1.78517
1.78316
1.78147
1.78006
1.77894
1.77813
1.77767
1.7776
1.77796
1.77875
1.77992
1.78134
1.78279
1.78406
1.78502
1.7857
1.78633
1.78736
1.78922
1.79218
1.79621
1.80096
1.80595
1.81068
1.81476
1.81798
1.82028
1.82168
1.82226
1.82212
1.82135
1.82004
1.81827
1.81614
1.81373
1.81118
1.80863
1.80625
1.80421
1.80269
1.8018
1.80162
1.80215
1.8033
1.80494
1.80688
1.80895
1.81102
1.813
1.81487
1.81667
1.8185
1.82044
1.82255
1.82483
1.82723
1.8296
1.83176
1.83354
1.8348
1.8355
1.83575
1.83578
1.83597
1.83673
1.83843
1.84122
1.84498
1.84938
1.85394
1.85815
1.8616
1.86399
1.86515
1.86497
1.86345
1.86062
1.85657
1.85148
1.84561
1.83932
1.83308
1.82749
1.8232
1.82093
1.82131
1.82473
1.83115
1.84004
1.85049
1.86147
1.87204
1.88156
1.88964
1.89613
1.90105
1.90454
1.90679
1.90806
1.9086
1.90864
1.90838
1.90793
1.90733
1.90658
1.90565
1.90456
1.90338
1.90224
1.90136
1.90101
1.90148
1.903
1.9057
1.90954
1.91427
1.91949
1.92468
1.92937
1.93321
1.93606
1.93797
1.93924
1.94025
1.94143
1.9431
1.94535
1.94808
1.95098
1.95363
1.95559
1.95644
1.95582
1.95344
1.9491
1.94272
1.93445
1.92469
1.91415
1.90374
1.89437
1.88664
1.88066
1.87613
1.87256
1.86968
1.86754
1.86657
1.86726
1.86989
1.87427
1.87977
1.88551
1.89065
1.89464
1.89731
1.89881
1.89953
1.89995
1.90045
1.90123
1.90229
1.90349
1.90461
1.90543
1.90579
1.90561
1.90486
1.90359
1.90194
1.9001
1.89833
1.89693
1.89614
1.89612
1.89685
1.89821
1.89994
1.90176
1.90341
1.90468
1.90545
1.90565
1.90523
1.90419
1.9025
1.90013
1.89704
1.89318
1.88852
1.88304
1.8768
1.86998
1.86292
1.85609
1.85013
1.84562
1.84299
1.84239
1.8436
1.84621
1.8497
1.85359
1.85752
1.86126
1.86466
1.86767
1.87025
1.87239
1.87408
1.87533
1.87611
1.87642
1.87626
1.87563
1.87452
1.87298
1.87104
1.86877
1.86627
1.86368
1.86116
1.85888
1.85698
1.85559
1.85477
1.85453
1.85485
1.85565
1.85687
1.85841
1.86021
1.86219
1.86429
1.86645
1.86858
1.87064
1.87257
1.87431
1.87582
1.87706
1.87801
1.87863
1.87891
1.87883
1.87838
1.87755
1.87633
1.8747
1.87266
1.8702
1.86732
1.86401
1.86031
1.85626
1.85198
1.84763
1.84345
1.83972
1.83674
1.83475
1.83391
1.83422
1.83556
1.83771
1.84042
1.84344
1.84658
1.8497
1.85272
1.85559
1.85826
1.86067
1.86276
1.86446
1.86572
1.86648
1.86675
1.86655
1.86594
1.86499
1.86381
1.86251
1.86121
1.85999
1.85892
1.85801
1.85726
1.85661
1.856
1.85537
1.85467
1.85386
1.85295
1.85195
1.85092
1.84991
1.849
1.84824
1.8477
1.84742
1.84743
1.84773
1.84833
1.84922
1.85037
1.85176
1.85335
1.8551
1.85697
1.85893
1.86094
1.86297
1.86502
1.86708
1.86914
1.87121
1.87328
1.87533
1.87733
1.87921
1.88089
1.88227
1.88323
1.88361
1.88331
1.88221
1.88028
1.87759
1.87435
1.87093
1.8678
1.86542
1.86413
1.86398
1.86468
1.86569
1.86633
1.86587
1.86361
1.85895
1.85132
1.84037
1.82615
1.80963
1.79316
1.78039
1.77485
1.77781
1.78737
1.79988
1.8121
1.82231
1.83018
1.83616
1.84093
1.84507
1.84892
1.85259
1.85605
1.85933
1.86245
1.86543
1.86819
1.87058
1.87238
1.87346
1.87379
1.87346
1.87271
1.8718
1.87098
1.87042
1.87021
1.87033
1.87069
1.87118
1.87164
1.87197
1.87207
1.87187
1.87134
1.87047
1.86928
1.8678
1.86607
1.86413
1.86204
1.85984
1.85758
1.85531
1.85306
1.85086
1.84871
1.84661
1.84453
1.84243
1.84026
1.83796
1.8355
1.83284
1.82999
1.82703
1.82404
1.82115
1.81849
1.81612
1.8141
1.81238
1.81092
1.80965
1.8085
1.80743
1.80642
1.80546
1.80462
1.80408
1.80409
1.80491
1.80669
1.80938
1.8127
1.81625
1.81963
1.8225
1.82467
1.82608
1.82674
1.82674
1.82617
1.82515
1.82375
1.82205
1.8201
1.81794
1.81558
1.81305
1.81037
1.80757
1.8047
1.80184
1.7991
1.79663
1.79457
1.79308
1.79227
1.79217
1.79274
1.79387
1.79543
1.79724
1.79918
1.80112
1.80301
1.8048
1.80647
1.80802
1.80947
1.81082
1.81209
1.8133
1.81445
1.81555
1.81661
1.8176
1.81853
1.81937
1.82011
1.82072
1.82119
1.8215
1.82165
1.82164
1.82152
1.82136
1.82128
1.82143
1.82197
1.82299
1.8245
1.82637
1.82831
1.82993
1.83081
1.83055
1.82892
1.82586
1.82153
1.81625
1.8104
1.80432
1.79823
1.79241
1.78737
1.78401
1.78346
1.78663
1.79364
1.80366
1.81517
1.82654
1.83644
1.84409
1.84917
1.85172
1.85201
1.85045
1.84751
1.84374
1.8397
1.8359
1.83269
1.83028
1.82863
1.82764
1.82729
1.82768
1.82906
1.83161
1.83525
1.83954
1.84386
1.84754
1.8501
1.85131
1.8512
1.84994
1.84784
1.84522
1.84242
1.83978
1.83758
1.83607
1.83542
1.83573
1.83702
1.8392
1.84208
1.84543
1.84896
1.85241
1.85555
1.85822
1.86032
1.86182
1.86276
1.86321
1.86326
1.86305
1.86271
1.86235
1.86207
1.86188
1.86173
1.86152
1.86113
1.86048
1.85955
1.85843
1.85725
1.85614
1.85519
1.85433
1.8534
1.85212
1.85023
1.84754
1.84399
1.8397
1.83495
1.83013
1.82564
1.82186
1.81905
1.81731
1.81661
1.8169
1.81811
1.82028
1.82345
1.82764
1.83272
1.8384
1.84428
1.84994
1.85505
1.85936
1.86278
1.86528
1.86686
1.86757
1.86741
1.8664
1.86451
1.86173
1.85805
1.85354
1.84833
1.84266
1.83691
1.83151
1.8269
1.8234
1.82115
1.82011
1.82009
1.82086
1.82226
1.82425
1.82691
1.83036
1.83467
1.83972
1.84526
1.85086
1.85609
1.86058
1.86409
1.86652
1.86789
1.8683
1.86789
1.86681
1.86521
1.8632
1.86081
1.85807
1.85492
1.8513
1.84716
1.84246
1.83725
1.83166
1.82592
1.82034
1.8153
1.81114
1.80815
1.80649
1.80614
1.807
1.80888
1.8116
1.81504
1.81912
1.82379
1.82899
1.83457
1.84034
1.84602
1.85136
1.85613
1.86022
1.86356
1.8662
1.86823
1.86976
1.87092
1.87185
1.87266
1.87341
1.87416
1.87493
1.87573
1.87655
1.87736
1.87814
1.87886
1.8795
1.88004
1.88045
1.8807
1.88077
1.88063
1.88024
1.87958
1.8786
1.87726
1.87552
1.87334
1.87068
1.86751
1.86383
1.85968
1.8551
1.85024
1.84531
1.84059
1.83646
1.83332
1.83154
1.83134
1.83267
1.83527
1.83869
1.84245
1.84615
1.84952
1.85238
1.85465
1.85629
1.85731
1.85774
1.8577
1.85734
1.85691
1.85664
1.85676
1.85742
1.85869
1.86051
1.86271
1.86506
1.86731
1.8692
1.87053
1.87113
1.87092
1.86982
1.86781
1.8649
1.86114
1.85661
1.85144
1.84584
1.84008
1.83449
1.82945
1.82531
1.82238
1.82089
1.82098
1.82267
1.82588
1.83036
1.83574
1.8416
1.8475
1.85307
1.85805
1.8623
1.86578
1.8685
1.87053
1.87195
1.87283
1.87323
1.8732
1.87277
1.87197
1.8708
1.86928
1.86744
1.86533
1.86304
1.86068
1.85838
1.85626
1.85437
1.8527
1.85115
1.84955
1.84774
1.84563
1.84328
1.84087
1.83873
1.83716
1.83637
1.83636
1.83689
1.83763
1.83814
1.83802
1.83688
1.83434
1.83
1.82362
1.81537
1.80633
1.79874
1.79556
1.79888
1.80847
1.82175
1.83533
1.8465
1.85376
1.85661
1.8552
1.85032
1.84343
1.83669
1.83243
1.83217
1.83584
1.84202
1.84886
1.85509
1.86024
1.86449
1.86827
1.87196
1.87575
1.87959
1.88332
1.8867
1.88951
1.89161
1.89292
1.89344
1.89323
1.89243
1.89118
1.88967
1.88806
1.88647
1.88494
1.88345
1.88187
1.88006
1.87788
1.87521
1.87203
1.86836
1.86425
1.85975
1.85485
1.84956
1.8439
1.83803
1.83233
1.82737
1.82383
1.82224
1.82284
1.82547
1.82964
1.83468
1.83992
1.84481
1.84895
1.85217
1.85448
1.85597
1.85684
1.85729
1.85749
1.85759
1.85768
1.8578
1.85795
1.8581
1.85822
1.85828
1.85826
1.85816
1.85801
1.85782
1.85761
1.85742
1.85725
1.85712
1.85702
1.85693
1.85684
1.8567
1.85648
1.85612
1.85555
1.85472
1.85354
1.85194
1.84989
1.84735
1.84437
1.84107
1.83765
1.83441
1.83167
1.8297
1.82869
1.82864
1.82943
1.83082
1.83255
1.83444
1.83632
1.83812
1.8398
1.84135
1.84272
1.84388
1.84476
1.84531
1.84544
1.84508
1.84419
1.84272
1.84066
1.83801
1.83483
1.83123
1.82734
1.82337
1.81951
1.81598
1.81297
1.81062
1.80899
1.8081
1.80788
1.80823
1.80899
1.80999
1.81105
1.81202
1.81275
1.81315
1.81314
1.81264
1.81156
1.80979
1.80716
1.80357
1.799
1.79369
1.78828
1.78372
1.78107
1.78101
1.78347
1.78764
1.79233
1.7965
1.79951
1.80123
1.80187
1.80188
1.80172
1.80178
1.80229
1.80332
1.80476
1.80644
1.80818
1.80981
1.81122
1.81235
1.81319
1.81375
1.81408
1.81422
1.8142
1.81408
1.8139
1.81368
1.81345
1.81325
1.81308
1.81298
1.81294
1.81298
1.8131
1.81332
1.81362
1.81402
1.8145
1.81507
1.81572
1.81645
1.81725
1.81811
1.81903
1.81999
1.82098
1.822
1.82301
1.82402
1.825
1.82592
1.82677
1.82751
1.82812
1.82856
1.82879
1.82877
1.82844
1.82775
1.82663
1.82501
1.82285
1.82009
1.81674
1.81287
1.80868
1.80446
1.80071
1.79797
1.79683
1.79766
1.8006
1.8054
1.81155
1.81844
1.82545
1.83212
1.83813
1.84335
1.84774
1.85134
1.85423
1.85654
1.85836
1.85983
1.86104
1.86209
1.86306
1.86403
1.86504
1.86613
1.86733
1.86865
1.87006
1.87155
1.87308
1.87461
1.87609
1.87746
1.87868
1.87968
1.88044
1.88091
1.88106
1.88088
1.88038
1.87958
1.87852
1.87728
1.87593
1.8746
1.87339
1.87245
1.87188
1.87177
1.87218
1.87311
1.87448
1.87618
1.87803
1.87985
1.88143
1.88258
1.88315
1.88304
1.88225
1.88081
1.87886
1.87655
1.8741
1.87168
1.86947
1.86766
1.86645
1.86609
1.86683
1.86885
1.87217
1.87661
1.88184
1.88748
1.89317
1.89866
1.90376
1.90837
1.91239
1.91578
1.91848
1.92046
1.92168
1.9221
1.9217
1.92043
1.91825
1.91518
1.91125
1.90661
1.90156
1.89652
1.892
1.88847
1.88623
1.88532
1.88551
1.88647
1.88787
1.8895
1.89127
1.89311
1.89485
1.89613
1.89629
1.89437
1.88913
1.87917
1.86327
1.84104
1.81395
1.7864
1.76532
1.75741
1.76514
1.78515
1.81075
1.83574
1.85653
1.87198
1.88245
1.88887
1.89225
1.89346
1.89315
1.89181
1.88976
1.8872
1.88422
1.88087
1.87713
1.87297
1.86837
1.86338
1.85815
1.85293
1.84814
1.84425
1.84169
1.84072
1.84131
1.84318
1.84588
1.84893
1.85192
1.85458
1.85676
1.8584
1.85953
1.86018
1.86039
1.86021
1.85965
1.85871
1.85737
1.85558
1.85326
1.85036
1.84683
1.84269
1.83809
1.83332
1.82883
1.82517
1.82283
1.82209
1.82286
1.82475
1.82719
1.82958
1.83146
1.83255
1.83277
1.8322
1.83105
1.82964
1.82832
1.82744
1.8273
1.82806
1.82974
1.8322
1.83518
1.83839
1.84152
1.84435
1.84671
1.84851
1.84972
1.85038
1.85051
1.8502
1.8495
1.84847
1.84712
1.84546
1.84346
1.84109
1.83835
1.83533
1.83218
1.82918
1.82666
1.82498
1.82448
1.82535
1.82762
1.83116
1.8357
1.84085
1.84624
1.85149
1.85635
1.86064
1.86427
1.86724
1.8696
1.87142
1.87281
1.87386
1.87469
1.87539
1.87606
1.87676
1.87753
1.87841
1.87939
1.88042
1.88146
1.88244
1.88326
1.88384
1.88407
1.88387
1.88314
1.88177
1.87966
1.87673
1.87289
1.86808
1.86228
1.85556
1.84817
1.84058
1.8336
1.82831
1.82587
1.82708
1.83213
1.84044
1.85092
1.86237
1.87376
1.88434
1.89369
1.90158
1.90793
1.91273
1.91602
1.91783
1.91821
1.91719
1.91483
1.9112
1.90648
1.90095
1.89509
1.8896
1.88528
1.88287
1.88274
1.88467
1.88795
1.89162
1.89477
1.89676
1.89726
1.89621
1.89376
1.89021
1.88597
1.88155
1.87752
1.8745
1.87304
1.87358
1.8763
1.88113
1.88768
1.89535
1.90341
1.91115
1.9179
1.92311
1.92633
1.92723
1.92561
1.92146
1.915
1.90683
1.89782
1.88904
1.88146
1.87559
1.87144
1.86873
1.86727
1.86722
1.86898
1.87271
1.87808
1.88436
1.89073
1.89665
1.90186
1.90631
1.90998
1.91289
1.91504
1.91645
1.91715
1.91719
1.91663
1.91547
1.9137
1.91128
1.90815
1.90428
1.8997
1.89454
1.88901
1.88338
1.87793
1.87283
1.86816
1.86393
1.86017
1.85704
1.85478
1.85369
1.85391
1.85542
1.85798
1.8612
1.86471
1.86818
1.87139
1.87423
1.87667
1.87873
1.88046
1.88194
1.88321
1.88434
1.88538
1.88636
1.88731
1.88825
1.88919
1.89013
1.89107
1.892
1.8929
1.89377
1.89459
1.89533
1.89598
1.89653
1.89697
1.8973
1.89752
1.89763
1.89762
1.89748
1.89719
1.89672
1.89603
1.89509
1.89386
1.89231
1.89047
1.88838
1.88614
1.88391
1.88187
1.88021
1.87911
1.87864
1.87883
1.87961
1.88086
1.88245
1.88426
1.88618
1.88811
1.88998
1.89174
1.89332
1.89471
1.89591
1.89694
1.89786
1.89874
1.89965
1.90064
1.90171
1.90281
1.90384
1.90465
1.90507
1.90494
1.90415
1.90264
1.90045
1.89777
1.89492
1.89231
1.89039
1.88946
1.88963
1.89072
1.89239
1.8942
1.89573
1.89666
1.89683
1.89615
1.89464
1.89235
1.8894
1.88592
1.8821
1.87814
1.87429
1.87081
1.86794
1.86591
1.86485
1.86482
1.86576
1.86753
1.86992
1.8727
1.87564
1.87855
1.88126
1.88367
1.88572
1.88739
1.88868
1.88962
1.89026
1.89066
1.89087
1.89095
1.89094
1.89087
1.89075
1.89056
1.89023
1.8897
1.88887
1.88766
1.88602
1.88398
1.88163
1.87918
1.87693
1.87519
1.87423
1.87418
1.87504
1.87668
1.87887
1.88135
1.88389
1.88627
1.88831
1.88984
1.89071
1.89078
1.88995
1.88818
1.8855
1.88205
1.87809
1.874
1.87021
1.86716
1.86515
1.86433
1.86459
1.86567
1.86723
1.86891
1.87044
1.87167
1.87253
1.87304
1.87328
1.87334
1.87327
1.87312
1.87291
1.87261
1.87221
1.87169
1.87108
1.87043
1.86985
1.86948
1.86946
1.86995
1.87103
1.87267
1.87474
1.87695
1.87893
1.88026
1.88052
1.87933
1.87641
1.87156
1.86474
1.85611
1.8462
1.83593
1.8266
1.81967
1.81631
1.81701
1.82137
1.8284
1.83683
1.84555
1.85376
1.86101
1.86714
1.87216
1.8762
1.87941
1.88198
1.88405
1.88574
1.88714
1.88831
1.88927
1.89001
1.8905
1.89067
1.89043
1.88968
1.88831
1.88619
1.88323
1.87937
1.87465
1.86918
1.86323
1.85725
1.85181
1.84761
1.8453
1.84535
1.84782
1.85236
1.8583
1.86486
1.87136
1.87732
1.88248
1.88674
1.8901
1.89261
1.89432
1.8953
1.89558
1.89519
1.89412
1.89239
1.89002
1.88709
1.88378
1.8804
1.87734
1.875
1.87362
1.87322
1.87354
1.87422
1.87495
1.87563
1.87644
1.87764
1.87943
1.88182
1.88463
1.88766
1.89073
1.89381
1.89691
1.90005
1.90317
1.90618
1.90895
1.91131
1.91313
1.91431
1.91475
1.91437
1.91313
1.91093
1.9077
1.90337
1.8979
1.89129
1.88368
1.87536
1.86681
1.85867
1.85166
1.84646
1.84353
1.843
1.84473
1.8483
1.85317
1.85881
1.86482
1.8709
1.87687
1.88263
1.88805
1.89304
1.89748
1.90131
1.90451
1.90708
1.90906
1.91051
1.9115
1.91207
1.91229
1.9122
1.91184
1.91124
1.91043
1.90945
1.90832
1.90705
1.90568
1.90424
1.90275
1.90125
1.89976
1.89832
1.89694
1.89565
1.89446
1.89335
1.89232
1.89135
1.89041
1.88946
1.88847
1.88741
1.88622
1.88489
1.88336
1.88161
1.87961
1.87732
1.87472
1.87179
1.86852
1.865
1.86138
1.85795
1.85508
1.85319
1.8526
1.85352
1.85596
1.85976
1.86461
1.87016
1.87601
1.8818
1.88723
1.89208
1.89623
1.89961
1.90226
1.90422
1.9056
1.90649
1.90702
1.90728
1.90737
1.90734
1.90721
1.90696
1.90651
1.90576
1.90456
1.90275
1.9002
1.89681
1.89257
1.88758
1.8821
1.87652
1.87136
1.86719
1.86456
1.86383
1.86513
1.86832
1.87302
1.8787
1.88483
1.89094
1.89667
1.90182
1.90627
1.90998
1.91298
1.91529
1.91696
1.91801
1.91845
1.91825
1.9174
1.91587
1.91367
1.91088
1.90759
1.90397
1.90024
1.89661
1.89326
1.8903
1.88778
1.88565
1.88386
1.88233
1.88105
1.88003
1.87931
1.87888
1.87872
1.87881
1.87923
1.88027
1.88249
1.88646
1.89254
1.90048
1.90954
1.91869
1.92707
1.93413
1.93966
1.94371
1.94634
1.94762
1.94749
1.9458
1.94231
1.9368
1.92917
1.91968
1.90914
1.89902
1.89109
1.88675
1.88615
1.88807
1.89053
1.89175
1.89072
1.88736
1.88226
1.87632
1.8704
1.8651
1.86086
1.85804
1.85693
1.85761
1.85979
1.86292
1.86637
1.86964
1.87241
1.87455
1.87604
1.87699
1.87752
1.8778
1.87796
1.87804
1.87802
1.87777
1.8771
1.87585
1.87387
1.87116
1.86784
1.86422
1.86074
1.85789
1.85609
1.85553
1.85615
1.85766
1.85966
1.86175
1.86359
1.86495
1.86567
1.86566
1.86482
1.8631
1.86044
1.8568
1.85221
1.84675
1.84069
1.83441
1.82849
1.82355
1.82017
1.81864
1.81887
1.82047
1.82281
1.82529
1.82743
1.82894
1.82973
1.82986
1.82947
1.82879
1.82802
1.82736
1.82692
1.82673
1.82673
1.82679
1.82679
1.82667
1.82645
1.82629
1.8264
1.827
1.82823
1.83008
1.83239
1.83487
1.83718
1.83898
1.84004
1.84018
1.83932
1.83746
1.83471
1.83121
1.8272
1.82298
1.81889
1.81527
1.81249
1.81084
1.81056
1.81177
1.81442
1.81833
1.82315
1.82847
1.83391
1.83911
1.84383
1.84788
1.85113
1.85347
1.85481
1.8551
1.85433
1.85257
1.85
1.84691
1.84371
1.84089
1.83887
1.83799
1.83838
1.83998
1.84257
1.84589
1.84965
1.85364
1.8577
1.86172
1.86563
1.86937
1.87289
1.87614
1.87907
1.88162
1.88372
1.88534
1.88643
1.88695
1.88687
1.8862
1.88492
1.88305
1.88063
1.87769
1.87432
1.87063
1.8668
1.86309
1.8598
1.85727
1.8558
1.85557
1.85655
1.85851
1.86103
1.86359
1.86566
1.86684
1.86683
1.86555
1.86308
1.85967
1.85564
1.85138
1.84724
1.84361
1.84086
1.83939
1.83952
1.84135
1.84468
1.849
1.85359
1.8577
1.86071
1.86225
1.86218
1.86066
1.8581
1.85505
1.85217
1.85005
1.84908
1.84932
1.85059
1.85252
1.85471
1.85684
1.85872
1.86029
1.86157
1.86262
1.86354
1.86442
1.86532
1.86629
1.86736
1.86853
1.86979
1.87113
1.87253
1.87395
1.87536
1.87672
1.878
1.87915
1.88012
1.88087
1.88132
1.88142
1.88111
1.88035
1.87911
1.87742
1.87533
1.87299
1.87055
1.86826
1.86631
1.86488
1.86403
1.86374
1.86389
1.8643
1.86481
1.86532
1.86576
1.86616
1.86658
1.86712
1.86785
1.86886
1.87017
1.8718
1.87371
1.87582
1.87798
1.88003
1.88175
1.88288
1.88321
1.88248
1.88051
1.87712
1.87227
1.86609
1.85913
1.85252
1.84791
1.84701
1.85073
1.85855
1.86875
1.87931
1.88863
1.89592
1.90106
1.9043
1.90605
1.90673
1.90672
1.90627
1.90556
1.90465
1.90355
1.90223
1.90068
1.89892
1.89704
1.89516
1.89347
1.89215
1.89137
1.89126
1.89187
1.89318
1.89508
1.8974
1.89995
1.9025
1.90482
1.90674
1.90808
1.90875
1.90869
1.90786
1.90629
1.90402
1.90114
1.89772
1.89388
1.88974
1.88542
1.88106
1.8768
1.87278
1.86913
1.86596
1.8634
1.86158
1.86062
1.86065
1.86172
1.8638
1.86669
1.87009
1.87366
1.87705
1.88002
1.88243
1.88424
1.88554
1.88645
1.8871
1.88763
1.88811
1.88856
1.88895
1.88923
1.88936
1.88937
1.88935
1.88942
1.8897
1.89024
1.89098
1.89177
1.8924
1.89268
1.89246
1.89168
1.89037
1.88863
1.88659
1.88442
1.88227
1.88028
1.87857
1.8772
1.87617
1.87542
1.8748
1.87413
1.8732
1.87182
1.8699
1.86743
1.86461
1.86177
1.8594
1.85798
1.85786
1.85912
1.86154
1.86466
1.8679
1.87077
1.87289
1.87408
1.87427
1.87355
1.87209
1.87009
1.86781
1.86548
1.86328
1.86134
1.85972
1.8584
1.85736
1.85654
1.85592
1.85552
1.8554
1.85564
1.85631
1.85743
1.85899
1.86091
1.86304
1.8652
1.86722
1.8689
1.87004
1.87046
1.86995
1.86834
1.86546
1.86124
1.85582
1.84964
1.84351
1.83849
1.83561
1.83539
1.83763
1.8415
1.84592
1.84997
1.85306
1.85497
1.85568
1.85534
1.85413
1.85223
1.84987
1.84727
1.8447
1.84243
1.84073
1.83982
1.83977
1.84053
1.84187
1.84344
1.84476
1.84522
1.84403
1.84012
1.83212
1.81854
1.79862
1.77408
1.75097
1.73812
1.74078
1.75584
1.77542
1.79347
1.80779
1.81848
1.82626
1.83176
1.83539
1.83746
1.83826
1.83804
1.83703
1.83543
1.83343
1.83118
1.82879
1.82637
1.82402
1.82182
1.81983
1.81809
1.81663
1.81543
1.81445
1.81364
1.8129
1.81215
1.8113
1.81028
1.80903
1.80756
1.80589
1.8041
1.80235
1.80079
1.79963
1.79903
1.79911
1.79991
1.80135
1.80327
1.80544
1.8076
1.80952
1.81102
1.81196
1.81234
1.8122
1.81167
1.81092
1.81014
1.8095
1.80908
1.80891
1.80895
1.80912
1.80933
1.80955
1.80975
1.80994
1.81012
1.81026
1.81029
1.81014
1.80971
1.80897
1.80788
1.80642
1.80456
1.80228
1.79965
1.79695
1.79474
1.79377
1.79468
1.79766
1.80235
1.80793
1.81353
1.81846
1.8224
1.82531
1.82737
1.82882
1.82991
1.83085
1.83176
1.83264
1.83346
1.8341
1.83443
1.83433
1.83373
1.83265
1.83121
1.82962
1.82817
1.8271
1.82659
1.82663
1.82703
1.82748
1.8276
1.82704
1.82553
1.82294
1.8193
1.81482
1.80982
1.80466
1.79961
1.7948
1.79019
1.7857
1.78134
1.77738
1.77433
1.77281
1.77331
1.776
1.78064
1.78668
1.79348
1.80053
1.80748
1.81415
1.8204
1.8261
1.8311
1.83526
1.83848
1.84073
1.84207
1.8426
1.84248
1.84189
1.841
1.84001
1.83905
1.83826
1.83771
1.83744
1.83743
1.83765
1.83804
1.83856
1.83915
1.83978
1.84041
1.84104
1.84167
1.8423
1.84292
1.84353
1.84415
1.84475
1.84532
1.84585
1.84631
1.84669
1.84696
1.84711
1.84712
1.84702
1.84681
1.84656
1.84633
1.84623
1.84634
1.84675
1.84751
1.84861
1.84999
1.85153
1.8531
1.85455
1.85576
1.85666
1.85724
1.85754
1.85766
1.85767
1.85762
1.85742
1.85688
1.85565
1.85328
1.84933
1.84351
1.83606
1.82796
1.82104
1.81758
1.81921
1.82604
1.83657
1.84863
1.86031
1.87047
1.87864
1.88483
1.88923
1.89215
1.89386
1.89463
1.8947
1.89425
1.89345
1.89239
1.89116
1.88981
1.88836
1.88681
1.88518
1.88348
1.88174
1.88001
1.87835
1.87683
1.87552
1.87445
1.87363
1.87302
1.87254
1.87206
1.87145
1.87053
1.86919
1.86731
1.86487
1.86189
1.8585
1.85491
1.85138
1.84819
1.84559
1.84375
1.84272
1.84246
1.84282
1.84364
1.84471
1.84586
1.84697
1.84793
1.84867
1.84916
1.84939
1.84937
1.84913
1.84869
1.84809
1.84735
1.8465
1.84556
1.84456
1.8435
1.8424
1.84127
1.84012
1.83896
1.83779
1.83662
1.83546
1.83431
1.83319
1.8321
1.83104
1.83003
1.82906
1.82816
1.82733
1.82659
1.82594
1.8254
1.82499
1.8247
1.82456
1.82455
1.82469
1.82497
1.82536
1.82586
1.82644
1.82707
1.82772
1.82836
1.82895
1.82946
1.82985
1.83008
1.83013
1.82997
1.82958
1.82894
1.82806
1.82697
1.82568
1.82427
1.82282
1.82144
1.82024
1.81936
1.81892
1.81897
1.81955
1.82057
1.82193
1.82346
1.82501
1.82646
1.82773
1.82881
1.82974
1.8306
1.83149
1.83252
1.83379
1.83537
1.83728
1.83951
1.842
1.84464
1.84731
1.84989
1.85225
1.85426
1.85583
1.85688
1.85735
1.85717
1.85633
1.85483
1.85267
1.84993
1.84671
1.84318
1.83958
1.83622
1.83348
1.83176
1.83139
1.83255
1.8352
1.83908
1.84373
1.8487
1.85353
1.85794
1.86172
1.86482
1.86723
1.869
1.8702
1.8709
1.87115
1.871
1.87049
1.86964
1.86847
1.86697
1.86515
1.86302
1.86058
1.85786
1.85493
1.85188
1.84886
1.84603
1.84358
1.8417
1.8405
1.84006
1.84036
1.84132
1.84283
1.84474
1.84691
1.84921
1.85148
1.85363
1.85554
1.85716
1.85844
1.85937
1.85998
1.8603
1.86038
1.86028
1.86007
1.85981
1.85956
1.8594
1.85939
1.8596
1.86009
1.86091
1.86207
1.86355
1.86532
1.8673
1.86942
1.87159
1.87372
1.87577
1.87768
1.87942
1.881
1.88241
1.88368
1.88484
1.8859
1.8869
1.88787
1.88883
1.88979
1.89075
1.89172
1.89267
1.89358
1.89442
1.89514
1.89571
1.89606
1.89615
1.89592
1.89532
1.89428
1.89276
1.89074
1.88818
1.88512
1.88164
1.87787
1.87407
1.87058
1.86777
1.86598
1.86545
1.8662
1.86813
1.87102
1.87462
1.87873
1.8832
1.88789
1.89268
1.89746
1.90211
1.90652
1.91059
1.91426
1.91751
1.92035
1.9228
1.92489
1.92666
1.92812
1.92928
1.93015
1.93075
1.93107
1.93114
1.93098
1.93061
1.93006
1.92937
1.92856
1.92767
1.92673
1.92576
1.92477
1.92377
1.92272
1.92154
1.92011
1.91823
1.91565
1.91212
1.9074
1.90135
1.89412
1.88619
1.87854
1.87243
1.86911
1.86932
1.87292
1.87902
1.88631
1.8936
1.90003
1.90516
1.9089
1.91137
1.91279
1.91344
1.91358
1.91341
1.91309
1.91266
1.91209
1.91123
1.90984
1.9076
1.90413
1.89904
1.89203
1.88306
1.87251
1.86135
1.85106
1.84315
1.83859
1.8375
1.83938
1.84359
1.84958
1.85682
1.86462
1.87222
1.87892
1.88425
1.88803
1.89028
1.89118
1.89095
1.88982
1.88801
1.88572
1.88314
1.88045
1.87779
1.87533
1.8732
1.87152
1.87036
1.86978
1.86978
1.87034
1.87139
1.87285
1.87464
1.87668
1.87892
1.88132
1.88384
1.88647
1.88917
1.89193
1.89472
1.89748
1.90017
1.90273
1.9051
1.90724
1.90907
1.91054
1.91158
1.9121
1.91202
1.91127
1.90979
1.90754
1.90457
1.90093
1.89677
1.89227
1.88765
1.88317
1.87916
1.87604
1.87419
1.87389
1.87514
1.87759
1.8806
1.88341
1.8854
1.8863
1.8863
1.88606
1.88648
1.88838
1.89216
1.89764
1.90418
1.91101
1.91746
1.92312
1.92777
1.93138
1.93398
1.93565
1.93645
1.93646
1.93575
1.93443
1.93262
1.93047
1.92817
1.92591
1.92384
1.92214
1.9209
1.9202
1.92004
1.92036
1.92103
1.92192
1.92293
1.92409
1.92548
1.92717
1.9291
1.93092
1.93213
1.93227
1.93105
1.92856
1.92516
1.92134
1.91751
1.91397
1.91094
1.90861
1.90716
1.90659
1.90665
1.90691
1.90697
1.90665
1.906
1.90529
1.90489
1.90511
1.90616
1.90806
1.91069
1.91387
1.91732
1.92078
1.92399
1.92669
1.92867
1.92973
1.92971
1.92854
1.92624
1.92298
1.9191
1.91513
1.91168
1.90931
1.90836
1.90884
1.91047
1.91277
1.91527
1.9176
1.91951
1.92092
1.92182
1.92228
1.92244
1.92242
1.92237
1.9224
1.92258
1.92295
1.92348
1.92412
1.92479
1.92539
1.92583
1.92602
1.92588
1.9253
1.92416
1.9223
1.91954
1.91565
1.91043
1.90373
1.89561
1.88651
1.87743
1.87001
1.86612
1.86712
1.8731
1.8827
1.89386
1.9047
1.91403
1.92135
1.92667
1.93022
1.9323
1.93316
1.933
1.93193
1.92994
1.92695
1.92281
1.91735
1.91045
1.90224
1.89324
1.88449
1.8774
1.87328
1.87273
1.87538
1.88006
1.88546
1.8906
1.89498
1.89851
1.90135
1.90373
1.90588
1.90798
1.91012
1.91233
1.91457
1.91674
1.91871
1.92032
1.92142
1.92188
1.92169
1.92097
1.92002
1.9193
1.91936
1.92061
1.92319
1.92685
1.93106
1.93515
1.9385
1.94063
1.94124
1.94019
1.93744
1.93304
1.92718
1.92018
1.91254
1.90494
1.89815
1.89291
1.88975
1.88891
1.89021
1.8931
1.89683
1.90056
1.90364
1.90569
1.90662
1.90663
1.90605
1.90531
1.90475
1.90464
1.90505
1.90588
1.90693
1.90794
1.90867
1.90895
1.90869
1.9079
1.90663
1.90502
1.90322
1.90141
1.89975
1.89841
1.8975
1.89708
1.89713
1.89757
1.89829
1.89916
1.9001
1.90108
1.90213
1.90332
1.90472
1.90637
1.90823
1.91024
1.91227
1.91419
1.91589
1.91732
1.91843
1.91922
1.91971
1.91992
1.91988
1.9196
1.91911
1.91841
1.91752
1.91644
1.91522
1.91391
1.91258
1.91134
1.91034
1.90972
1.90964
1.91021
1.91149
1.91346
1.91603
1.91906
1.92234
1.92567
1.92886
1.93172
1.93409
1.9358
1.93672
1.93669
1.93558
1.9333
1.92979
1.92514
1.91957
1.91347
1.90734
1.90165
1.89676
1.89278
1.88963
1.88715
1.8853
1.88424
1.88431
1.88595
1.88951
1.89501
1.90216
1.91031
1.91874
1.92673
1.9338
1.93964
1.94414
1.94732
1.94929
1.95022
1.9503
1.94977
1.94882
1.94769
1.94657
1.94561
1.94494
1.94461
1.94464
1.94496
1.94546
1.946
1.94641
1.94652
1.94622
1.94543
1.94416
1.94254
1.94076
1.93911
1.93791
1.93741
1.93775
1.9389
1.94065
1.94269
1.94467
1.94627
1.94727
1.94752
1.94696
1.94559
1.94345
1.94058
1.93699
1.93268
1.9276
1.92171
1.91505
1.90786
1.90062
1.89411
1.88922
1.88661
1.88643
1.8882
1.89108
1.89427
1.89726
1.89991
1.90238
1.90485
1.9075
1.91037
1.91342
1.91651
1.91949
1.92219
1.92442
1.926
1.92678
1.92665
1.92558
1.92361
1.92085
1.91752
1.9139
1.91034
1.90715
1.9046
1.90284
1.90188
1.9016
1.90182
1.90235
1.90303
1.90373
1.90439
1.90496
1.90538
1.9056
1.90552
1.905
1.90388
1.90193
1.89894
1.89469
1.88906
1.88213
1.87425
1.86607
1.85845
1.85216
1.84763
1.84492
1.84397
1.8449
1.84796
1.85326
1.86041
1.86856
1.87667
1.8839
1.88976
1.89415
1.89715
1.89901
1.89997
1.90029
1.90014
1.89969
1.89905
1.89827
1.89738
1.8964
1.8953
1.89407
1.89269
1.89117
1.88952
1.88779
1.88606
1.88443
1.88301
1.88192
1.8813
1.88128
1.88194
1.88338
1.88563
1.88864
1.8923
1.89643
1.9008
1.9052
1.90943
1.91336
1.91691
1.92003
1.92273
1.92501
1.92689
1.92836
1.9294
1.92995
1.92991
1.92915
1.92751
1.92481
1.92091
1.91573
1.90936
1.90212
1.8946
1.88762
1.8821
1.87877
1.87796
1.87945
1.88261
1.88663
1.89085
1.89485
1.89847
1.90178
1.90487
1.90785
1.91073
1.91346
1.91596
1.91815
1.91998
1.92142
1.9225
1.92324
1.92369
1.92387
1.92382
1.92357
1.92315
1.9226
1.92196
1.92128
1.92062
1.92006
1.91966
1.91947
1.91955
1.91991
1.92056
1.92146
1.92259
1.9239
1.92532
1.92678
1.92822
1.92957
1.93074
1.93165
1.93222
1.93236
1.93195
1.93089
1.92905
1.9263
1.92254
1.91767
1.91167
1.90463
1.89674
1.8883
1.87974
1.87149
1.86399
1.85764
1.8528
1.84979
1.84882
1.84985
1.85255
1.85632
1.86057
1.86492
1.8694
1.87428
1.87989
1.88632
1.89332
1.9004
1.90696
1.91257
1.91694
1.92
1.92178
1.9224
1.92199
1.92069
1.91863
1.91592
1.9127
1.90915
1.90546
1.9019
1.8987
1.89604
1.894
1.89255
1.89148
1.89052
1.88939
1.8878
1.88554
1.88249
1.87859
1.8739
1.86853
1.86267
1.85656
1.85044
1.84451
1.83891
1.83372
1.82906
1.82515
1.82244
1.82151
1.82289
1.82677
1.83277
1.8401
1.84779
1.855
1.86115
1.86598
1.86944
1.87161
1.87264
1.8727
1.87195
1.87053
1.8686
1.86627
1.86366
1.86087
1.85798
1.85504
1.85212
1.84923
1.8464
1.84364
1.841
1.83853
1.83632
1.83448
1.83311
1.83231
1.83214
1.83259
1.83359
1.83503
1.83678
1.83868
1.84061
1.84244
1.84411
1.84555
1.84673
1.84763
1.8482
1.84843
1.84827
1.84768
1.8466
1.84497
1.84274
1.83989
1.83642
1.83238
1.82786
1.82298
1.8179
1.81278
1.80784
1.80336
1.79973
1.79743
1.79687
1.79831
1.80168
1.80658
1.81241
1.81854
1.82441
1.82964
1.83399
1.83737
1.83974
1.84112
1.84156
1.84112
1.8399
1.83805
1.8357
1.83305
1.83026
1.82749
1.82488
1.8225
1.8204
1.8186
1.81713
1.81597
1.81504
1.81419
1.81321
1.81189
1.81018
1.80831
1.80679
1.80625
1.80711
1.80934
1.81245
1.81583
1.81903
1.82199
1.82488
1.8279
1.83098
1.83364
1.83505
1.83423
1.83038
1.82334
1.81413
1.80536
1.80047
1.80198
1.80961
1.8206
1.83159
1.84028
1.84588
1.84862
1.84923
1.84855
1.84733
1.84621
1.8456
1.84571
1.84651
1.84785
1.84944
1.851
1.85226
1.85302
1.85316
1.8526
1.85135
1.84942
1.84687
1.8438
1.8403
1.8365
1.83252
1.82848
1.82449
1.8207
1.81728
1.81445
1.81248
1.81162
1.81208
1.81395
1.81717
1.82153
1.8267
1.83231
1.83799
1.8434
1.8483
1.85252
1.85593
1.85849
1.8602
1.86107
1.86116
1.86055
1.85933
1.85762
1.85555
1.85327
1.8509
1.84858
1.8464
1.84446
1.84279
1.84147
1.8405
1.83991
1.8397
1.83986
1.84036
1.84114
1.84214
1.84327
1.84447
1.84568
1.84684
1.84794
1.84897
1.84996
1.85091
1.85185
1.85277
1.85366
1.85449
1.85525
1.85589
1.85641
1.8568
1.85708
1.85726
1.85738
1.85746
1.85752
1.85757
1.8576
1.8576
1.85753
1.8574
1.8572
1.85695
1.85669
1.8565
1.85646
1.85663
1.8571
1.8579
1.85903
1.86047
1.86216
1.86404
1.86603
1.86807
1.87011
1.87213
1.87409
1.87599
1.87783
1.87959
1.8813
1.88294
1.88453
1.88606
1.88755
1.889
1.89041
1.89178
1.89313
1.89445
1.89575
1.89702
1.89825
1.89945
1.90061
1.90173
1.90281
1.90387
1.90493
1.90601
1.90716
1.90841
1.90978
1.91129
1.91295
1.91473
1.91661
1.91854
1.92045
1.92231
1.92405
1.92564
1.92703
1.92822
1.92918
1.92991
1.93041
1.93067
1.9307
1.93047
1.92998
1.92921
1.92816
1.92683
1.92526
1.92354
1.92181
1.92024
1.91906
1.91847
1.91863
1.9196
1.92134
1.92368
1.92643
1.92935
1.93225
1.93499
1.93747
1.9397
1.94168
1.94348
1.94521
1.94698
1.9489
1.95108
1.95358
1.95639
1.9594
1.96246
1.96535
1.96784
1.96973
1.9709
1.97124
1.97075
1.9695
1.96761
1.96526
1.96263
1.95991
1.95725
1.95471
1.95224
1.94974
1.94704
1.94399
1.94047
1.9365
1.93222
1.92794
1.92412
1.92122
1.9196
1.91934
1.92019
1.92162
1.92301
1.92377
1.92347
1.92194
1.91926
1.9158
1.91215
1.90905
1.90723
1.90716
1.90894
1.91224
1.9165
1.9211
1.92553
1.92944
1.93264
1.93508
1.93681
1.93787
1.93838
1.93844
1.93816
1.93767
1.93711
1.93665
1.93643
1.93661
1.93727
1.93843
1.94005
1.94197
1.94398
1.94586
1.94737
1.94828
1.94843
1.94772
1.94609
1.9436
1.94033
1.93645
1.93213
1.92753
1.92279
1.91798
1.9132
1.90855
1.90422
1.90051
1.89772
1.89621
1.89623
1.89788
1.90114
1.90578
1.91143
1.91756
1.92364
1.9292
1.93392
1.93772
1.94069
1.94302
1.9449
1.94645
1.94764
1.94838
1.9485
1.94785
1.94637
1.94409
1.94116
1.93778
1.93412
1.93029
1.92624
1.92182
1.91691
1.91156
1.90614
1.90148
1.89868
1.89875
1.90214
1.90847
1.91668
1.92549
1.93379
1.94089
1.94647
1.9505
1.95306
1.95424
1.95413
1.95273
1.95
1.94584
1.94017
1.93296
1.92435
1.91472
1.90479
1.89558
1.88822
1.88361
1.88211
1.8834
1.8867
1.89104
1.89558
1.89968
1.90296
1.9052
1.90628
1.9062
1.90501
1.90283
1.89989
1.89646
1.8929
1.88958
1.88683
1.88493
1.884
1.88408
1.88508
1.88687
1.88928
1.89215
1.89534
1.89872
1.9022
1.90568
1.90911
1.91243
1.91557
1.9185
1.92115
1.92345
1.92532
1.92666
1.92735
1.92727
1.92627
1.9242
1.92097
1.91653
1.911
1.90473
1.8983
1.89257
1.88839
1.88645
1.88696
1.88962
1.89378
1.89863
1.90341
1.90757
1.91079
1.91294
1.91409
1.91442
1.91417
1.91361
1.91294
1.91233
1.91186
1.9116
1.91156
1.91179
1.91235
1.91331
1.9147
1.91647
1.91845
1.92033
1.92178
1.92247
1.92216
1.92065
1.91773
1.91306
1.90622
1.89683
1.88493
1.87137
1.85797
1.84723
1.84153
1.84215
1.84881
1.85995
1.87353
1.88765
1.90095
1.91263
1.92232
1.93
1.93583
1.94007
1.94301
1.9449
1.94595
1.94633
1.94617
1.94557
1.94466
1.94354
1.94232
1.94107
1.93989
1.93879
1.93782
1.93695
1.93617
1.93544
1.93472
1.93396
1.93312
1.93213
1.93094
1.92949
1.92775
1.92572
1.92344
1.92103
1.91871
1.91674
1.91539
1.91488
1.91528
1.91651
1.91834
1.92046
1.92257
1.92441
1.92581
1.92663
1.92679
1.92623
1.92489
1.92271
1.91964
1.91572
1.9111
1.9061
1.90125
1.89721
1.89458
1.89371
1.89454
1.89661
1.89922
1.9016
1.9031
1.90323
1.90171
1.8984
1.89339
1.88689
1.87934
1.87134
1.86364
1.85711
1.85265
1.85095
1.85235
1.8566
1.86298
1.87042
1.87792
1.88473
1.89045
1.89501
1.89851
1.90114
1.90307
1.90437
1.90503
1.90498
1.90412
1.90235
1.89965
1.8961
1.89195
1.88763
1.88366
1.88055
1.87863
1.8779
1.87808
1.87873
1.87942
1.87988
1.88004
1.87999
1.87988
1.87988
1.88005
1.88041
1.88088
1.88132
1.88155
1.88139
1.88065
1.87918
1.87692
1.87389
1.87028
1.86644
1.86288
1.86012
1.85863
1.85864
1.86009
1.86267
1.86595
1.8695
1.87297
1.87613
1.87884
1.88102
1.88265
1.88371
1.88415
1.88396
1.8831
1.88155
1.87933
1.87647
1.87309
1.86936
1.86558
1.86213
1.85949
1.85813
1.85842
1.86047
1.8641
1.86888
1.87424
1.87964
1.88465
1.88903
1.89268
1.89561
1.8979
1.89965
1.90099
1.90201
1.9028
1.90343
1.90395
1.90438
1.90476
1.90508
1.90533
1.90551
1.90561
1.9056
1.90548
1.90523
1.90484
1.9043
1.90362
1.90279
1.9018
1.90064
1.89928
1.89766
1.89571
1.89332
1.89035
1.88665
1.88209
1.87661
1.87037
1.86381
1.85771
1.85303
1.85054
1.85047
1.85232
1.85518
1.85808
1.8604
1.86196
1.86289
1.8635
1.86414
1.86508
1.86651
1.86851
1.87106
1.87404
1.87725
1.88039
1.88313
1.88512
1.88607
1.88582
1.88439
1.88207
1.87936
1.8769
1.87533
1.87503
1.87603
1.878
1.88045
1.88287
1.88489
1.88628
1.88698
1.88701
1.88645
1.88539
1.88392
1.88212
1.88008
1.87786
1.87554
1.87318
1.87086
1.86866
1.86662
1.86482
1.86326
1.86198
1.86094
1.86013
1.85951
1.85902
1.85862
1.85827
1.85792
1.85755
1.85713
1.85667
1.85615
1.85559
1.85499
1.85437
1.85374
1.85313
1.85254
1.85201
1.85156
1.8512
1.85097
1.85089
1.85099
1.85131
1.85186
1.85266
1.85373
1.85504
1.85659
1.85832
1.86018
1.86212
1.86406
1.86594
1.86771
1.86933
1.87076
1.87197
1.87296
1.87371
1.87422
1.8745
1.87454
1.87435
1.87395
1.87337
1.87265
1.87185
1.87103
1.87022
1.86943
1.86855
1.8674
1.8657
1.86305
1.85905
1.85324
1.84532
1.83534
1.82404
1.81319
1.80544
1.80329
1.80761
1.81702
1.82874
1.84011
1.84955
1.8565
1.86113
1.86388
1.86527
1.86577
1.86582
1.86575
1.86582
1.86623
1.86705
1.86829
1.86988
1.8717
1.87364
1.87558
1.87742
1.87913
1.88065
1.88199
1.88315
1.88415
1.885
1.88572
1.88633
1.88684
1.88727
1.88764
1.88794
1.88821
1.88844
1.88864
1.88883
1.88901
1.88919
1.88937
1.88956
1.88975
1.88993
1.89008
1.89017
1.89016
1.89003
1.88973
1.88926
1.88863
1.88791
1.88719
1.88663
1.88636
1.8865
1.88708
1.88799
1.88903
1.88993
1.89035
1.89003
1.88878
1.88659
1.88363
1.88027
1.87706
1.87461
1.87344
1.8738
1.87561
1.87847
1.88188
1.88533
1.88844
1.89106
1.89318
1.89491
1.89644
1.89794
1.89951
1.9012
1.90296
1.90465
1.90605
1.90693
1.90702
1.90618
1.90445
1.90218
1.90004
1.89895
1.89972
1.90274
1.90775
1.91399
1.92051
1.92645
1.93124
1.93457
1.93634
1.93653
1.93522
1.93248
1.92845
1.92333
1.91747
1.91132
1.90551
1.90069
1.89736
1.89573
1.89554
1.89617
1.89686
1.89697
1.89619
1.89465
1.89292
1.89176
1.89185
1.89347
1.89634
1.8998
1.90303
1.9054
1.90656
1.90646
1.90527
1.90333
1.90104
1.89879
1.89691
1.89558
1.89485
1.89451
1.89423
1.89352
1.89198
1.88942
1.88609
1.88265
1.88004
1.87895
1.87943
1.88074
1.88166
1.88102
1.87802
1.87242
1.86456
1.85525
1.84565
1.83694
1.83005
1.82535
1.8227
1.82164
1.82175
1.82275
1.82455
1.82716
1.83052
1.83447
1.83863
1.84252
1.84555
1.84722
1.84713
1.84515
1.84144
1.83645
1.83089
1.82563
1.82156
1.81937
1.81941
1.82156
1.82534
1.83003
1.8349
1.83943
1.84333
1.84656
1.84927
1.85164
1.85388
1.85611
1.85837
1.86062
1.86278
1.86473
1.86639
1.86768
1.86857
1.86904
1.8691
1.86875
1.86801
1.8669
1.86545
1.86369
1.86166
1.85941
1.85701
1.85457
1.85219
1.85002
1.84819
1.84685
1.84611
1.84604
1.84662
1.84775
1.84927
1.85097
1.85267
1.85422
1.85552
1.85655
1.85735
1.858
1.85858
1.85919
1.8599
1.86073
1.86169
1.86274
1.86382
1.86489
1.86588
1.86677
1.86753
1.86813
1.86852
1.86865
1.86844
1.86779
1.86665
1.86495
1.8627
1.85997
1.85687
1.8536
1.85043
1.84764
1.84556
1.84445
1.84451
1.84577
1.84814
1.85136
1.85511
1.85906
1.86289
1.86637
1.86934
1.87174
1.87355
1.87481
1.87559
1.87597
1.87605
1.87592
1.87565
1.8753
1.87492
1.87454
1.87414
1.87371
1.8732
1.87257
1.87176
1.8707
1.86935
1.86767
1.86566
1.86333
1.86074
1.85797
1.85515
1.85241
1.84993
1.84789
1.84643
1.84568
1.84574
1.84662
1.8483
1.85066
1.85358
1.85686
1.86033
1.86383
1.8672
1.87034
1.87316
1.87559
1.87757
1.87899
1.87969
1.87943
1.87783
1.87439
1.86855
1.85983
1.84834
1.83533
1.82362
1.81688
1.81759
1.82516
1.83636
1.84746
1.85597
1.86095
1.86248
1.86105
1.85729
1.85175
1.84497
1.83749
1.82992
1.82295
1.81734
1.81372
1.81242
1.81336
1.81604
1.81978
1.82393
1.82811
1.83216
1.83614
1.84008
1.84391
1.84743
1.85032
1.8523
1.85315
1.85275
1.85113
1.84842
1.84489
1.84101
1.83741
1.83488
1.83401
1.83495
1.83718
1.83973
1.84146
1.84159
1.83992
1.83691
1.83351
1.83088
1.82991
1.831
1.83398
1.83828
1.84321
1.84813
1.85256
1.85619
1.85886
1.86054
1.86124
1.86103
1.85996
1.85811
1.85553
1.85229
1.84846
1.84413
1.83943
1.83453
1.82967
1.82509
1.82109
1.81792
1.81579
1.81479
1.8149
1.81596
1.81776
1.82003
1.82248
1.82487
1.82698
1.82866
1.82978
1.83027
1.83009
1.8292
1.82763
1.82542
1.82267
1.81954
1.81622
1.81302
1.81026
1.80828
1.80735
1.80761
1.809
1.81129
1.81407
1.81688
1.81927
1.82086
1.82137
1.82061
1.81849
1.81502
1.81036
1.80482
1.79893
1.79342
1.78913
1.78682
1.78693
1.78938
1.7936
1.79866
1.80364
1.80774
1.8104
1.81129
1.81031
1.80751
1.80324
1.79809
1.79298
1.78894
1.78682
1.78693
1.7889
1.79184
1.79468
1.79656
1.79695
1.79572
1.79307
1.78948
1.78561
1.78215
1.7796
1.77815
1.7776
1.77746
1.77717
1.77628
1.77458
1.77208
1.76907
1.76599
1.76338
1.76178
1.76157
1.76292
1.7657
1.76953
1.77391
1.77837
1.78251
1.7861
1.78902
1.79129
1.79293
1.79401
1.79459
1.79471
1.79442
1.79376
1.79277
1.79153
1.79013
1.78869
1.78737
1.78628
1.78556
1.78525
1.78535
1.7858
1.78649
1.78726
1.78796
1.78843
1.78854
1.78818
1.78723
1.78562
1.7833
1.78028
1.77665
1.77261
1.76852
1.76486
1.76221
1.76109
1.76182
1.76441
1.76852
1.77363
1.77912
1.7845
1.78939
1.79361
1.79712
1.79993
1.80211
1.80374
1.80489
1.80561
1.80591
1.80582
1.80533
1.80442
1.80311
1.80141
1.7994
1.79718
1.79491
1.79279
1.79102
1.7898
1.78924
1.78935
1.79004
1.79111
1.7923
1.79335
1.79403
1.79423
1.79398
1.79346
1.793
1.79299
1.79378
1.79558
1.79836
1.80191
1.80589
1.80997
1.81384
1.81733
1.82031
1.82274
1.82462
1.82594
1.8267
1.8269
1.82653
1.82559
1.8241
1.8221
1.81967
1.81694
1.81411
1.81142
1.80915
1.80762
1.80714
1.80799
1.81028
1.814
1.81889
1.82457
1.83055
1.83637
1.84163
1.84607
1.8495
1.85182
1.85293
1.85279
1.85134
1.84853
1.8444
1.83909
1.83294
1.82654
1.8207
1.81628
1.81396
1.814
1.81615
1.81983
1.82438
1.82924
1.8341
1.8388
1.84331
1.84767
1.85188
1.85593
1.85977
1.86334
1.86656
1.86934
1.87164
1.87339
1.87459
1.87521
1.87527
1.87476
1.87368
1.87202
1.86973
1.8667
1.86285
1.85804
1.85218
1.84524
1.83732
1.8287
1.81993
1.8119
1.80583
1.80299
1.80428
1.80972
1.81831
1.82845
1.83861
1.84773
1.85531
1.86127
1.86573
1.86883
1.87069
1.8714
1.87102
1.86963
1.86735
1.86434
1.86079
1.85692
1.85295
1.84906
1.8455
1.8425
1.84038
1.83946
1.84003
1.84221
1.84588
1.8507
1.8562
1.86183
1.86714
1.87179
1.87556
1.87831
1.87992
1.88027
1.87919
1.87641
1.87156
1.86425
1.85415
1.84136
1.82681
1.81266
1.80207
1.79791
1.80114
1.81026
1.82243
1.83507
1.84661
1.85644
1.86455
1.87114
1.87646
1.88075
1.88417
1.88686
1.88888
1.89029
1.89109
1.89127
1.89079
1.88961
1.8877
1.88503
1.88161
1.87749
1.8728
1.86775
1.86261
1.85775
1.85356
1.85044
1.84873
1.84866
1.85026
1.85343
1.85786
1.86316
1.86885
1.87446
1.87958
1.8839
1.8872
1.88935
1.89031
1.89013
1.88889
1.88672
1.88378
1.88022
1.87619
1.87188
1.86747
1.86322
1.85941
1.85634
1.85427
1.85337
1.85365
1.85495
1.857
1.85948
1.8621
1.86461
1.86687
1.8688
1.87038
1.87164
1.8726
1.87331
1.87383
1.87419
1.87441
1.87449
1.87437
1.87392
1.87295
1.87125
1.86867
1.86517
1.86097
1.85655
1.85262
1.84992
1.84901
1.85008
1.85287
1.85688
1.86155
1.86643
1.87128
1.87598
1.88052
1.88491
1.88917
1.89327
1.89714
1.90069
1.90382
1.90639
1.90824
1.90922
1.90911
1.90769
1.90468
1.8998
1.89276
1.88335
1.87153
1.85764
1.84245
1.82721
1.81347
1.80273
1.79608
1.79397
1.79614
1.80167
1.80916
1.81714
1.8245
1.83065
1.83557
1.83963
1.84336
1.84725
1.85166
1.8567
1.86228
1.86815
1.87398
1.87942
1.88416
1.88796
1.89059
1.89188
1.89168
1.88986
1.88636
1.88126
1.87492
1.86806
1.86177
1.85732
1.85569
1.85719
1.86128
1.86693
1.87302
1.87873
1.88361
1.88753
1.89052
1.89272
1.89425
1.89522
1.89571
1.89577
1.89541
1.89465
1.89347
1.89189
1.88991
1.88758
1.88496
1.88219
1.87943
1.87691
1.87487
1.87358
1.87324
1.874
1.87587
1.87872
1.88232
1.88636
1.89051
1.89447
1.898
1.90092
1.90312
1.90455
1.90519
1.90506
1.90419
1.90265
1.90051
1.8979
1.89495
1.89183
1.88873
1.88583
1.88331
1.88129
1.87987
1.87905
1.87884
1.87916
1.87996
1.88117
1.88272
1.88457
1.88667
1.88901
1.89153
1.89421
1.89699
1.89981
1.9026
1.90528
1.90773
1.90986
1.91153
1.91258
1.91288
1.91222
1.91045
1.90739
1.90298
1.89731
1.89075
1.88407
1.87835
1.87474
1.87401
1.87623
1.88074
1.88648
1.89243
1.89784
1.90236
1.90587
1.90841
1.91011
1.91108
1.91141
1.91118
1.91047
1.90932
1.90783
1.90607
1.90416
1.90224
1.90041
1.89878
1.89735
1.89611
1.89495
1.89378
1.89249
1.89108
1.8896
1.88824
1.88723
1.88683
1.88728
1.88869
1.89107
1.89428
1.89811
1.90228
1.90653
1.91064
1.91444
1.91784
1.92079
1.92329
1.92536
1.92703
1.92834
1.92933
1.93005
1.93053
1.93081
1.93091
1.93087
1.93072
1.93046
1.9301
1.92964
1.92903
1.92823
1.92716
1.92576
1.92394
1.92166
1.91893
1.91583
1.91252
1.90926
1.90636
1.90415
1.90287
1.90265
1.90348
1.90521
1.90763
1.91054
1.91379
1.91727
1.92092
1.92461
1.92813
1.93121
1.93349
1.93459
1.93421
1.93213
1.92828
1.92288
1.91645
1.90988
1.90429
1.90083
1.90037
1.90321
1.90898
1.91686
1.92579
1.93478
1.94305
1.95012
1.95575
1.95989
1.96257
1.96386
1.96382
1.96248
1.95984
1.95593
1.95085
1.9448
1.93817
1.93142
1.92504
1.91937
1.91449
1.91026
1.90647
1.90302
1.90005
1.89797
1.89726
1.89832
1.90133
1.90613
1.91233
1.91935
1.92658
1.93346
1.93956
1.94463
1.94854
1.95125
1.95284
1.95341
1.95307
1.95193
1.95005
1.9475
1.94427
1.94035
1.93568
1.93024
1.92409
1.91737
1.91041
1.90369
1.89782
1.89344
1.89099
1.89065
1.89227
1.89545
1.89963
1.90424
1.90882
1.913
1.91657
1.91943
1.92154
1.92295
1.92368
1.92381
1.92338
1.92244
1.92105
1.91924
1.91708
1.91465
1.91204
1.90934
1.90668
1.90416
1.90186
1.89986
1.8982
1.89687
1.89586
1.89516
1.89472
1.89455
1.89465
1.89505
1.89578
1.89688
1.89836
1.90022
1.9024
1.90482
1.90737
1.90993
1.91237
1.91459
1.91651
1.91806
1.91919
1.91987
1.92006
1.91976
1.91891
1.91751
1.91554
1.91298
1.9099
1.90639
1.90264
1.89892
1.89558
1.89299
1.89154
1.89146
1.89284
1.89557
1.89938
1.90386
1.90856
1.91308
1.91704
1.92013
1.92212
1.92278
1.92194
1.91942
1.91511
1.90894
1.90103
1.8917
1.88158
1.87163
1.86306
1.8572
1.85507
1.85706
1.86272
1.87087
1.88003
1.88886
1.89636
1.90194
1.90535
1.90654
1.9056
1.90273
1.89823
1.8926
1.88653
1.88089
1.87663
1.87453
1.87497
1.87778
1.88227
1.88756
1.89276
1.89718
1.9004
1.90222
1.90265
1.90183
1.90006
1.89778
1.8955
1.8938
1.89314
1.89378
1.89567
1.89853
1.90191
1.90537
1.90854
1.91117
1.91317
1.91451
1.91522
1.91539
1.91509
1.91441
1.91344
1.91227
1.91096
1.90955
1.90805
1.90644
1.90464
1.90259
1.90016
1.8973
1.89397
1.89022
1.88617
1.88205
1.87811
1.87463
1.87185
1.86993
1.86891
1.86877
1.8694
1.87066
1.87241
1.87447
1.87666
1.87874
1.88048
1.88165
1.88211
1.88184
1.88104
1.88008
1.8794
1.87937
1.88015
1.88165
1.88358
1.88555
1.88724
1.8884
1.88891
1.88876
1.88807
1.88696
1.88566
1.88438
1.88337
1.8829
1.88321
1.88445
1.88665
1.88965
1.89315
1.89679
1.90021
1.90315
1.90542
1.90696
1.90778
1.90793
1.90745
1.90644
1.90495
1.90306
1.90083
1.89834
1.89568
1.89296
1.89031
1.88784
1.88566
1.88385
1.88244
1.88143
1.88078
1.88044
1.88035
1.88047
1.88076
1.88121
1.88179
1.88244
1.88309
1.8836
1.88382
1.88352
1.88246
1.88034
1.87691
1.87196
1.86541
1.85743
1.84857
1.83973
1.83214
1.82693
1.82479
1.8257
1.82908
1.83408
1.83995
1.84613
1.85227
1.85815
1.86363
1.86859
1.87297
1.87672
1.8798
1.8822
1.88389
1.88479
1.88482
1.88384
1.8817
1.87827
1.87353
1.86772
1.86141
1.85561
1.85153
1.85022
1.85208
1.85663
1.86283
1.86949
1.87571
1.88099
1.8852
1.88841
1.8908
1.89256
1.89387
1.89486
1.89562
1.89621
1.89666
1.897
1.89724
1.89739
1.89747
1.89753
1.89758
1.89763
1.89764
1.89753
1.89715
1.89634
1.89495
1.89293
1.89031
1.88728
1.88414
1.8812
1.8788
1.87715
1.87638
1.87654
1.87763
1.87962
1.88242
1.88592
1.88993
1.89422
1.89855
1.90273
1.90661
1.91014
1.91332
1.91623
1.91896
1.92163
1.92435
1.92735
1.93088
1.93524
1.94061
1.94695
1.95391
1.96093
1.96733
1.97248
1.97589
1.97722
1.9763
1.97319
1.96813
1.96167
1.95464
1.94795
1.9424
1.93841
1.93594
1.93471
1.93445
1.93504
1.93651
1.93885
1.94193
1.94551
1.9493
1.95309
1.95675
1.96031
1.96382
1.96738
1.971
1.97467
1.9783
1.98177
1.98493
1.98766
1.98983
1.99134
1.99209
1.99198
1.99092
1.98881
1.98559
1.98122
1.97571
1.96914
1.9617
1.95362
1.94525
1.93698
1.92921
1.92234
1.91669
1.91249
1.90983
1.90866
1.9088
1.91
1.91195
1.9144
1.9171
1.91986
1.92249
1.92484
1.92682
1.92837
1.92952
1.93038
1.93109
1.93181
1.93268
1.93377
1.93509
1.93656
1.93807
1.93946
1.94061
1.9414
1.94176
1.94167
1.94114
1.94025
1.93908
1.93776
1.93641
1.93514
1.93404
1.93317
1.93255
1.93215
1.93193
1.9318
1.93168
1.93152
1.93127
1.93092
1.93052
1.93013
1.92984
1.92976
1.92998
1.93055
1.93149
1.93276
1.9343
1.93599
1.93773
1.93937
1.94077
1.94179
1.94224
1.94189
1.94049
1.93767
1.93309
1.9264
1.9175
1.90675
1.89519
1.88458
1.87682
1.87301
1.87284
1.87482
1.87718
1.87874
1.87909
1.87846
1.87732
1.8761
1.87508
1.8745
1.87465
1.87589
1.87853
1.88263
1.88793
1.89387
1.89983
1.9053
1.90993
1.91358
1.91623
1.91794
1.91882
1.919
1.91861
1.91779
1.91668
1.91544
1.91421
1.91311
1.91221
1.91152
1.91099
1.91046
1.90972
1.90855
1.90672
1.90412
1.90078
1.89697
1.89319
1.89006
1.88815
1.88771
1.88854
1.89004
1.89138
1.89172
1.89043
1.88715
1.88194
1.87535
1.86849
1.86281
1.85968
1.85977
1.86275
1.86752
1.87279
1.87756
1.88131
1.88393
1.88554
1.88635
1.8866
1.88648
1.88612
1.88564
1.88508
1.88448
1.88387
1.88324
1.8826
1.88193
1.88124
1.8805
1.87973
1.87893
1.87811
1.87729
1.87651
1.8758
1.87518
1.87467
1.87426
1.87393
1.87362
1.87326
1.87274
1.87196
1.87077
1.86904
1.86662
1.86337
1.85921
1.85415
1.84842
1.84245
1.83695
1.83278
1.83065
1.83089
1.8333
1.83726
1.84196
1.84672
1.85107
1.8548
1.85788
1.86037
1.86237
1.86397
1.86527
1.86632
1.86717
1.86784
1.86835
1.86868
1.86884
1.8688
1.86853
1.86801
1.8672
1.86608
1.86463
1.86286
1.86078
1.85848
1.85605
1.85363
1.85134
1.84928
1.84749
1.84596
1.8446
1.84335
1.84215
1.84102
1.84006
1.83946
1.83943
1.84021
1.84196
1.84475
1.84851
1.85307
1.85815
1.86343
1.86855
1.87323
1.87723
1.88044
1.88287
1.8846
1.88581
1.88666
1.88725
1.8875
1.8872
1.88598
1.88346
1.87947
1.87426
1.86866
1.86405
1.8618
1.86266
1.86623
1.87126
1.87627
1.88025
1.8829
1.8845
1.88565
1.88694
1.88867
1.89086
1.89328
1.89566
1.8978
1.89959
1.90103
1.90217
1.90309
1.90392
1.90481
1.90596
1.90753
1.9096
1.91208
1.91474
1.91724
1.91925
1.92047
1.92071
1.91987
1.91796
1.91506
1.91132
1.90695
1.90225
1.89753
1.89313
1.88932
1.88627
1.88403
1.88259
1.882
1.88242
1.88405
1.88705
1.89137
1.89672
1.90263
1.90861
1.91424
1.91927
1.92356
1.92711
1.92995
1.93216
1.9338
1.93494
1.93559
1.93581
1.93562
1.93508
1.93429
1.9334
1.93259
1.93208
1.93204
1.93261
1.93375
1.93533
1.93706
1.93856
1.93941
1.93922
1.93761
1.93433
1.92928
1.92267
1.91508
1.90752
1.90126
1.89741
1.89653
1.89843
1.90231
1.90722
1.91236
1.91723
1.9216
1.92542
1.92872
1.93158
1.93409
1.93631
1.93831
1.94011
1.94171
1.9431
1.94424
1.94508
1.94558
1.94573
1.94553
1.94505
1.94437
1.94363
1.94296
1.94248
1.94228
1.94239
1.94277
1.94332
1.9439
1.94441
1.94473
1.94481
1.94466
1.94435
1.94401
1.9438
1.94388
1.94435
1.94527
1.9466
1.9482
1.94994
1.95167
1.95329
1.95474
1.95603
1.95722
1.95835
1.9595
1.96069
1.96192
1.96317
1.96435
1.96535
1.96604
1.96624
1.96581
1.96459
1.96253
1.95964
1.95612
1.95229
1.94864
1.94566
1.94373
1.94299
1.94333
1.94448
1.94612
1.94806
1.95024
1.9527
1.95553
1.95874
1.96228
1.96599
1.9697
1.97329
1.97668
1.97984
1.98276
1.98543
1.9878
1.98979
1.99133
1.99235
1.99284
1.9928
1.99233
1.99158
1.99074
1.99004
1.98972
1.98993
1.99076
1.99213
1.99387
1.9957
1.99734
1.99853
1.99913
1.99911
1.99861
1.99783
1.9971
1.99671
1.99688
1.99774
1.99925
2.00124
2.00345
2.0056
2.00743
2.00873
2.00941
2.00943
2.00881
2.00759
2.00582
2.00359
2.00106
1.9986
1.99679
1.99638
1.99804
2.00204
2.00799
2.01495
2.02168
2.02701
2.02994
2.02973
2.02579
2.01778
2.00584
1.99105
1.97585
1.96376
1.95784
1.95891
1.96507
1.97319
1.98071
1.98633
1.98984
1.99163
1.99228
1.99241
1.99252
1.99293
1.99372
1.99471
1.99559
1.996
1.99568
1.99463
1.99304
1.99124
1.98942
1.98748
1.98502
1.98148
1.97641
1.96971
1.96177
1.9534
1.94574
1.93992
1.93672
1.93632
1.9383
1.94186
1.94615
1.95058
1.95489
1.95911
1.96337
1.9678
1.97238
1.97699
1.98144
1.9855
1.98899
1.99181
1.99388
1.99521
1.99584
1.99583
1.99527
1.99424
1.99283
1.99114
1.98925
1.98723
1.98515
1.98306
1.98099
1.97894
1.97694
1.97497
1.97306
1.97125
1.96961
1.96824
1.96723
1.96666
1.96654
1.96684
1.96746
1.96824
1.969
1.96958
1.96985
1.96973
1.96918
1.96821
1.96686
1.96521
1.96332
1.96128
1.95913
1.95687
1.95445
1.95175
1.94862
1.94491
1.94056
1.93574
1.93086
1.92656
1.92351
1.92212
1.92235
1.92379
1.92595
1.92852
1.93146
1.9348
1.93847
1.94209
1.94501
1.94642
1.9454
1.94103
1.9325
1.91958
1.90346
1.8878
1.87827
1.87947
1.89123
1.90878
1.92656
1.94118
1.95168
1.95848
1.9624
1.96425
1.96465
1.96402
1.96267
1.96077
1.95846
1.95583
1.95294
1.94984
1.94654
1.94308
1.93943
1.9356
1.93155
1.92729
1.92289
1.9185
1.91441
1.91097
1.90856
1.90744
1.90762
1.90884
1.91066
1.91255
1.91412
1.91514
1.9156
1.91568
1.91566
1.91583
1.91642
1.91755
1.91917
1.92113
1.92322
1.92524
1.92701
1.9284
1.92932
1.92971
1.92952
1.92869
1.92712
1.92469
1.92127
1.91675
1.9111
1.90445
1.89716
1.88989
1.8835
1.87895
1.87703
1.87813
1.88215
1.88853
1.89638
1.90473
1.91276
1.91986
1.92569
1.93015
1.93322
1.93499
1.93554
1.93496
1.93333
1.9307
1.92717
1.92281
1.91773
1.91204
1.90582
1.89916
1.89222
1.88529
1.87889
1.87371
1.87036
1.86917
1.87
1.87241
1.87594
1.88029
1.88535
1.89104
1.89727
1.90383
1.91041
1.91676
1.92261
1.92782
1.93228
1.93593
1.93873
1.94064
1.94162
1.94158
1.94042
1.93804
1.93437
1.92943
1.92344
1.9169
1.9106
1.90549
1.9024
1.90172
1.90328
1.90643
1.9104
1.91452
1.91838
1.92179
1.92473
1.92724
1.92935
1.9311
1.9325
1.93357
1.93432
1.93482
1.93516
1.93544
1.93579
1.93632
1.93713
1.93826
1.93972
1.94147
1.94343
1.94551
1.94757
1.94952
1.95126
1.95274
1.95394
1.95486
1.95553
1.95602
1.9564
1.95675
1.95713
1.95758
1.95812
1.95873
1.95935
1.95992
1.96033
1.9605
1.96036
1.95983
1.95889
1.95751
1.95571
1.95351
1.95098
1.9482
1.94531
1.94252
1.94015
1.93856
1.93816
1.93917
1.94156
1.94492
1.94858
1.95177
1.95391
1.95469
1.9542
1.95282
1.95122
1.95013
1.95021
1.95183
1.95499
1.95931
1.96416
1.96884
1.97273
1.97539
1.9766
1.97632
1.97466
1.97185
1.96817
1.96395
1.9595
1.95512
1.95105
1.94742
1.94432
1.94175
1.9398
1.93861
1.93846
1.9396
1.94211
1.94582
1.95028
1.95488
1.959
1.96215
1.96402
1.96447
1.9635
1.96123
1.95786
1.95364
1.94884
1.94374
1.93862
1.93369
1.92912
1.92501
1.9214
1.91834
1.91588
1.91412
1.9132
1.91323
1.91426
1.91618
1.91875
1.92159
1.9243
1.92648
1.92787
1.92833
1.92788
1.92665
1.92484
1.92264
1.92014
1.91731
1.91404
1.91023
1.90589
1.9012
1.89658
1.89258
1.88976
1.88858
1.88921
1.89158
1.89541
1.90033
1.90594
1.91194
1.91803
1.92396
1.92949
1.93439
1.93844
1.94146
1.94332
1.94393
1.94326
1.94132
1.93815
1.93389
1.92872
1.9229
1.91676
1.91065
1.90488
1.89967
1.89514
1.89133
1.88827
1.88602
1.88471
1.88445
1.88528
1.88713
1.88978
1.89295
1.89632
1.89959
1.90254
1.90499
1.90677
1.90774
1.90775
1.90667
1.90439
1.90094
1.89645
1.89128
1.88598
1.88124
1.8777
1.87579
1.87562
1.87692
1.87925
1.88208
1.88498
1.88766
1.88993
1.89172
1.89303
1.89391
1.89439
1.89453
1.8944
1.89405
1.89354
1.89293
1.89227
1.89158
1.89088
1.89011
1.88923
1.88813
1.88673
1.88497
1.8828
1.88027
1.87748
1.87457
1.87174
1.86917
1.867
1.86531
1.86411
1.8633
1.86272
1.86218
1.86143
1.86023
1.85838
1.85575
1.85231
1.84822
1.8438
1.83958
1.8362
1.83428
1.83431
1.83647
1.8406
1.84621
1.85264
1.85919
1.86527
1.87042
1.87438
1.87701
1.87828
1.87825
1.87697
1.87455
1.87107
1.86665
1.86143
1.8556
1.84944
1.84331
1.83766
1.83302
1.82987
1.8286
1.82935
1.832
1.83618
1.8414
1.84714
1.85292
1.8584
1.86333
1.86754
1.87091
1.87333
1.87474
1.87506
1.87426
1.87234
1.8694
1.86565
1.86142
1.85712
1.85316
1.84979
1.84696
1.84436
1.84145
1.83768
1.83269
1.82646
1.81943
1.81241
1.80633
1.80201
1.79982
1.79976
1.80165
1.80531
1.81071
1.81785
1.82659
1.83646
1.84673
1.85653
1.8651
1.87192
1.87678
1.87972
1.88092
1.88072
1.87949
1.87768
1.87574
1.87409
1.87308
1.8729
1.87358
1.87495
1.87675
1.87859
1.88007
1.88075
1.88022
1.87802
1.87375
1.86707
1.85779
1.84601
1.8323
1.81778
1.80411
1.79325
1.78699
1.7863
1.79107
1.8002
1.81208
1.82522
1.83843
1.85094
1.86227
1.87213
1.8804
1.88709
1.89232
1.89631
1.8993
1.90155
1.90331
1.90477
1.90612
1.90744
1.90881
1.91022
1.91163
1.91296
1.91409
1.91488
1.91519
1.91484
1.91367
1.91154
1.90832
1.90393
1.89832
1.89153
1.88364
1.87484
1.86547
1.85613
1.84765
1.8411
1.83745
1.83732
1.84066
1.84685
1.85494
1.86392
1.87299
1.88159
1.88939
1.89623
1.90207
1.90693
1.91088
1.91401
1.91644
1.91827
1.91965
1.92071
1.92158
1.9224
1.92327
1.92427
1.92545
1.92684
1.92844
1.93019
1.93202
1.9338
1.93537
1.93655
1.93711
1.93686
1.93563
1.93334
1.92996
1.92557
1.92027
1.91417
1.90724
1.89938
1.89039
1.88033
1.86978
1.86018
1.8536
1.85196
1.856
1.86482
1.87645
1.8888
1.90027
1.90991
1.91724
1.92201
1.92421
1.92407
1.92229
1.92003
1.91882
1.92001
1.92415
1.93071
1.93842
1.94593
1.95222
1.95683
1.95968
1.96094
1.96086
1.95971
1.95772
1.95507
1.95191
1.94831
1.94432
1.93989
1.93495
1.92935
1.92292
1.91552
1.9071
1.8978
1.88806
1.87856
1.87022
1.86393
1.86025
1.85927
1.86046
1.86282
1.86513
1.86619
1.86512
1.86165
1.8565
1.85165
1.84997
1.85404
1.86448
1.87949
1.89582
1.91039
1.92123
1.92759
1.92959
1.92787
1.92343
1.91746
1.91125
1.906
1.90262
1.90151
1.9026
1.90539
1.90922
1.91346
1.91754
1.92097
1.92333
1.92419
1.92321
1.92018
1.91522
1.90898
1.90277
1.89836
1.89729
1.90009
1.90598
1.9133
1.92036
1.92595
1.92951
1.93093
1.93034
1.92798
1.92412
1.91907
1.91318
1.90689
1.90067
1.89501
1.8903
1.88679
1.88453
1.88342
1.88324
1.8838
1.8849
1.88645
1.88839
1.8907
1.89336
1.89629
1.89939
1.9025
1.90542
1.90796
1.90994
1.91122
1.91173
1.91147
1.91047
1.90884
1.90674
1.90432
1.90176
1.89921
1.89682
1.89471
1.89302
1.89186
1.89139
1.89172
1.89291
1.89492
1.89762
1.9008
1.90417
1.90745
1.91038
1.91279
1.91456
1.91569
1.91622
1.91626
1.91597
1.9155
1.91501
1.91462
1.9144
1.91438
1.91457
1.91492
1.91538
1.91591
1.91645
1.91697
1.91746
1.9179
1.91829
1.91864
1.91894
1.91922
1.91946
1.91968
1.91987
1.92001
1.92011
1.92011
1.91998
1.91966
1.9191
1.91821
1.91691
1.91514
1.9128
1.90982
1.90619
1.90194
1.89725
1.89245
1.88805
1.88466
1.88277
1.88264
1.88408
1.88654
1.88923
1.89134
1.89231
1.89191
1.89034
1.88825
1.88656
1.88624
1.88805
1.8922
1.89836
1.90573
1.91337
1.92043
1.92628
1.93061
1.93331
1.93448
1.93428
1.93296
1.93079
1.92804
1.92497
1.92185
1.91888
1.91624
1.91403
1.91229
1.91103
1.9102
1.90971
1.90943
1.90922
1.90886
1.90809
1.90662
1.90412
1.90035
1.89517
1.88878
1.88186
1.87559
1.87144
1.87067
1.87366
1.87979
1.88774
1.8961
1.90381
1.91029
1.91531
1.91889
1.92113
1.92215
1.92208
1.92099
1.91895
1.91602
1.91226
1.90772
1.90253
1.89682
1.89077
1.88461
1.87859
1.87297
1.86797
1.86379
1.8605
1.85814
1.85663
1.85589
1.8558
1.85624
1.85716
1.85848
1.86016
1.86216
1.86441
1.86685
1.8694
1.87199
1.87453
1.87695
1.87919
1.8812
1.88294
1.88439
1.88552
1.88634
1.88686
1.88709
1.88707
1.8868
1.88634
1.88569
1.88487
1.88389
1.88274
1.8814
1.87985
1.87806
1.87599
1.87364
1.87098
1.86803
1.86479
1.86131
1.85763
1.8538
1.84988
1.84591
1.84194
1.83801
1.8342
1.83061
1.82737
1.82464
1.82258
1.82128
1.8208
1.82108
1.82204
1.82361
1.82568
1.82818
1.83102
1.83407
1.83719
1.8402
1.84296
1.84534
1.84726
1.84869
1.84963
1.85011
1.85018
1.84988
1.84927
1.84841
1.84733
1.84608
1.84472
1.84329
1.84182
1.84037
1.83898
1.83769
1.83652
1.83552
1.83469
1.83406
1.83363
1.8334
1.83337
1.83356
1.83394
1.83451
1.83524
1.83606
1.83692
1.83771
1.83832
1.83863
1.83853
1.8379
1.83667
1.83481
1.83234
1.82935
1.82599
1.82246
1.819
1.81582
1.81313
1.81106
1.80971
1.80911
1.80928
1.81021
1.81188
1.81425
1.81721
1.82061
1.82419
1.82769
1.83079
1.8332
1.8347
1.8351
1.83435
1.8325
1.82982
1.82675
1.82391
1.82197
1.82148
1.82267
1.82538
1.82915
1.83341
1.83762
1.84144
1.84466
1.84726
1.84929
1.85085
1.85208
1.85308
1.85398
1.85487
1.85582
1.85688
1.85809
1.85945
1.86094
1.86251
1.86412
1.86569
1.86715
1.86841
1.86938
1.86999
1.87017
1.86986
1.869
1.86759
1.86562
1.86314
1.86022
1.85696
1.85349
1.84997
1.84654
1.84336
1.84062
1.83859
1.83759
1.83804
1.84029
1.84455
1.85067
1.85815
1.86629
1.8743
1.88155
1.88759
1.89221
1.89535
1.89707
1.89752
1.89688
1.89535
1.89316
1.89056
1.88777
1.885
1.88241
1.88014
1.87823
1.8767
1.87555
1.87476
1.87435
1.87438
1.87489
1.87594
1.87753
1.87962
1.88211
1.88486
1.88774
1.8906
1.89335
1.89591
1.89826
1.90039
1.90231
1.90404
1.90561
1.90706
1.90839
1.90964
1.91078
1.9118
1.91259
1.91306
1.91301
1.91227
1.91059
1.90776
1.90359
1.89796
1.89089
1.88265
1.87388
1.86566
1.85948
1.85678
1.85835
1.86387
1.87209
1.88139
1.8904
1.89826
1.90464
1.9095
1.91295
1.91516
1.91627
1.91636
1.91548
1.9136
1.91064
1.90645
1.90087
1.89374
1.885
1.87488
1.86408
1.85385
1.8458
1.84125
1.84057
1.84298
1.8471
1.85166
1.85598
1.85991
1.86357
1.86703
1.87022
1.873
1.8752
1.87671
1.87752
1.87771
1.87737
1.87665
1.87568
1.87458
1.87346
1.87241
1.8715
1.87079
1.87032
1.87012
1.87017
1.87048
1.87102
1.87175
1.87263
1.87361
1.87465
1.8757
1.87672
1.87767
1.87854
1.87931
1.87998
1.88055
1.88105
1.88147
1.88185
1.8822
1.88253
1.88286
1.88319
1.88349
1.88375
1.8839
1.88387
1.88353
1.88273
1.88125
1.87885
1.87526
1.87028
1.86387
1.85629
1.84829
1.84101
1.83568
1.83309
1.83312
1.83482
1.83685
1.83811
1.83804
1.83669
1.83459
1.83252
1.83125
1.83137
1.83309
1.83627
1.84052
1.8454
1.85052
1.85557
1.86032
1.8646
1.86829
1.87132
1.87367
1.87537
1.87648
1.8771
1.87732
1.87725
1.87694
1.87642
1.87568
1.87467
1.87331
1.87152
1.8692
1.86629
1.86278
1.85871
1.85424
1.84957
1.84504
1.841
1.83782
1.8358
1.83512
1.83579
1.83768
1.84055
1.84409
1.84801
1.85204
1.85597
1.85966
1.86301
1.86595
1.86845
1.87052
1.87216
1.87337
1.87418
1.87461
1.87468
1.87439
1.87378
1.87286
1.87167
1.87024
1.86862
1.86689
1.86509
1.86328
1.86148
1.85971
1.85795
1.85625
1.85466
1.85334
1.85255
1.85253
1.85351
1.85555
1.85856
1.86228
1.86637
1.8705
1.87443
1.87799
1.88111
1.88378
1.88605
1.88796
1.88959
1.89098
1.89218
1.89324
1.89418
1.89503
1.8958
1.89652
1.89721
1.89789
1.89857
1.89928
1.90005
1.9009
1.90185
1.90293
1.90415
1.90551
1.90701
1.90863
1.91035
1.91214
1.91397
1.91581
1.91763
1.91943
1.92117
1.92285
1.92444
1.92589
1.92716
1.92813
1.92869
1.92872
1.92806
1.9266
1.92428
1.92111
1.91721
1.91279
1.90819
1.90375
1.89977
1.89643
1.8937
1.8914
1.88925
1.88701
1.8846
1.88225
1.8805
1.88005
1.88146
1.88481
1.88959
1.89499
1.90016
1.90455
1.90792
1.9103
1.91187
1.91288
1.91356
1.91418
1.91491
1.91591
1.91719
1.91869
1.92026
1.92171
1.92288
1.92361
1.92382
1.92345
1.92251
1.92101
1.91898
1.91649
1.91362
1.91045
1.90713
1.9038
1.90061
1.89773
1.8953
1.89346
1.89225
1.89172
1.89181
1.89247
1.89359
1.89505
1.89674
1.89853
1.90032
1.90202
1.90356
1.90487
1.90592
1.90668
1.90713
1.90726
1.90709
1.90661
1.90584
1.90479
1.90346
1.90182
1.89983
1.89741
1.89449
1.89096
1.88677
1.88192
1.87655
1.87093
1.86551
1.86085
1.85752
1.85592
1.85622
1.85827
1.86166
1.86589
1.87039
1.87468
1.87834
1.88096
1.88215
1.88154
1.87879
1.87373
1.86663
1.85853
1.85129
1.84733
1.84858
1.85537
1.86625
1.87881
1.89085
1.90095
1.90849
1.91338
1.91578
1.91588
1.91392
1.91011
1.90473
1.89813
1.89076
1.88317
1.87588
1.8693
1.86363
1.85888
1.85514
1.85283
1.85282
1.856
1.86261
1.87171
1.88151
1.89004
1.89586
1.89815
1.8966
1.89128
1.88263
1.87156
1.85967
1.84923
1.84264
1.84159
1.84628
1.85541
1.86695
1.87898
1.8902
1.89996
1.9081
1.91473
1.92008
1.92443
1.92799
1.93094
1.93341
1.93547
1.93717
1.9385
1.93948
1.94009
1.94033
1.9402
1.93974
1.93901
1.9381
1.93715
1.93631
1.93574
1.9356
1.93601
1.93699
1.93849
1.94035
1.94233
1.94414
1.94547
1.94608
1.94582
1.9447
1.94289
1.94073
1.93864
1.93701
1.93608
1.93588
1.93626
1.93693
1.93764
1.93823
1.93866
1.93907
1.93972
1.94093
1.94298
1.94594
1.94962
1.95354
1.95703
1.95946
1.96031
1.95935
1.95661
1.95244
1.94739
1.9422
1.93759
1.9341
1.93204
1.93146
1.93229
1.93439
1.93758
1.94153
1.94574
1.94963
1.95268
1.9546
1.95533
1.95501
1.9539
1.95224
1.9502
1.94789
1.94539
1.94288
1.94061
1.93892
1.93813
1.93843
1.93979
1.94194
1.94446
1.94687
1.94874
1.94978
1.94982
1.94884
1.94696
1.94435
1.9413
1.93809
1.93503
1.93236
1.93029
1.9289
1.92816
1.92797
1.92812
1.92841
1.92863
1.92863
1.92832
1.92765
1.92666
1.9254
1.92392
1.92229
1.92053
1.91866
1.91663
1.91437
1.91179
1.90874
1.90512
1.90082
1.89578
1.89
1.88358
1.87668
1.86957
1.86261
1.8563
1.85127
1.84811
1.84722
1.84858
1.85169
1.85583
1.86028
1.86455
1.86844
1.87194
1.87517
1.87824
1.88126
1.88425
1.8872
1.89005
1.8927
1.89508
1.89711
1.89873
1.89992
1.90067
1.90099
1.90092
1.9005
1.8998
1.89887
1.8978
1.89667
1.89563
1.89482
1.89441
1.89453
1.89527
1.89657
1.89826
1.90002
1.9015
1.9024
1.90251
1.90182
1.9005
1.8989
1.89743
1.8965
1.89642
1.89734
1.89924
1.90199
1.90537
1.90914
1.91305
1.91688
1.92043
1.9235
1.9259
1.92744
1.9279
1.92709
1.92485
1.92107
1.9158
1.90926
1.90192
1.89449
1.88785
1.88289
1.88029
1.88039
1.88307
1.88791
1.89423
1.90122
1.90803
1.91385
1.91806
1.92025
1.92041
1.91887
1.91631
1.91363
1.91177
1.91138
1.91271
1.91555
1.91937
1.92351
1.92735
1.93039
1.93232
1.93293
1.93214
1.92989
1.92617
1.92097
1.91433
1.90645
1.89784
1.88951
1.88297
1.87987
1.88126
1.88697
1.89572
1.90569
1.91535
1.92375
1.93054
1.93573
1.93945
1.94189
1.94318
1.94337
1.94243
1.94031
1.93692
1.9322
1.92618
1.91904
1.91122
1.90346
1.89672
1.89199
1.89003
1.89106
1.8947
1.9002
1.90666
1.91329
1.91954
1.92506
1.92971
1.93345
1.93632
1.93839
1.93974
1.94046
1.94064
1.94032
1.93957
1.93843
1.93695
1.93518
1.93316
1.93095
1.92862
1.92627
1.92396
1.9218
1.91984
1.91816
1.91675
1.91561
1.9147
1.91392
1.91319
1.91238
1.91137
1.91004
1.90831
1.90613
1.90353
1.90057
1.89737
1.89403
1.89053
1.88674
1.88241
1.87733
1.8716
1.86577
1.86084
1.85788
1.85756
1.85979
1.86401
1.86958
1.87607
1.88317
1.89055
1.89777
1.90434
1.90988
1.91418
1.91719
1.91903
1.91987
1.9199
1.9193
1.91822
1.91675
1.91495
1.91282
1.91032
1.90745
1.90423
1.90079
1.89735
1.89424
1.89186
1.89054
1.89044
1.89153
1.8935
1.89593
1.8983
1.90015
1.90115
1.90108
1.8999
1.8977
1.89466
1.89109
1.88736
1.8839
1.88112
1.8794
1.87897
1.8799
1.88206
1.88515
1.88879
1.89258
1.89617
1.89928
1.90174
1.90348
1.90446
1.90473
1.90432
1.90331
1.90176
1.89974
1.89728
1.89439
1.89105
1.8872
1.8828
1.87787
1.87263
1.86751
1.86316
1.86032
1.85953
1.86092
1.86413
1.86846
1.87311
1.87741
1.88086
1.88315
1.88408
1.88355
1.88149
1.8779
1.87288
1.86671
1.85985
1.85297
1.84689
1.84244
1.84018
1.84025
1.84232
1.84578
1.84996
1.85433
1.85857
1.86248
1.86593
1.86875
1.87081
1.87204
1.87245
1.87223
1.87172
1.87133
1.87146
1.87235
1.87403
1.87629
1.87878
1.88113
1.88306
1.88442
1.88517
1.8854
1.88526
1.88493
1.88455
1.88426
1.88412
1.88414
1.88428
1.88446
1.88462
1.88466
1.88453
1.88419
1.88364
1.88289
1.88197
1.88089
1.8797
1.8784
1.877
1.87551
1.87392
1.87224
1.87049
1.8687
1.86694
1.86528
1.86381
1.86264
1.86184
1.8615
1.86165
1.86225
1.86327
1.86462
1.86624
1.86807
1.87006
1.87213
1.87419
1.87612
1.87782
1.87925
1.88042
1.88143
1.88241
1.88348
1.88471
1.88607
1.88749
1.88885
1.89003
1.89095
1.89159
1.89194
1.89205
1.892
1.89184
1.89163
1.89143
1.89126
1.89115
1.89113
1.8912
1.8914
1.89174
1.89225
1.89293
1.89378
1.89479
1.89594
1.89718
1.89847
1.89975
1.90095
1.90202
1.90287
1.90341
1.90355
1.90318
1.90219
1.90047
1.89793
1.89453
1.89035
1.88559
1.88059
1.87588
1.87203
1.8696
1.86896
1.8702
1.87311
1.87716
1.88166
1.8859
1.88924
1.89126
1.89182
1.89103
1.88926
1.88703
1.88482
1.88292
1.88128
1.87962
1.87757
1.87502
1.8723
1.87012
1.86937
1.87061
1.87384
1.87845
1.88355
1.88832
1.89223
1.89504
1.89679
1.89762
1.89774
1.89738
1.89674
1.89602
1.8954
1.89502
1.89503
1.89552
1.89655
1.89813
1.90023
1.90277
1.90563
1.90867
1.91177
1.91479
1.91764
1.92025
1.92257
1.92459
1.92629
1.92769
1.92875
1.92946
1.92976
1.92956
1.92872
1.9271
1.92454
1.92088
1.91607
1.91016
1.90341
1.8963
1.88953
1.88392
1.88022
1.87889
1.87997
1.88306
1.88749
1.89254
1.89766
1.90258
1.90731
1.91202
1.91691
1.92206
1.92741
1.93277
1.93793
1.94266
1.94683
1.95036
1.95322
1.95543
1.95702
1.95804
1.95853
1.95855
1.95814
1.95735
1.95625
1.9549
1.95338
1.95178
1.95019
1.94874
1.94756
1.94676
1.94647
1.94674
1.94762
1.94906
1.95097
1.95323
1.95566
1.9581
1.96039
1.96238
1.96395
1.96498
1.96536
1.96501
1.96384
1.96179
1.95883
1.95501
1.95045
1.94545
1.94047
1.9361
1.933
1.93165
1.93227
1.93465
1.93819
1.94212
1.94568
1.94835
1.94998
1.95084
1.95156
1.95291
1.95551
1.9595
1.96449
1.96971
1.97431
1.97761
1.97919
1.97886
1.97663
1.97266
1.96718
1.96059
1.95341
1.94628
1.93995
1.93512
1.93227
1.93151
1.93257
1.93492
1.9379
1.94092
1.94357
1.94559
1.94693
1.94766
1.94794
1.94796
1.94786
1.94771
1.94745
1.94685
1.94566
1.9436
1.94064
1.93706
1.93365
1.93149
1.93167
1.93474
1.94041
1.9477
1.95538
1.96239
1.9681
1.97223
1.97479
1.97587
1.97561
1.9741
1.97133
1.9672
1.9615
1.95401
1.94473
1.93412
1.92337
1.91431
1.90877
1.90771
1.91069
1.91633
1.9231
1.92988
1.93608
1.94146
1.94592
1.9495
1.95229
1.95444
1.95612
1.95746
1.95856
1.95945
1.96009
1.96043
1.96042
1.96003
1.95927
1.95819
1.95684
1.95527
1.95348
1.95143
1.94902
1.94609
1.94248
1.93808
1.93294
1.92731
1.92172
1.91684
1.91342
1.91208
1.9132
1.91682
1.9226
1.92976
1.9373
1.94425
1.94984
1.95369
1.95573
1.95615
1.95525
1.9534
1.95097
1.94828
1.94558
1.94307
1.94088
1.93908
1.9377
1.93672
1.93608
1.9357
1.93547
1.93528
1.93503
1.93465
1.93411
1.93342
1.93261
1.93176
1.93092
1.93014
1.92944
1.92878
1.92803
1.92704
1.92558
1.92337
1.92016
1.91574
1.91004
1.90323
1.89589
1.88898
1.88377
1.88141
1.88245
1.88651
1.89254
1.89922
1.90548
1.9107
1.91466
1.91745
1.91928
1.92046
1.92125
1.92188
1.92253
1.92327
1.92415
1.92513
1.92614
1.92709
1.92787
1.92837
1.92849
1.92815
1.92727
1.92583
1.92382
1.92133
1.91853
1.91569
1.9131
1.91111
1.90995
1.90971
1.91032
1.91153
1.91305
1.91455
1.9158
1.91663
1.91699
1.91692
1.91652
1.91592
1.91529
1.91479
1.91448
1.9144
1.91445
1.9145
1.91438
1.91395
1.91311
1.91185
1.9102
1.90823
1.90598
1.90349
1.90077
1.89784
1.89476
1.89174
1.88908
1.88721
1.88656
1.88746
1.89006
1.89426
1.89976
1.9061
1.91281
1.91942
1.92555
1.93094
1.93541
1.93887
1.9413
1.94266
1.94295
1.94216
1.94026
1.93726
1.93327
1.92853
1.92341
1.91843
1.91405
1.91054
1.90791
1.90591
1.90426
1.90285
1.90182
1.90148
1.90214
1.90386
1.90644
1.90952
1.91274
1.91589
1.91885
1.92166
1.92434
1.92688
1.92921
1.93116
1.93252
1.93304
1.9325
1.93072
1.92763
1.92331
1.918
1.91203
1.90581
1.89969
1.89395
1.88895
1.88538
1.88433
1.88684
1.89322
1.90242
1.9124
1.9209
1.92623
1.92752
1.92466
1.91819
1.90915
1.89906
1.88964
1.88249
1.87858
1.87795
1.87988
1.8833
1.88735
1.89163
1.89607
1.90072
1.9056
1.91055
1.91536
1.91978
1.92363
1.92677
1.92914
1.93073
1.93159
1.93184
1.9316
1.93106
1.93039
1.92976
1.92932
1.92919
1.92942
1.93001
1.93092
1.93207
1.93336
1.93467
1.9359
1.93696
1.93778
1.93831
1.93853
1.93845
1.93811
1.93759
1.93697
1.93636
1.93584
1.93551
1.93541
1.93553
1.93584
1.93624
1.93665
1.93696
1.93706
1.93689
1.93638
1.93552
1.9343
1.93277
1.93096
1.92897
1.92689
1.92484
1.92291
1.9212
1.91979
1.91874
1.91809
1.91784
1.91801
1.91855
1.9194
1.92047
1.92162
1.92269
1.92354
1.92405
1.92415
1.92385
1.92322
1.92239
1.92151
1.92077
1.9203
1.92022
1.92058
1.92136
1.92252
1.92395
1.92554
1.92718
1.92876
1.93021
1.93146
1.93245
1.93316
1.93355
1.93356
1.93315
1.93228
1.93088
1.92894
1.92645
1.92349
1.92018
1.91674
1.91347
1.91066
1.9086
1.90746
1.90727
1.90795
1.9093
1.91111
1.91319
1.91536
1.91751
1.91958
1.9215
1.92326
1.92485
1.92623
1.92739
1.92828
1.92884
1.92896
1.9285
1.92724
1.92496
1.92139
1.9163
1.90957
1.90134
1.89211
1.88281
1.87466
1.86884
1.866
1.86613
1.86866
1.87285
1.87805
1.88378
1.88967
1.89539
1.90066
1.90522
1.90887
1.91152
1.91315
1.91381
1.91357
1.91255
1.91087
1.90865
1.90603
1.90315
1.90015
1.8972
1.89445
1.89205
1.8901
1.88867
1.88778
1.88737
1.8874
1.88782
1.88863
1.88987
1.89164
1.89401
1.89699
1.9005
1.90435
1.90829
1.91208
1.91552
1.91848
1.92089
1.92274
1.92407
1.92491
1.92532
1.92537
1.92509
1.92451
1.92367
1.92256
1.92118
1.91951
1.91752
1.91519
1.91252
1.90952
1.90628
1.90295
1.89976
1.89699
1.89491
1.89374
1.89357
1.89433
1.89582
1.89772
1.89973
1.90159
1.90312
1.9043
1.90522
1.9061
1.9072
1.90878
1.91103
1.91397
1.9175
1.92137
1.9253
1.929
1.93225
1.93489
1.93687
1.93818
1.93885
1.93894
1.93855
1.93776
1.9367
1.93547
1.93421
1.93305
1.93207
1.93129
1.93065
1.92998
1.92907
1.9277
1.92575
1.92321
1.92028
1.91729
1.91468
1.91285
1.91208
1.91237
1.91345
1.91482
1.91588
1.91604
1.9149
1.91237
1.90873
1.90461
1.90085
1.89811
1.8965
1.89552
1.89434
1.89236
1.88962
1.88688
1.88527
1.88577
1.88875
1.89385
1.90025
1.90702
1.9134
1.91884
1.92299
1.92564
1.92667
1.92613
1.92421
1.92128
1.91788
1.91464
1.91223
1.91117
1.91179
1.91415
1.91801
1.92295
1.92845
1.934
1.93914
1.9435
1.9468
1.94885
1.94953
1.94877
1.9466
1.9432
1.93886
1.9341
1.92958
1.92602
1.92409
1.92421
1.92646
1.93056
1.93591
1.94179
1.94752
1.95259
1.95671
1.95979
1.96189
1.9631
1.96358
1.96346
1.96284
1.96182
1.96047
1.95884
1.95698
1.95491
1.95262
1.95009
1.94733
1.94436
1.94127
1.93819
1.9353
1.93279
1.93088
1.92979
1.92971
1.93078
1.93297
1.93605
1.93966
1.94336
1.94679
1.94976
1.95232
1.9546
1.95678
1.95891
1.96089
1.96243
1.96317
1.96274
1.96088
1.95755
1.95303
1.94807
1.94377
1.94127
1.94134
1.94397
1.94848
1.95387
1.95925
1.96413
1.96838
1.97213
1.97564
1.97916
1.98288
1.98689
1.99122
1.99579
2.00047
2.00512
2.00952
2.01345
2.01663
2.01873
2.01932
2.01789
2.01382
2.00651
1.99567
1.98167
1.96612
1.9517
1.94112
1.93539
1.9333
1.93286
1.93324
1.93538
1.9408
1.94999
1.96178
1.97411
1.98514
1.99387
2.00006
2.00394
2.00596
2.0066
2.00626
2.00526
2.00383
2.00212
2.00025
1.9983
1.99636
1.99443
1.99244
1.99022
1.98753
1.98414
1.97998
1.97535
1.97106
1.96835
1.96841
1.97179
1.97803
1.98591
1.99404
2.00133
2.00721
2.01151
2.01432
2.01583
2.01623
2.01572
2.01442
2.01243
2.0098
2.00653
2.00259
1.99791
1.99239
1.98591
1.9784
1.96985
1.96042
1.9505
1.94078
1.93212
1.92544
1.92132
1.91975
1.91998
1.92067
1.92024
1.91725
1.91074
1.9005
1.88733
1.87322
1.8611
1.85424
1.85491
1.86324
1.87704
1.89292
1.90786
1.92013
1.92932
1.93588
1.94059
1.94417
1.947
1.94906
1.94991
1.94883
1.94494
1.93746
1.92613
1.91185
1.89719
1.8859
1.88111
1.88323
1.88988
1.89785
1.90495
1.91044
1.91444
1.91737
1.91956
1.92117
1.92222
1.92262
1.92224
1.92092
1.91861
1.91536
1.91146
1.90743
1.90397
1.90172
1.90107
1.90197
1.90399
1.90649
1.90887
1.91075
1.91195
1.91248
1.91248
1.91209
1.91144
1.91059
1.90958
1.90834
1.90683
1.90495
1.90268
1.89998
1.89687
1.89338
1.88948
1.88516
1.88034
1.87502
1.86925
1.86322
1.85723
1.8517
1.84703
1.84355
1.84145
1.84078
1.84146
1.84333
1.84622
1.84998
1.85445
1.85947
1.8649
1.87055
1.87622
1.8817
1.88678
1.89131
1.89514
1.89821
1.90049
1.90201
1.90279
1.9029
1.90239
1.90132
1.89978
1.89785
1.89564
1.89333
1.89111
1.88923
1.88794
1.88745
1.88786
1.88916
1.89118
1.89366
1.89628
1.89874
1.90077
1.90219
1.90285
1.90266
1.90156
1.89954
1.89663
1.89291
1.88854
1.88377
1.87893
1.87444
1.87073
1.86822
1.8672
1.86778
1.86988
1.87324
1.87746
1.88212
1.88679
1.89113
1.89489
1.8979
1.90008
1.90144
1.90206
1.90212
1.90193
1.90186
1.90234
1.90375
1.90629
1.90994
1.91446
1.91948
1.92459
1.92942
1.93373
1.93738
1.94034
1.94265
1.94438
1.94564
1.94657
1.94729
1.94791
1.94853
1.9492
1.94994
1.95071
1.95144
1.95204
1.95241
1.95245
1.95211
1.95134
1.95012
1.94847
1.94641
1.94398
1.94126
1.93832
1.93531
1.93236
1.92963
1.92723
1.92516
1.92337
1.92164
1.91973
1.91737
1.91443
1.91102
1.90757
1.90471
1.9031
1.90303
1.90432
1.90645
1.9088
1.91102
1.91308
1.91519
1.91764
1.92061
1.92409
1.9279
1.93174
1.9353
1.93833
1.94066
1.94225
1.94311
1.9433
1.94291
1.94202
1.9407
1.93899
1.93693
1.93454
1.93181
1.92875
1.92536
1.92165
1.91768
1.91353
1.90932
1.90521
1.90139
1.89803
1.89526
1.89318
1.89181
1.89109
1.89097
1.89133
1.89208
1.89307
1.89416
1.89512
1.89565
1.89536
1.89374
1.89018
1.88402
1.87474
1.8624
1.84818
1.83482
1.826
1.82439
1.82975
1.83918
1.84914
1.85723
1.86255
1.86522
1.8658
1.86491
1.86308
1.86074
1.8582
1.85572
1.85348
1.85165
1.85032
1.84957
1.84941
1.84981
1.85069
1.85195
1.85346
1.85511
1.85678
1.8584
1.85988
1.8612
1.86231
1.86319
1.86384
1.86423
1.86433
1.8641
1.86348
1.8624
1.86078
1.85853
1.85556
1.85186
1.84743
1.84244
1.83715
1.832
1.82751
1.82425
1.82266
1.82295
1.82505
1.82862
1.83311
1.83796
1.84263
1.84669
1.8498
1.85168
1.85207
1.85069
1.84729
1.84169
1.83415
1.8256
1.81789
1.8134
1.81391
1.81952
1.82844
1.83803
1.84602
1.8511
1.85286
1.85155
1.84787
1.84293
1.8381
1.83477
1.83392
1.83584
1.83999
1.84538
1.85098
1.85599
1.85995
1.86272
1.86429
1.86479
1.86437
1.86319
1.86144
1.85931
1.85703
1.85482
1.85291
1.85147
1.85062
1.85035
1.85056
1.85107
1.85165
1.85207
1.8521
1.85159
1.85045
1.84872
1.84654
1.8442
1.84207
1.84056
1.84003
1.84066
1.84246
1.84521
1.84858
1.85219
1.85574
1.85897
1.86177
1.86409
1.86594
1.86738
1.86846
1.86926
1.86983
1.87026
1.87061
1.87097
1.87144
1.87212
1.8731
1.87445
1.87619
1.87831
1.88077
1.88348
1.88632
1.88917
1.89191
1.89443
1.8966
1.89832
1.89947
1.89994
1.89958
1.89826
1.89576
1.89189
1.88635
1.87886
1.86913
1.85698
1.84248
1.82621
1.80946
1.79436
1.78365
1.77987
1.78437
1.79653
1.81397
1.83364
1.85289
1.87005
1.88435
1.89562
1.90398
1.90964
1.91279
1.91361
1.91222
1.90874
1.90337
1.8964
1.8883
1.8797
1.87134
1.86394
1.8581
1.85416
1.8523
1.85257
1.85492
1.85912
1.86469
1.8709
1.87692
1.88204
1.88576
1.88789
1.88845
1.88766
1.88582
1.88327
1.88039
1.87749
1.87487
1.8727
1.8711
1.87004
1.86945
1.86917
1.86904
1.86889
1.86864
1.86826
1.86783
1.86749
1.86741
1.86772
1.8685
1.86971
1.87125
1.87294
1.87459
1.87604
1.87714
1.87775
1.87769
1.87678
1.87477
1.87139
1.86641
1.8598
1.8519
1.84364
1.83644
1.83183
1.83075
1.83305
1.83755
1.84272
1.84726
1.85046
1.85209
1.85233
1.85157
1.85032
1.84917
1.84864
1.84909
1.85061
1.85297
1.8557
1.85819
1.85981
1.85999
1.85825
1.85421
1.84773
1.83898
1.82875
1.81853
1.81026
1.80559
1.8049
1.80706
1.80996
1.81157
1.81069
1.80722
1.80222
1.79755
1.79523
1.79651
1.80129
1.80826
1.81577
1.82251
1.82779
1.83145
1.83362
1.83453
1.83437
1.83329
1.83135
1.82858
1.82502
1.82078
1.81613
1.81152
1.80758
1.80499
1.80427
1.80559
1.80869
1.81297
1.81773
1.82236
1.82643
1.82971
1.83214
1.83375
1.83461
1.83482
1.83449
1.8337
1.83256
1.83117
1.82964
1.82809
1.82662
1.82535
1.82438
1.82375
1.8235
1.82359
1.82397
1.82454
1.82521
1.82588
1.82647
1.8269
1.82714
1.82715
1.82692
1.82643
1.8257
1.82474
1.8236
1.82232
1.82098
1.81965
1.81844
1.81743
1.81669
1.81627
1.81617
1.81636
1.8168
1.81742
1.81814
1.81887
1.81957
1.82018
1.82069
1.82109
1.82141
1.8217
1.82201
1.82237
1.82285
1.82346
1.82422
1.82513
1.82618
1.82734
1.82859
1.82992
1.83131
1.83275
1.83424
1.83577
1.83733
1.8389
1.84048
1.84204
1.84355
1.84498
1.84628
1.84742
1.84833
1.84898
1.84931
1.8493
1.84893
1.84822
1.84724
1.8461
1.84497
1.84404
1.84352
1.84355
1.8442
1.84543
1.84711
1.84903
1.85101
1.85289
1.85457
1.85607
1.85746
1.85886
1.86041
1.86217
1.86417
1.8663
1.86833
1.86997
1.87082
1.87049
1.86865
1.86521
1.86045
1.85524
1.85096
1.84911
1.85058
1.8551
1.86128
1.86732
1.87171
1.87353
1.87251
1.86884
1.86306
1.85594
1.84844
1.84157
1.83636
1.83361
1.8338
1.837
1.84282
1.85052
1.8592
1.86797
1.87619
1.88346
1.88966
1.89475
1.89879
1.90182
1.90386
1.90492
1.90504
1.90422
1.9025
1.89995
1.89665
1.89276
1.88851
1.88425
1.88047
1.87768
1.87637
1.87675
1.87866
1.88161
1.88489
1.88781
1.88986
1.89076
1.89043
1.88897
1.88655
1.88341
1.87983
1.87605
1.87231
1.86882
1.86573
1.86315
1.86115
1.85972
1.8588
1.85828
1.85796
1.85764
1.85704
1.85585
1.85378
1.85053
1.84591
1.83992
1.83287
1.82543
1.81868
1.81372
1.81133
1.81151
1.81356
1.81638
1.81899
1.82077
1.82157
1.82154
1.82107
1.82054
1.82031
1.82058
1.8214
1.82269
1.82426
1.8259
1.82744
1.82876
1.82981
1.83058
1.83111
1.83147
1.83173
1.83194
1.83216
1.83241
1.83272
1.83308
1.83348
1.83391
1.83433
