1.20045
1.20073
1.20081
1.20068
1.20034
1.19974
1.19887
1.19768
1.19615
1.19427
1.19206
1.18964
1.18715
1.18483
1.18291
1.18157
1.18087
1.18069
1.18082
1.18094
1.18079
1.18017
1.17902
1.17743
1.17559
1.17384
1.17253
1.17203
1.1726
1.17433
1.17711
1.18066
1.18463
1.18861
1.19226
1.1953
1.19751
1.19867
1.19858
1.19697
1.19354
1.188
1.1802
1.17048
1.15996
1.15063
1.14485
1.14421
1.14872
1.15696
1.16699
1.1771
1.18619
1.19371
1.19954
1.20378
1.20666
1.2084
1.20919
1.20922
1.20865
1.20766
1.20642
1.20514
1.20398
1.20307
1.20238
1.20179
1.20103
1.19983
1.19803
1.19564
1.19292
1.19028
1.18808
1.18649
1.18536
1.1844
1.18335
1.18211
1.18066
1.17895
1.17676
1.1738
1.16986
1.16501
1.15961
1.15433
1.14995
1.14722
1.14669
1.14863
1.15289
1.15896
1.16604
1.17328
1.17994
1.18549
1.18964
1.19234
1.19373
1.19407
1.19373
1.19315
1.19269
1.1927
1.19337
1.19481
1.19703
1.19991
1.20327
1.20684
1.21036
1.21357
1.21631
1.21847
1.22003
1.221
1.22144
1.22142
1.22103
1.22031
1.21934
1.21816
1.21681
1.21532
1.2137
1.21197
1.21017
1.20835
1.20658
1.20499
1.20371
1.2029
1.20264
1.20298
1.20387
1.2052
1.20682
1.20857
1.2103
1.2119
1.21327
1.21436
1.21514
1.21561
1.21576
1.21564
1.21532
1.21486
1.21438
1.21402
1.2139
1.21416
1.2149
1.21617
1.21797
1.22026
1.22293
1.22582
1.22876
1.23161
1.23424
1.23657
1.23857
1.24023
1.24159
1.24267
1.24353
1.24418
1.24464
1.24492
1.24502
1.24491
1.24458
1.24402
1.24322
1.24218
1.24093
1.2395
1.23795
1.23634
1.23476
1.23332
1.23213
1.2313
1.23093
1.23104
1.23157
1.23238
1.23325
1.23393
1.23418
1.23384
1.23282
1.23114
1.22894
1.22641
1.22383
1.22146
1.21956
1.21828
1.21769
1.21774
1.21831
1.21922
1.22032
1.22153
1.2228
1.22418
1.22577
1.22767
1.22996
1.23264
1.23565
1.23884
1.24205
1.24508
1.24775
1.24993
1.25149
1.25234
1.25241
1.25162
1.24991
1.24725
1.24368
1.23935
1.23463
1.23006
1.22638
1.22423
1.22398
1.22553
1.22841
1.23192
1.23542
1.23843
1.24064
1.24184
1.24188
1.24064
1.23799
1.23393
1.22866
1.22275
1.21713
1.21295
1.21109
1.21171
1.21422
1.21763
1.22097
1.2236
1.22526
1.22594
1.22582
1.22518
1.22436
1.22366
1.22334
1.22353
1.22424
1.22542
1.22695
1.22867
1.2304
1.23195
1.23315
1.23385
1.23396
1.23343
1.23231
1.23065
1.22852
1.22601
1.22326
1.22052
1.21818
1.21666
1.2163
1.21709
1.2187
1.22057
1.22214
1.22304
1.22317
1.22259
1.22151
1.22018
1.2188
1.21753
1.21649
1.21572
1.21523
1.21499
1.21495
1.21503
1.21516
1.21525
1.21519
1.21492
1.21435
1.2134
1.21201
1.21013
1.20776
1.20495
1.20187
1.19883
1.19626
1.19458
1.19413
1.19497
1.19688
1.19944
1.20218
1.20471
1.20677
1.20822
1.20903
1.20922
1.20882
1.20788
1.20644
1.20455
1.20229
1.19976
1.19712
1.19459
1.19239
1.19077
1.18989
1.1898
1.19045
1.19163
1.19313
1.1947
1.19617
1.1974
1.19835
1.19899
1.19933
1.19943
1.19932
1.19906
1.1987
1.19829
1.19788
1.1975
1.19719
1.19698
1.19687
1.19688
1.19698
1.19717
1.19743
1.19773
1.19806
1.19841
1.19877
1.19912
1.19947
1.19982
1.20015
1.20045
1.2007
1.20087
1.20091
1.20079
1.2005
1.20002
1.19935
1.19854
1.19761
1.19662
1.1956
1.19453
1.19338
1.19205
1.19042
1.18834
1.1857
1.18244
1.17864
1.17457
1.17069
1.16763
1.16595
1.16603
1.16791
1.17128
1.17562
1.18034
1.18495
1.18907
1.19247
1.19505
1.19679
1.19777
1.1981
1.19794
1.19745
1.19681
1.19614
1.19555
1.19508
1.19473
1.19445
1.1942
1.19391
1.19357
1.19313
1.19262
1.19204
1.19143
1.19081
1.1902
1.18963
1.18911
1.18867
1.18832
1.18806
1.1879
1.18786
1.18793
1.1881
1.18837
1.18871
1.18908
1.18946
1.18982
1.19012
1.19035
1.19049
1.19057
1.19063
1.19072
1.19091
1.19129
1.19192
1.19286
1.19412
1.19567
1.19742
1.1993
1.20117
1.20295
1.20451
1.20578
1.20667
1.20713
1.2071
1.20658
1.20555
1.20405
1.20218
1.20004
1.19779
1.19557
1.19352
1.19169
1.19011
1.18878
1.18765
1.18671
1.18596
1.18542
1.18511
1.18507
1.18531
1.18584
1.18662
1.18756
1.18853
1.18938
1.19001
1.19046
1.19089
1.19158
1.19282
1.19479
1.19747
1.20064
1.20397
1.20712
1.20984
1.21199
1.21352
1.21445
1.21484
1.21475
1.21424
1.21336
1.21218
1.21076
1.20916
1.20746
1.20576
1.20417
1.20281
1.20179
1.2012
1.20108
1.20143
1.2022
1.20329
1.20459
1.20597
1.20735
1.20867
1.20991
1.21112
1.21233
1.21362
1.21503
1.21656
1.21815
1.21973
1.22117
1.22236
1.2232
1.22367
1.22383
1.22385
1.22398
1.22449
1.22562
1.22748
1.22999
1.23292
1.23596
1.23876
1.24107
1.24266
1.24343
1.24332
1.2423
1.24041
1.23771
1.23432
1.2304
1.22621
1.22205
1.21832
1.21547
1.21395
1.21421
1.21649
1.22077
1.22669
1.23366
1.24098
1.24803
1.25437
1.25976
1.26408
1.26737
1.26969
1.27119
1.27204
1.2724
1.27243
1.27225
1.27195
1.27155
1.27105
1.27043
1.26971
1.26892
1.26816
1.26757
1.26734
1.26765
1.26867
1.27047
1.27303
1.27618
1.27966
1.28312
1.28625
1.28881
1.2907
1.29198
1.29283
1.2935
1.29429
1.2954
1.2969
1.29872
1.30065
1.30242
1.30373
1.30429
1.30388
1.30229
1.2994
1.29515
1.28963
1.28313
1.2761
1.26916
1.26291
1.25776
1.25377
1.25075
1.24837
1.24645
1.24503
1.24438
1.24484
1.24659
1.24951
1.25318
1.25701
1.26043
1.2631
1.26487
1.26587
1.26636
1.26663
1.26696
1.26748
1.26819
1.26899
1.26974
1.27028
1.27053
1.27041
1.26991
1.26906
1.26796
1.26673
1.26556
1.26462
1.2641
1.26408
1.26457
1.26548
1.26663
1.26784
1.26894
1.26979
1.2703
1.27043
1.27015
1.26946
1.26833
1.26675
1.26469
1.26212
1.25901
1.25536
1.2512
1.24666
1.24194
1.2374
1.23342
1.23041
1.22866
1.22826
1.22907
1.23081
1.23313
1.23573
1.23835
1.24084
1.24311
1.24511
1.24683
1.24826
1.24939
1.25022
1.25074
1.25095
1.25084
1.25042
1.24968
1.24865
1.24736
1.24584
1.24418
1.24245
1.24077
1.23925
1.23799
1.23706
1.23651
1.23636
1.23657
1.2371
1.23791
1.23894
1.24014
1.24146
1.24286
1.2443
1.24572
1.2471
1.24838
1.24954
1.25055
1.25138
1.252
1.25242
1.2526
1.25255
1.25225
1.2517
1.25088
1.2498
1.24844
1.2468
1.24488
1.24268
1.24021
1.23751
1.23466
1.23176
1.22897
1.22648
1.22449
1.22317
1.22261
1.22281
1.22371
1.22514
1.22695
1.22896
1.23105
1.23313
1.23514
1.23706
1.23884
1.24045
1.24184
1.24298
1.24381
1.24432
1.2445
1.24437
1.24396
1.24332
1.24254
1.24168
1.24081
1.24
1.23928
1.23867
1.23817
1.23774
1.23733
1.23691
1.23645
1.23591
1.2353
1.23463
1.23395
1.23327
1.23266
1.23216
1.2318
1.23162
1.23162
1.23182
1.23222
1.23281
1.23358
1.2345
1.23556
1.23673
1.23798
1.23929
1.24062
1.24198
1.24335
1.24472
1.2461
1.24748
1.24886
1.25022
1.25155
1.25281
1.25393
1.25485
1.25548
1.25574
1.25554
1.2548
1.25352
1.25172
1.24957
1.24729
1.2452
1.24361
1.24276
1.24265
1.24312
1.2438
1.24422
1.24391
1.24241
1.2393
1.23421
1.22691
1.21743
1.20642
1.19544
1.18693
1.18323
1.18521
1.19158
1.19992
1.20807
1.21487
1.22012
1.2241
1.22728
1.23005
1.23262
1.23506
1.23737
1.23955
1.24163
1.24362
1.24546
1.24705
1.24826
1.24898
1.24919
1.24897
1.24848
1.24787
1.24732
1.24695
1.24681
1.24689
1.24713
1.24745
1.24776
1.24798
1.24805
1.24791
1.24756
1.24698
1.24619
1.2452
1.24405
1.24275
1.24136
1.23989
1.23839
1.23687
1.23537
1.2339
1.23247
1.23107
1.22969
1.22829
1.22684
1.22531
1.22366
1.22189
1.22
1.21802
1.21603
1.2141
1.21232
1.21075
1.2094
1.20825
1.20728
1.20643
1.20567
1.20496
1.20428
1.20364
1.20308
1.20272
1.20273
1.20328
1.20446
1.20625
1.20846
1.21083
1.21308
1.215
1.21645
1.21738
1.21783
1.21783
1.21745
1.21677
1.21584
1.2147
1.2134
1.21196
1.21039
1.2087
1.20692
1.20505
1.20313
1.20123
1.1994
1.19775
1.19638
1.19539
1.19485
1.19478
1.19516
1.19591
1.19695
1.19816
1.19945
1.20075
1.20201
1.2032
1.20431
1.20535
1.20631
1.20721
1.20806
1.20886
1.20963
1.21037
1.21107
1.21174
1.21235
1.21291
1.21341
1.21381
1.21413
1.21433
1.21443
1.21443
1.21435
1.21424
1.21419
1.21429
1.21464
1.21533
1.21633
1.21758
1.21888
1.21996
1.22054
1.22037
1.21928
1.21724
1.21435
1.21083
1.20693
1.20288
1.19882
1.19494
1.19158
1.18934
1.18898
1.19109
1.19576
1.20244
1.21011
1.21769
1.2243
1.22939
1.23278
1.23448
1.23467
1.23363
1.23167
1.22916
1.22647
1.22393
1.2218
1.22018
1.21908
1.21843
1.21819
1.21846
1.21938
1.22107
1.2235
1.22636
1.22924
1.23169
1.2334
1.23421
1.23413
1.2333
1.23189
1.23014
1.22828
1.22652
1.22505
1.22404
1.22361
1.22382
1.22468
1.22613
1.22805
1.23029
1.23264
1.23494
1.23704
1.23881
1.24021
1.24122
1.24184
1.24214
1.24218
1.24203
1.2418
1.24157
1.24138
1.24125
1.24115
1.24101
1.24075
1.24032
1.2397
1.23895
1.23816
1.23743
1.23679
1.23622
1.2356
1.23475
1.23349
1.23169
1.22933
1.22647
1.2233
1.22008
1.21709
1.21458
1.2127
1.21154
1.21108
1.21126
1.21207
1.21352
1.21563
1.21843
1.22181
1.2256
1.22952
1.2333
1.2367
1.23958
1.24186
1.24352
1.24457
1.24505
1.24494
1.24427
1.24301
1.24115
1.2387
1.23569
1.23222
1.22844
1.22461
1.22101
1.21793
1.2156
1.2141
1.21341
1.21339
1.21391
1.21484
1.21617
1.21794
1.22024
1.22311
1.22648
1.23017
1.2339
1.23739
1.24039
1.24273
1.24435
1.24526
1.24553
1.24526
1.24454
1.24348
1.24213
1.24054
1.23871
1.23661
1.2342
1.23144
1.22831
1.22483
1.22111
1.21728
1.21356
1.2102
1.20743
1.20544
1.20432
1.20409
1.20467
1.20592
1.20773
1.21003
1.21274
1.21586
1.21933
1.22305
1.22689
1.23068
1.23424
1.23742
1.24015
1.24238
1.24414
1.24548
1.2465
1.24728
1.2479
1.24844
1.24894
1.24944
1.24995
1.25049
1.25103
1.25157
1.25209
1.25257
1.253
1.25336
1.25363
1.2538
1.25385
1.25375
1.2535
1.25305
1.2524
1.25151
1.25035
1.24889
1.24712
1.24501
1.24256
1.23978
1.23673
1.2335
1.23021
1.22706
1.22431
1.22221
1.22103
1.22089
1.22178
1.22351
1.22579
1.2283
1.23077
1.23301
1.23492
1.23643
1.23753
1.23821
1.23849
1.23846
1.23823
1.23794
1.23776
1.23784
1.23828
1.23913
1.24034
1.24181
1.24338
1.24487
1.24613
1.24702
1.24742
1.24728
1.24654
1.24521
1.24327
1.24076
1.23774
1.23429
1.23056
1.22672
1.223
1.21963
1.21687
1.21492
1.21392
1.21398
1.21511
1.21725
1.22024
1.22383
1.22774
1.23167
1.23538
1.2387
1.24153
1.24385
1.24567
1.24702
1.24797
1.24855
1.24882
1.2488
1.24852
1.24798
1.2472
1.24619
1.24496
1.24355
1.24203
1.24045
1.23892
1.23751
1.23625
1.23514
1.2341
1.23303
1.23183
1.23042
1.22885
1.22725
1.22582
1.22478
1.22425
1.22424
1.2246
1.22508
1.22542
1.22535
1.22459
1.22289
1.22
1.21574
1.21025
1.20422
1.19916
1.19704
1.19925
1.20565
1.2145
1.22356
1.231
1.23584
1.23774
1.2368
1.23355
1.22895
1.22446
1.22162
1.22145
1.2239
1.22801
1.23258
1.23673
1.24016
1.24299
1.24551
1.24797
1.2505
1.25306
1.25555
1.2578
1.25968
1.26107
1.26195
1.26229
1.26216
1.26162
1.26079
1.25978
1.25871
1.25765
1.25663
1.25563
1.25458
1.25337
1.25192
1.25014
1.24802
1.24558
1.24284
1.23983
1.23657
1.23304
1.22927
1.22536
1.22155
1.21825
1.21589
1.21483
1.21523
1.21698
1.21976
1.22312
1.22662
1.22987
1.23263
1.23478
1.23632
1.23731
1.23789
1.23819
1.23833
1.23839
1.23845
1.23853
1.23863
1.23874
1.23881
1.23885
1.23884
1.23878
1.23867
1.23854
1.23841
1.23828
1.23817
1.23808
1.23801
1.23795
1.23789
1.2378
1.23765
1.23741
1.23703
1.23648
1.23569
1.23463
1.23326
1.23157
1.22958
1.22738
1.2251
1.22294
1.22111
1.2198
1.21913
1.21909
1.21962
1.22054
1.2217
1.22296
1.22421
1.22541
1.22654
1.22757
1.22848
1.22925
1.22984
1.2302
1.23029
1.23006
1.22946
1.22848
1.2271
1.22534
1.22322
1.22082
1.21823
1.21558
1.213
1.21065
1.20865
1.20708
1.20599
1.2054
1.20525
1.20548
1.20599
1.20666
1.20737
1.20801
1.2085
1.20877
1.20876
1.20843
1.20771
1.20652
1.20478
1.20238
1.19933
1.1958
1.19219
1.18915
1.18738
1.18734
1.18898
1.19176
1.19489
1.19767
1.19967
1.20082
1.20125
1.20125
1.20115
1.20119
1.20153
1.20221
1.20317
1.20429
1.20545
1.20654
1.20748
1.20823
1.20879
1.20917
1.20939
1.20948
1.20947
1.20939
1.20926
1.20912
1.20897
1.20883
1.20872
1.20865
1.20863
1.20865
1.20874
1.20888
1.20908
1.20934
1.20967
1.21005
1.21048
1.21097
1.2115
1.21207
1.21268
1.21333
1.21399
1.21466
1.21534
1.21601
1.21666
1.21728
1.21784
1.21834
1.21875
1.21904
1.21919
1.21918
1.21896
1.2185
1.21775
1.21668
1.21523
1.21339
1.21116
1.20858
1.20578
1.20298
1.20047
1.19865
1.19788
1.19844
1.2004
1.2036
1.2077
1.21229
1.21697
1.22141
1.22542
1.2289
1.23183
1.23422
1.23615
1.23769
1.23891
1.23989
1.24069
1.24139
1.24204
1.24268
1.24336
1.24409
1.24489
1.24576
1.24671
1.2477
1.24872
1.24974
1.25073
1.25164
1.25245
1.25312
1.25363
1.25394
1.25404
1.25392
1.25359
1.25305
1.25235
1.25152
1.25062
1.24973
1.24893
1.2483
1.24792
1.24785
1.24812
1.24874
1.24965
1.25078
1.25202
1.25324
1.25429
1.25505
1.25543
1.25536
1.25483
1.25387
1.25257
1.25104
1.2494
1.24779
1.24631
1.24511
1.2443
1.24406
1.24455
1.2459
1.24811
1.25107
1.25456
1.25832
1.26211
1.26577
1.26918
1.27224
1.27493
1.27719
1.27899
1.28031
1.28112
1.2814
1.28113
1.28028
1.27884
1.27678
1.27416
1.27107
1.26771
1.26435
1.26133
1.25898
1.25749
1.25688
1.25701
1.25765
1.25858
1.25967
1.26085
1.26207
1.26323
1.26409
1.26419
1.26292
1.25942
1.25278
1.24218
1.22736
1.2093
1.19094
1.17688
1.17161
1.17676
1.1901
1.20717
1.22383
1.23768
1.24798
1.25496
1.25925
1.2615
1.2623
1.2621
1.26121
1.25984
1.25813
1.25615
1.25391
1.25142
1.24865
1.24558
1.24226
1.23876
1.23529
1.23209
1.2295
1.22779
1.22715
1.22754
1.22879
1.23059
1.23262
1.23461
1.23639
1.23784
1.23893
1.23969
1.24012
1.24026
1.24014
1.23977
1.23914
1.23825
1.23705
1.23551
1.23358
1.23122
1.22846
1.22539
1.22221
1.21922
1.21678
1.21522
1.21472
1.21524
1.2165
1.21813
1.21972
1.22097
1.2217
1.22184
1.22146
1.2207
1.21976
1.21888
1.21829
1.2182
1.21871
1.21983
1.22147
1.22346
1.22559
1.22768
1.22956
1.23114
1.23234
1.23315
1.23358
1.23367
1.23347
1.233
1.23231
1.23141
1.23031
1.22897
1.22739
1.22557
1.22355
1.22146
1.21945
1.21777
1.21666
1.21632
1.2169
1.21841
1.22077
1.2238
1.22724
1.23083
1.23433
1.23757
1.24042
1.24285
1.24483
1.2464
1.24761
1.24854
1.24924
1.24979
1.25026
1.25071
1.25117
1.25169
1.25227
1.25292
1.25362
1.25431
1.25496
1.25551
1.25589
1.25605
1.25592
1.25542
1.25451
1.25311
1.25116
1.2486
1.24539
1.24152
1.23704
1.23211
1.22705
1.2224
1.21887
1.21724
1.21806
1.22142
1.22696
1.23394
1.24158
1.24917
1.25623
1.26246
1.26772
1.27195
1.27515
1.27735
1.27856
1.27881
1.27813
1.27655
1.27413
1.27099
1.2673
1.2634
1.25973
1.25686
1.25525
1.25516
1.25645
1.25863
1.26108
1.26318
1.26451
1.26484
1.26414
1.26251
1.26014
1.25731
1.25437
1.25168
1.24967
1.24869
1.24905
1.25087
1.25409
1.25845
1.26357
1.26894
1.2741
1.2786
1.28207
1.28422
1.28482
1.28374
1.28097
1.27667
1.27122
1.26521
1.25936
1.25431
1.25039
1.24763
1.24582
1.24485
1.24482
1.24598
1.24847
1.25205
1.25624
1.26049
1.26443
1.26791
1.27087
1.27332
1.27526
1.2767
1.27763
1.2781
1.27813
1.27775
1.27698
1.2758
1.27418
1.2721
1.26952
1.26647
1.26302
1.25934
1.25559
1.25195
1.24855
1.24544
1.24262
1.24012
1.23803
1.23652
1.23579
1.23594
1.23695
1.23865
1.2408
1.24314
1.24545
1.24759
1.24949
1.25111
1.25249
1.25364
1.25462
1.25547
1.25623
1.25692
1.25757
1.25821
1.25883
1.25946
1.26008
1.26071
1.26133
1.26194
1.26252
1.26306
1.26355
1.26398
1.26435
1.26465
1.26487
1.26502
1.26509
1.26508
1.26499
1.26479
1.26448
1.26402
1.26339
1.26257
1.26154
1.26032
1.25892
1.25743
1.25594
1.25458
1.25348
1.25274
1.25243
1.25255
1.25307
1.25391
1.25497
1.25618
1.25745
1.25874
1.25999
1.26116
1.26221
1.26314
1.26394
1.26463
1.26524
1.26583
1.26643
1.26709
1.26781
1.26854
1.26923
1.26976
1.27004
1.26996
1.26943
1.26842
1.26696
1.26518
1.26328
1.26154
1.26026
1.25964
1.25975
1.26048
1.2616
1.2628
1.26382
1.26444
1.26455
1.2641
1.26309
1.26157
1.2596
1.25728
1.25473
1.2521
1.24953
1.24721
1.2453
1.24394
1.24324
1.24321
1.24384
1.24502
1.24661
1.24846
1.25043
1.25236
1.25417
1.25578
1.25715
1.25826
1.25912
1.25975
1.26018
1.26044
1.26058
1.26063
1.26062
1.26058
1.2605
1.26037
1.26015
1.2598
1.25925
1.25844
1.25735
1.25598
1.25442
1.25279
1.25129
1.25013
1.24948
1.24945
1.25003
1.25112
1.25258
1.25423
1.25592
1.25751
1.25887
1.25989
1.26047
1.26052
1.25997
1.25878
1.257
1.2547
1.25206
1.24933
1.24681
1.24477
1.24344
1.24289
1.24306
1.24378
1.24482
1.24594
1.24696
1.24778
1.24835
1.24869
1.24885
1.24889
1.24885
1.24875
1.24861
1.24841
1.24814
1.2478
1.24739
1.24696
1.24657
1.24632
1.24631
1.24663
1.24735
1.24845
1.24982
1.2513
1.25262
1.25351
1.25368
1.25289
1.25094
1.24771
1.24316
1.23741
1.2308
1.22395
1.21773
1.21311
1.21088
1.21134
1.21425
1.21893
1.22455
1.23037
1.23584
1.24068
1.24476
1.24811
1.2508
1.25294
1.25465
1.25603
1.25716
1.25809
1.25887
1.25951
1.26001
1.26033
1.26044
1.26029
1.25979
1.25887
1.25746
1.25548
1.25292
1.24976
1.24612
1.24215
1.23816
1.23454
1.23174
1.2302
1.23023
1.23188
1.23491
1.23887
1.24324
1.24757
1.25155
1.25499
1.25783
1.26007
1.26174
1.26288
1.26353
1.26372
1.26346
1.26275
1.26159
1.26001
1.25806
1.25585
1.2536
1.25156
1.25
1.24908
1.24881
1.24903
1.24948
1.24996
1.25042
1.25096
1.25176
1.25295
1.25455
1.25642
1.25844
1.26049
1.26254
1.26461
1.2667
1.26878
1.27079
1.27263
1.2742
1.27542
1.2762
1.2765
1.27625
1.27542
1.27395
1.2718
1.26891
1.26527
1.26086
1.25579
1.25024
1.24454
1.23911
1.23444
1.23098
1.22902
1.22867
1.22982
1.2322
1.23544
1.23921
1.24321
1.24726
1.25125
1.25509
1.2587
1.26202
1.26499
1.26754
1.26967
1.27139
1.27271
1.27368
1.27433
1.27471
1.27486
1.2748
1.27456
1.27416
1.27362
1.27297
1.27221
1.27137
1.27046
1.26949
1.2685
1.2675
1.26651
1.26555
1.26463
1.26377
1.26297
1.26223
1.26155
1.2609
1.26027
1.25964
1.25898
1.25827
1.25748
1.25659
1.25557
1.25441
1.25307
1.25155
1.24982
1.24786
1.24568
1.24333
1.24092
1.23863
1.23672
1.23546
1.23507
1.23568
1.23731
1.23984
1.24307
1.24677
1.25067
1.25453
1.25815
1.26139
1.26415
1.26641
1.26817
1.26948
1.2704
1.271
1.27135
1.27152
1.27158
1.27156
1.27147
1.27131
1.27101
1.27051
1.2697
1.2685
1.2668
1.26454
1.26171
1.25839
1.25473
1.25101
1.24757
1.24479
1.24304
1.24255
1.24342
1.24555
1.24868
1.25247
1.25655
1.26062
1.26445
1.26788
1.27085
1.27332
1.27532
1.27686
1.27797
1.27868
1.27897
1.27884
1.27827
1.27725
1.27578
1.27392
1.27172
1.26931
1.26683
1.26441
1.26217
1.2602
1.25852
1.2571
1.2559
1.25489
1.25403
1.25336
1.25287
1.25259
1.25248
1.25254
1.25282
1.25352
1.25499
1.25764
1.26169
1.26699
1.27302
1.27913
1.28471
1.28942
1.29311
1.2958
1.29756
1.29841
1.29833
1.2972
1.29487
1.2912
1.28611
1.27979
1.27276
1.26601
1.26073
1.25783
1.25743
1.25871
1.26035
1.26117
1.26048
1.25824
1.25484
1.25088
1.24693
1.2434
1.24058
1.23869
1.23796
1.2384
1.23986
1.24194
1.24425
1.24643
1.24827
1.2497
1.2507
1.25132
1.25168
1.25187
1.25197
1.25203
1.25202
1.25185
1.2514
1.25056
1.24925
1.24744
1.24523
1.24282
1.24049
1.23859
1.23739
1.23702
1.23743
1.23844
1.23977
1.24116
1.24239
1.2433
1.24378
1.24377
1.24322
1.24207
1.24029
1.23787
1.2348
1.23117
1.22712
1.22294
1.21899
1.2157
1.21345
1.21242
1.21258
1.21365
1.21521
1.21686
1.21828
1.21929
1.21982
1.21991
1.21965
1.21919
1.21868
1.21824
1.21795
1.21782
1.21782
1.21786
1.21786
1.21778
1.21763
1.21753
1.2176
1.218
1.21882
1.22006
1.2216
1.22325
1.22478
1.22599
1.22669
1.22679
1.22621
1.22498
1.22314
1.2208
1.21813
1.21532
1.21259
1.21018
1.20833
1.20723
1.20704
1.20785
1.20962
1.21222
1.21543
1.21898
1.2226
1.22607
1.22922
1.23192
1.23409
1.23565
1.23654
1.23674
1.23622
1.23505
1.23333
1.23127
1.22914
1.22726
1.22591
1.22533
1.22559
1.22665
1.22838
1.23059
1.2331
1.23576
1.23847
1.24115
1.24375
1.24625
1.24859
1.25076
1.25271
1.25441
1.25582
1.2569
1.25762
1.25797
1.25792
1.25746
1.25661
1.25537
1.25375
1.2518
1.24955
1.24709
1.24453
1.24206
1.23986
1.23818
1.2372
1.23704
1.2377
1.23901
1.24069
1.24239
1.24378
1.24456
1.24455
1.2437
1.24205
1.23978
1.2371
1.23425
1.2315
1.22907
1.22724
1.22626
1.22635
1.22757
1.22979
1.23267
1.23573
1.23847
1.24048
1.2415
1.24145
1.24044
1.23873
1.2367
1.23478
1.23337
1.23272
1.23288
1.23373
1.23501
1.23647
1.23789
1.23915
1.24019
1.24104
1.24175
1.24236
1.24295
1.24355
1.24419
1.2449
1.24568
1.24653
1.24742
1.24835
1.2493
1.25024
1.25115
1.252
1.25277
1.25342
1.25391
1.25421
1.25428
1.25407
1.25356
1.25274
1.25161
1.25022
1.24866
1.24704
1.2455
1.24421
1.24325
1.24269
1.2425
1.24259
1.24287
1.24321
1.24354
1.24384
1.24411
1.24439
1.24475
1.24524
1.2459
1.24678
1.24787
1.24914
1.25054
1.25199
1.25336
1.2545
1.25526
1.25547
1.25499
1.25367
1.25142
1.24818
1.24406
1.23942
1.23501
1.23194
1.23134
1.23382
1.23903
1.24584
1.25287
1.25908
1.26395
1.26738
1.26953
1.2707
1.27116
1.27115
1.27085
1.27037
1.26977
1.26903
1.26815
1.26712
1.26595
1.26469
1.26344
1.26231
1.26143
1.26092
1.26084
1.26125
1.26212
1.26338
1.26494
1.26664
1.26833
1.26988
1.27116
1.27205
1.2725
1.27246
1.2719
1.27086
1.26935
1.26742
1.26515
1.26259
1.25983
1.25695
1.25404
1.2512
1.24852
1.24609
1.24398
1.24227
1.24105
1.24041
1.24043
1.24115
1.24253
1.24446
1.24673
1.24911
1.25137
1.25335
1.25495
1.25616
1.25703
1.25763
1.25807
1.25842
1.25874
1.25904
1.2593
1.25948
1.25957
1.25958
1.25957
1.25961
1.2598
1.26016
1.26065
1.26118
1.2616
1.26179
1.26164
1.26112
1.26025
1.25909
1.25773
1.25628
1.25484
1.25352
1.25238
1.25146
1.25078
1.25028
1.24987
1.24942
1.2488
1.24788
1.2466
1.24495
1.24307
1.24118
1.2396
1.23865
1.23857
1.23941
1.24103
1.2431
1.24527
1.24718
1.2486
1.24938
1.24951
1.24903
1.24806
1.24673
1.24521
1.24365
1.24218
1.24089
1.23981
1.23894
1.23824
1.23769
1.23728
1.23702
1.23694
1.23709
1.23754
1.23829
1.23933
1.24061
1.24202
1.24347
1.24481
1.24593
1.24669
1.24697
1.24664
1.24556
1.24364
1.24083
1.23721
1.23309
1.229
1.22566
1.22374
1.22359
1.22509
1.22767
1.23062
1.23331
1.23538
1.23664
1.23712
1.2369
1.23608
1.23482
1.23325
1.23151
1.2298
1.22828
1.22715
1.22654
1.22651
1.22702
1.22792
1.22896
1.22984
1.23015
1.22935
1.22675
1.22141
1.21236
1.19908
1.18272
1.16731
1.15875
1.16052
1.17056
1.18361
1.19565
1.2052
1.21232
1.21751
1.22117
1.22359
1.22498
1.22551
1.22536
1.22469
1.22362
1.22229
1.22078
1.21919
1.21758
1.21602
1.21455
1.21322
1.21206
1.21109
1.21029
1.20964
1.20909
1.2086
1.2081
1.20753
1.20685
1.20602
1.20504
1.20392
1.20274
1.20156
1.20053
1.19975
1.19935
1.19941
1.19994
1.2009
1.20218
1.20362
1.20507
1.20635
1.20734
1.20798
1.20823
1.20813
1.20778
1.20728
1.20676
1.20633
1.20605
1.20594
1.20597
1.20608
1.20622
1.20637
1.2065
1.20663
1.20675
1.20684
1.20686
1.20676
1.20647
1.20598
1.20525
1.20428
1.20304
1.20152
1.19977
1.19797
1.1965
1.19585
1.19645
1.19844
1.20157
1.20529
1.20902
1.21231
1.21493
1.21688
1.21824
1.21921
1.21994
1.22057
1.22117
1.22176
1.22231
1.22273
1.22295
1.22289
1.22249
1.22177
1.22081
1.21975
1.21878
1.21807
1.21773
1.21775
1.21802
1.21832
1.2184
1.21803
1.21702
1.21529
1.21287
1.20988
1.20655
1.2031
1.19974
1.19654
1.19346
1.19046
1.18756
1.18492
1.18289
1.18187
1.18221
1.184
1.18709
1.19112
1.19565
1.20035
1.20499
1.20943
1.2136
1.2174
1.22074
1.22351
1.22565
1.22715
1.22805
1.2284
1.22832
1.22792
1.22733
1.22667
1.22604
1.22551
1.22514
1.22496
1.22495
1.2251
1.22536
1.22571
1.2261
1.22652
1.22694
1.22736
1.22778
1.2282
1.22861
1.22902
1.22943
1.22983
1.23021
1.23056
1.23087
1.23113
1.23131
1.23141
1.23142
1.23134
1.23121
1.23104
1.23089
1.23082
1.23089
1.23117
1.23167
1.2324
1.23332
1.23435
1.2354
1.23637
1.23717
1.23777
1.23816
1.23836
1.23844
1.23845
1.23841
1.23828
1.23792
1.2371
1.23552
1.23288
1.22901
1.22404
1.21864
1.21403
1.21172
1.21281
1.21736
1.22438
1.23242
1.24021
1.24698
1.25243
1.25655
1.25949
1.26143
1.26257
1.26309
1.26313
1.26284
1.2623
1.26159
1.26078
1.25988
1.25891
1.25788
1.25679
1.25565
1.25449
1.25334
1.25223
1.25122
1.25035
1.24963
1.24909
1.24868
1.24836
1.24804
1.24763
1.24702
1.24613
1.24488
1.24325
1.24126
1.239
1.23661
1.23425
1.23213
1.2304
1.22917
1.22848
1.22831
1.22855
1.22909
1.2298
1.23058
1.23131
1.23195
1.23245
1.23277
1.23293
1.23292
1.23275
1.23246
1.23206
1.23157
1.231
1.23038
1.22971
1.229
1.22827
1.22751
1.22675
1.22597
1.22519
1.22441
1.22364
1.22288
1.22213
1.2214
1.22069
1.22002
1.21938
1.21877
1.21822
1.21773
1.21729
1.21694
1.21666
1.21647
1.21637
1.21637
1.21646
1.21664
1.21691
1.21724
1.21762
1.21804
1.21848
1.21891
1.2193
1.21964
1.2199
1.22005
1.22009
1.21998
1.21972
1.21929
1.21871
1.21798
1.21712
1.21618
1.21522
1.21429
1.21349
1.21291
1.21261
1.21265
1.21303
1.21371
1.21462
1.21564
1.21667
1.21764
1.21849
1.21921
1.21983
1.2204
1.22099
1.22168
1.22253
1.22358
1.22486
1.22634
1.228
1.22976
1.23154
1.23326
1.23483
1.23617
1.23722
1.23792
1.23823
1.23811
1.23756
1.23655
1.23512
1.23329
1.23114
1.22879
1.22639
1.22415
1.22232
1.22117
1.22092
1.2217
1.22347
1.22605
1.22916
1.23246
1.23569
1.23862
1.24115
1.24321
1.24482
1.246
1.2468
1.24726
1.24743
1.24733
1.24699
1.24643
1.24564
1.24465
1.24344
1.24201
1.24039
1.23858
1.23662
1.23459
1.23257
1.23068
1.22905
1.2278
1.227
1.22671
1.22691
1.22755
1.22855
1.22983
1.23128
1.2328
1.23432
1.23575
1.23703
1.23811
1.23896
1.23958
1.23999
1.2402
1.24025
1.24019
1.24005
1.23987
1.23971
1.2396
1.23959
1.23973
1.24006
1.24061
1.24138
1.24237
1.24355
1.24487
1.24628
1.24772
1.24915
1.25051
1.25178
1.25295
1.254
1.25494
1.25579
1.25656
1.25727
1.25793
1.25858
1.25922
1.25986
1.2605
1.26115
1.26178
1.26239
1.26294
1.26343
1.2638
1.26404
1.2641
1.26395
1.26354
1.26285
1.26184
1.26049
1.25879
1.25675
1.25442
1.25191
1.24938
1.24705
1.24518
1.24399
1.24363
1.24414
1.24542
1.24734
1.24975
1.25249
1.25547
1.25859
1.26179
1.26498
1.26808
1.27101
1.27372
1.27617
1.27834
1.28023
1.28186
1.28326
1.28444
1.28541
1.28619
1.28677
1.28717
1.28738
1.28743
1.28732
1.28707
1.28671
1.28625
1.28571
1.28512
1.28449
1.28384
1.28318
1.28251
1.28181
1.28103
1.28007
1.27882
1.2771
1.27475
1.2716
1.26757
1.26274
1.25746
1.25236
1.24829
1.24608
1.24621
1.24861
1.25268
1.25754
1.2624
1.26669
1.27011
1.2726
1.27424
1.27519
1.27563
1.27572
1.27561
1.27539
1.27511
1.27473
1.27415
1.27323
1.27173
1.26942
1.26602
1.26136
1.25537
1.24834
1.2409
1.23404
1.22876
1.22572
1.225
1.22625
1.22906
1.23305
1.23788
1.24308
1.24815
1.25261
1.25617
1.25868
1.26019
1.26079
1.26063
1.25988
1.25867
1.25715
1.25543
1.25363
1.25186
1.25022
1.2488
1.24768
1.24691
1.24652
1.24652
1.24689
1.24759
1.24856
1.24976
1.25112
1.25262
1.25421
1.25589
1.25764
1.25945
1.26129
1.26314
1.26499
1.26678
1.26848
1.27007
1.27149
1.27272
1.2737
1.27438
1.27473
1.27468
1.27418
1.27319
1.2717
1.26971
1.26729
1.26451
1.26151
1.25843
1.25544
1.25278
1.25069
1.24946
1.24926
1.25009
1.25173
1.25374
1.25561
1.25694
1.25753
1.25753
1.25737
1.25765
1.25892
1.26144
1.26509
1.26945
1.274
1.27831
1.28208
1.28518
1.28758
1.28932
1.29043
1.29097
1.29097
1.2905
1.28962
1.28841
1.28698
1.28545
1.28394
1.28256
1.28143
1.2806
1.28014
1.28003
1.28024
1.28069
1.28128
1.28196
1.28273
1.28365
1.28478
1.28606
1.28728
1.28809
1.28818
1.28737
1.28571
1.28344
1.28089
1.27834
1.27598
1.27396
1.27241
1.27144
1.27106
1.2711
1.27127
1.27131
1.2711
1.27066
1.27019
1.26992
1.27007
1.27077
1.27204
1.2738
1.27591
1.27821
1.28052
1.28266
1.28446
1.28578
1.28648
1.28647
1.28569
1.28416
1.28198
1.2794
1.27676
1.27446
1.27288
1.27224
1.27256
1.27364
1.27518
1.27685
1.2784
1.27968
1.28061
1.28121
1.28152
1.28163
1.28161
1.28158
1.2816
1.28172
1.28197
1.28232
1.28275
1.28319
1.28359
1.28389
1.28402
1.28392
1.28353
1.28277
1.28153
1.27969
1.2771
1.27362
1.26915
1.26374
1.25767
1.25162
1.24667
1.24408
1.24475
1.24873
1.25513
1.26257
1.2698
1.27602
1.2809
1.28445
1.28681
1.2882
1.28877
1.28867
1.28795
1.28663
1.28463
1.28188
1.27823
1.27363
1.26816
1.26216
1.25633
1.2516
1.24885
1.24849
1.25025
1.25337
1.25698
1.2604
1.26332
1.26568
1.26757
1.26915
1.27059
1.27198
1.27341
1.27488
1.27638
1.27783
1.27914
1.28021
1.28094
1.28126
1.28113
1.28065
1.28001
1.27954
1.27957
1.28041
1.28213
1.28457
1.28738
1.2901
1.29233
1.29375
1.29416
1.29346
1.29162
1.28869
1.28479
1.28012
1.27503
1.26996
1.26543
1.26194
1.25984
1.25927
1.26014
1.26207
1.26455
1.26704
1.26909
1.27046
1.27108
1.27109
1.2707
1.2702
1.26984
1.26976
1.27003
1.27059
1.27129
1.27196
1.27245
1.27263
1.27246
1.27193
1.27109
1.27001
1.26881
1.26761
1.2665
1.26561
1.265
1.26472
1.26475
1.26505
1.26553
1.26611
1.26674
1.26739
1.26809
1.26888
1.26981
1.27091
1.27216
1.27349
1.27484
1.27612
1.27726
1.27821
1.27895
1.27948
1.2798
1.27994
1.27992
1.27974
1.27941
1.27894
1.27834
1.27763
1.27682
1.27594
1.27505
1.27423
1.27356
1.27315
1.27309
1.27347
1.27432
1.27564
1.27735
1.27937
1.28156
1.28378
1.28591
1.28782
1.28939
1.29054
1.29115
1.29113
1.29039
1.28886
1.28653
1.28343
1.27972
1.27565
1.27156
1.26777
1.26451
1.26186
1.25975
1.2581
1.25687
1.25616
1.25621
1.2573
1.25967
1.26334
1.2681
1.27354
1.27916
1.28449
1.2892
1.29309
1.29609
1.29821
1.29953
1.30015
1.3002
1.29984
1.29921
1.29846
1.29771
1.29707
1.29663
1.29641
1.29643
1.29664
1.29697
1.29733
1.2976
1.29768
1.29748
1.29695
1.29611
1.29503
1.29384
1.29274
1.29194
1.29161
1.29184
1.2926
1.29377
1.29513
1.29644
1.29751
1.29818
1.29834
1.29797
1.29706
1.29564
1.29372
1.29133
1.28845
1.28506
1.28114
1.2767
1.27191
1.26708
1.26274
1.25948
1.25774
1.25762
1.2588
1.26072
1.26285
1.26484
1.26661
1.26825
1.2699
1.27167
1.27358
1.27561
1.27767
1.27966
1.28146
1.28295
1.284
1.28452
1.28444
1.28372
1.2824
1.28057
1.27835
1.27594
1.27356
1.27143
1.26973
1.26856
1.26792
1.26773
1.26788
1.26824
1.26869
1.26916
1.2696
1.26997
1.27025
1.2704
1.27034
1.27
1.26925
1.26795
1.26596
1.26313
1.25938
1.25475
1.2495
1.24405
1.23897
1.23478
1.23176
1.22995
1.22932
1.22993
1.23197
1.23551
1.24027
1.24571
1.25111
1.25593
1.25984
1.26276
1.26477
1.26601
1.26665
1.26686
1.26676
1.26646
1.26603
1.26551
1.26492
1.26427
1.26353
1.26271
1.26179
1.26078
1.25968
1.25853
1.25737
1.25628
1.25534
1.25461
1.2542
1.25418
1.25463
1.25559
1.25709
1.2591
1.26153
1.26429
1.2672
1.27013
1.27295
1.27557
1.27794
1.28002
1.28182
1.28334
1.28459
1.28558
1.28627
1.28663
1.28661
1.2861
1.28501
1.28321
1.2806
1.27715
1.27291
1.26808
1.26306
1.25841
1.25473
1.25252
1.25198
1.25297
1.25507
1.25776
1.26057
1.26323
1.26565
1.26785
1.26991
1.2719
1.27382
1.27564
1.27731
1.27877
1.27998
1.28095
1.28167
1.28216
1.28246
1.28258
1.28255
1.28238
1.2821
1.28173
1.28131
1.28085
1.28041
1.28004
1.27977
1.27965
1.2797
1.27994
1.28037
1.28098
1.28173
1.2826
1.28355
1.28452
1.28548
1.28638
1.28716
1.28777
1.28815
1.28824
1.28797
1.28726
1.28603
1.2842
1.28169
1.27844
1.27445
1.26975
1.26449
1.25887
1.25316
1.24766
1.24266
1.23843
1.2352
1.23319
1.23254
1.23323
1.23503
1.23755
1.24038
1.24328
1.24627
1.24952
1.25326
1.25755
1.26222
1.26693
1.27131
1.27505
1.27796
1.28
1.28119
1.2816
1.28133
1.28046
1.27909
1.27728
1.27513
1.27276
1.27031
1.26793
1.2658
1.26402
1.26267
1.2617
1.26098
1.26035
1.25959
1.25853
1.25703
1.25499
1.2524
1.24927
1.24569
1.24178
1.23771
1.23363
1.22968
1.22594
1.22248
1.21937
1.21677
1.21496
1.21434
1.21526
1.21784
1.22185
1.22673
1.23186
1.23666
1.24077
1.24399
1.24629
1.24774
1.24843
1.24847
1.24796
1.24702
1.24573
1.24418
1.24244
1.24058
1.23865
1.2367
1.23475
1.23282
1.23093
1.22909
1.22733
1.22569
1.22422
1.22299
1.22208
1.22154
1.22143
1.22172
1.22239
1.22336
1.22452
1.22579
1.22707
1.22829
1.22941
1.23037
1.23116
1.23175
1.23214
1.23229
1.23218
1.23179
1.23106
1.22998
1.22849
1.22659
1.22428
1.22159
1.21857
1.21532
1.21193
1.20852
1.20522
1.20224
1.19982
1.19828
1.19791
1.19888
1.20112
1.20439
1.20827
1.21236
1.21627
1.21976
1.22266
1.22492
1.2265
1.22742
1.2277
1.22741
1.2266
1.22536
1.2238
1.22203
1.22017
1.21833
1.21659
1.215
1.2136
1.2124
1.21142
1.21065
1.21003
1.20946
1.20881
1.20793
1.20679
1.20554
1.20453
1.20416
1.20474
1.20622
1.2083
1.21055
1.21269
1.21466
1.21659
1.2186
1.22065
1.22243
1.22337
1.22282
1.22026
1.21556
1.20942
1.20357
1.20032
1.20132
1.20641
1.21374
1.22106
1.22685
1.23059
1.23242
1.23282
1.23236
1.23155
1.23081
1.2304
1.23047
1.23101
1.2319
1.23296
1.234
1.23484
1.23535
1.23544
1.23507
1.23423
1.23295
1.23125
1.2292
1.22687
1.22434
1.22168
1.21898
1.21633
1.2138
1.21152
1.20963
1.20832
1.20774
1.20805
1.2093
1.21145
1.21435
1.2178
1.22154
1.22532
1.22893
1.2322
1.23501
1.23729
1.239
1.24013
1.24071
1.24078
1.24037
1.23955
1.23841
1.23704
1.23551
1.23394
1.23239
1.23094
1.22964
1.22853
1.22764
1.227
1.2266
1.22647
1.22657
1.2269
1.22743
1.22809
1.22885
1.22965
1.23045
1.23123
1.23196
1.23265
1.2333
1.23394
1.23456
1.23518
1.23577
1.23633
1.23683
1.23726
1.23761
1.23787
1.23805
1.23817
1.23825
1.2383
1.23835
1.23838
1.2384
1.2384
1.23836
1.23827
1.23813
1.23796
1.23779
1.23767
1.23764
1.23776
1.23807
1.2386
1.23936
1.24031
1.24144
1.24269
1.24402
1.24538
1.24674
1.24809
1.24939
1.25066
1.25188
1.25306
1.2542
1.25529
1.25635
1.25738
1.25837
1.25933
1.26027
1.26119
1.26209
1.26297
1.26383
1.26468
1.2655
1.2663
1.26707
1.26782
1.26854
1.26924
1.26995
1.27068
1.27144
1.27227
1.27319
1.2742
1.2753
1.27649
1.27774
1.27902
1.2803
1.28154
1.2827
1.28376
1.28469
1.28548
1.28612
1.28661
1.28694
1.28711
1.28713
1.28698
1.28665
1.28614
1.28544
1.28455
1.28351
1.28236
1.28121
1.28016
1.27937
1.27898
1.27909
1.27973
1.28089
1.28246
1.28429
1.28624
1.28817
1.28999
1.29165
1.29313
1.29445
1.29566
1.29681
1.29799
1.29927
1.30072
1.30239
1.30426
1.30627
1.30831
1.31023
1.31189
1.31316
1.31393
1.31416
1.31384
1.313
1.31174
1.31017
1.30842
1.30661
1.30484
1.30314
1.30149
1.29983
1.29803
1.29599
1.29365
1.291
1.28815
1.28529
1.28275
1.28081
1.27973
1.27956
1.28013
1.28108
1.28201
1.28251
1.28231
1.28129
1.27951
1.2772
1.27476
1.2727
1.27149
1.27144
1.27262
1.27482
1.27767
1.28074
1.28369
1.28629
1.28843
1.29006
1.2912
1.29192
1.29225
1.29229
1.2921
1.29178
1.29141
1.2911
1.29095
1.29107
1.29151
1.29229
1.29337
1.29464
1.29599
1.29724
1.29824
1.29885
1.29895
1.29848
1.2974
1.29573
1.29355
1.29096
1.28808
1.28502
1.28186
1.27865
1.27546
1.27236
1.26948
1.267
1.26515
1.26414
1.26415
1.26526
1.26743
1.27052
1.27428
1.27838
1.28243
1.28613
1.28928
1.29181
1.2938
1.29535
1.2966
1.29763
1.29843
1.29892
1.299
1.29857
1.29758
1.29606
1.29411
1.29185
1.28942
1.28686
1.28416
1.28122
1.27794
1.27437
1.27076
1.26765
1.26579
1.26583
1.26809
1.27231
1.27779
1.28366
1.28919
1.29392
1.29765
1.30034
1.30204
1.30283
1.30275
1.30182
1.3
1.29723
1.29345
1.28864
1.2829
1.27648
1.26986
1.26372
1.25881
1.25574
1.25474
1.2556
1.2578
1.2607
1.26372
1.26646
1.26864
1.27013
1.27085
1.2708
1.27
1.26856
1.26659
1.26431
1.26193
1.25972
1.25789
1.25662
1.256
1.25605
1.25672
1.25791
1.25952
1.26143
1.26356
1.26581
1.26813
1.27045
1.27274
1.27495
1.27705
1.279
1.28077
1.2823
1.28355
1.28444
1.2849
1.28485
1.28418
1.2828
1.28064
1.27768
1.274
1.26982
1.26554
1.26171
1.25893
1.25763
1.25797
1.25975
1.26252
1.26575
1.26894
1.27171
1.27386
1.27529
1.27606
1.27628
1.27612
1.27574
1.27529
1.27488
1.27458
1.2744
1.27437
1.27453
1.2749
1.27554
1.27647
1.27765
1.27896
1.28022
1.28119
1.28165
1.28144
1.28043
1.27848
1.27537
1.27081
1.26455
1.25662
1.24758
1.23865
1.23149
1.22769
1.2281
1.23254
1.23997
1.24902
1.25843
1.2673
1.27509
1.28155
1.28667
1.29055
1.29338
1.29534
1.2966
1.2973
1.29755
1.29744
1.29705
1.29644
1.29569
1.29488
1.29405
1.29326
1.29253
1.29188
1.2913
1.29078
1.29029
1.28981
1.28931
1.28874
1.28808
1.28729
1.28633
1.28517
1.28381
1.28229
1.28069
1.27914
1.27783
1.27693
1.27659
1.27686
1.27767
1.27889
1.28031
1.28171
1.28294
1.28387
1.28442
1.28452
1.28415
1.28326
1.28181
1.27976
1.27715
1.27407
1.27073
1.2675
1.26481
1.26305
1.26247
1.26302
1.26441
1.26614
1.26773
1.26873
1.26882
1.2678
1.2656
1.26226
1.25793
1.2529
1.24756
1.24242
1.23807
1.2351
1.23397
1.2349
1.23774
1.24198
1.24695
1.25195
1.25649
1.2603
1.26334
1.26567
1.26743
1.26871
1.26958
1.27002
1.26999
1.26941
1.26824
1.26643
1.26407
1.2613
1.25842
1.25577
1.2537
1.25242
1.25193
1.25206
1.25249
1.25294
1.25325
1.25336
1.25333
1.25326
1.25325
1.25337
1.25361
1.25392
1.25421
1.25437
1.25426
1.25377
1.25279
1.25128
1.24926
1.24685
1.24429
1.24192
1.24008
1.23909
1.23909
1.24006
1.24178
1.24397
1.24634
1.24865
1.25075
1.25256
1.25401
1.2551
1.2558
1.2561
1.25597
1.2554
1.25437
1.25289
1.25098
1.24873
1.24624
1.24372
1.24142
1.23966
1.23876
1.23895
1.24031
1.24274
1.24592
1.2495
1.25309
1.25643
1.25935
1.26178
1.26374
1.26526
1.26643
1.26733
1.26801
1.26853
1.26895
1.2693
1.26959
1.26984
1.27005
1.27022
1.27034
1.27041
1.2704
1.27032
1.27015
1.26989
1.26953
1.26908
1.26853
1.26787
1.26709
1.26618
1.26511
1.26381
1.26221
1.26023
1.25777
1.25473
1.25107
1.24691
1.24254
1.23847
1.23535
1.2337
1.23365
1.23488
1.23678
1.23872
1.24027
1.24131
1.24193
1.24234
1.24276
1.24339
1.24434
1.24567
1.24737
1.24936
1.2515
1.2536
1.25542
1.25675
1.25738
1.25721
1.25626
1.25471
1.2529
1.25127
1.25022
1.25002
1.25068
1.252
1.25363
1.25525
1.25659
1.25752
1.25798
1.25801
1.25763
1.25692
1.25594
1.25475
1.25339
1.25191
1.25036
1.24879
1.24724
1.24577
1.24442
1.24321
1.24218
1.24132
1.24063
1.24009
1.23967
1.23935
1.23908
1.23884
1.23861
1.23836
1.23809
1.23778
1.23744
1.23706
1.23666
1.23625
1.23583
1.23542
1.23503
1.23468
1.23437
1.23414
1.23398
1.23393
1.234
1.2342
1.23457
1.23511
1.23582
1.2367
1.23773
1.23888
1.24012
1.24141
1.2427
1.24396
1.24514
1.24622
1.24717
1.24798
1.24864
1.24914
1.24948
1.24967
1.24969
1.24957
1.2493
1.24891
1.24843
1.2479
1.24735
1.24682
1.24629
1.2457
1.24494
1.2438
1.24204
1.23936
1.23549
1.23022
1.22356
1.21603
1.20879
1.20363
1.20219
1.20507
1.21135
1.21916
1.22674
1.23303
1.23767
1.24075
1.24259
1.24351
1.24385
1.24388
1.24383
1.24388
1.24415
1.2447
1.24553
1.24658
1.2478
1.24909
1.25038
1.25162
1.25275
1.25377
1.25466
1.25544
1.2561
1.25667
1.25715
1.25755
1.25789
1.25818
1.25842
1.25863
1.2588
1.25896
1.25909
1.25922
1.25934
1.25946
1.25958
1.25971
1.25983
1.25995
1.26005
1.26011
1.26011
1.26002
1.25982
1.25951
1.25909
1.25861
1.25813
1.25775
1.25758
1.25767
1.25805
1.25866
1.25936
1.25995
1.26023
1.26002
1.25919
1.25773
1.25575
1.25351
1.25137
1.24974
1.24896
1.2492
1.2504
1.25232
1.25459
1.25688
1.25896
1.26071
1.26212
1.26328
1.2643
1.26529
1.26634
1.26747
1.26864
1.26976
1.2707
1.27129
1.27135
1.27079
1.26963
1.26812
1.2667
1.26597
1.26648
1.26849
1.27183
1.27599
1.28034
1.2843
1.28749
1.28971
1.29089
1.29102
1.29014
1.28832
1.28563
1.28222
1.27831
1.27421
1.27034
1.26712
1.26491
1.26382
1.26369
1.26411
1.26457
1.26465
1.26412
1.2631
1.26195
1.26117
1.26124
1.26231
1.26423
1.26653
1.26869
1.27027
1.27104
1.27097
1.27018
1.26889
1.26736
1.26586
1.2646
1.26372
1.26323
1.26301
1.26282
1.26235
1.26132
1.25962
1.25739
1.2551
1.25336
1.25264
1.25295
1.25382
1.25444
1.25401
1.25201
1.24828
1.24304
1.23683
1.23043
1.22463
1.22004
1.2169
1.21513
1.21443
1.2145
1.21517
1.21637
1.2181
1.22035
1.22298
1.22576
1.22835
1.23037
1.23148
1.23142
1.2301
1.22763
1.2243
1.22059
1.21709
1.21437
1.21291
1.21294
1.21438
1.2169
1.22002
1.22327
1.22628
1.22889
1.23104
1.23285
1.23443
1.23592
1.23741
1.23891
1.24042
1.24185
1.24315
1.24426
1.24512
1.24572
1.24603
1.24607
1.24583
1.24534
1.2446
1.24363
1.24246
1.2411
1.2396
1.23801
1.23638
1.2348
1.23334
1.23212
1.23123
1.23074
1.23069
1.23108
1.23183
1.23285
1.23398
1.23512
1.23615
1.23701
1.2377
1.23823
1.23866
1.23905
1.23946
1.23993
1.24049
1.24113
1.24183
1.24255
1.24326
1.24392
1.24451
1.24502
1.24542
1.24568
1.24577
1.24563
1.2452
1.24443
1.2433
1.2418
1.23998
1.23791
1.23574
1.23362
1.23176
1.23037
1.22963
1.22967
1.23052
1.23209
1.23424
1.23674
1.23937
1.24192
1.24424
1.24623
1.24783
1.24903
1.24987
1.25039
1.25065
1.2507
1.25061
1.25043
1.2502
1.24995
1.24969
1.24943
1.24914
1.2488
1.24838
1.24784
1.24713
1.24623
1.24511
1.24377
1.24222
1.24049
1.23865
1.23676
1.23494
1.23329
1.23192
1.23095
1.23046
1.23049
1.23108
1.2322
1.23378
1.23572
1.23791
1.24022
1.24255
1.2448
1.24689
1.24877
1.2504
1.25172
1.25266
1.25313
1.25295
1.25188
1.24959
1.2457
1.23989
1.23223
1.22355
1.21575
1.21125
1.21173
1.21678
1.22424
1.23164
1.23731
1.24064
1.24165
1.2407
1.23819
1.2345
1.22998
1.225
1.21995
1.2153
1.21156
1.20914
1.20828
1.20891
1.21069
1.21318
1.21596
1.21874
1.22144
1.22409
1.22672
1.22927
1.23162
1.23355
1.23487
1.23543
1.23517
1.23409
1.23228
1.22993
1.22734
1.22494
1.22325
1.22267
1.2233
1.22479
1.22649
1.22764
1.22773
1.22661
1.2246
1.22234
1.22059
1.21994
1.22067
1.22265
1.22552
1.22881
1.23209
1.23504
1.23746
1.23924
1.24036
1.24083
1.24068
1.23997
1.23874
1.23702
1.23486
1.23231
1.22942
1.22629
1.22302
1.21978
1.21673
1.21406
1.21195
1.21053
1.20986
1.20993
1.21064
1.21184
1.21335
1.21499
1.21658
1.21799
1.21911
1.21986
1.22018
1.22006
1.21947
1.21842
1.21695
1.21512
1.21302
1.21082
1.20868
1.20684
1.20552
1.2049
1.20507
1.206
1.20753
1.20938
1.21125
1.21285
1.21391
1.21425
1.21374
1.21232
1.21001
1.20691
1.20322
1.19929
1.19561
1.19275
1.19121
1.19129
1.19292
1.19573
1.19911
1.20243
1.20516
1.20693
1.20753
1.20687
1.20501
1.20216
1.19873
1.19532
1.19263
1.19121
1.19129
1.1926
1.19456
1.19646
1.19771
1.19797
1.19715
1.19538
1.19299
1.19041
1.1881
1.1864
1.18543
1.18506
1.18497
1.18478
1.18419
1.18305
1.18139
1.17938
1.17733
1.17559
1.17452
1.17438
1.17528
1.17713
1.17968
1.18261
1.18558
1.18834
1.19073
1.19268
1.19419
1.19529
1.19601
1.19639
1.19648
1.19628
1.19584
1.19518
1.19435
1.19342
1.19246
1.19158
1.19086
1.19037
1.19016
1.19023
1.19054
1.19099
1.19151
1.19197
1.19229
1.19236
1.19212
1.19149
1.19041
1.18887
1.18685
1.18443
1.18174
1.17901
1.17658
1.17481
1.17406
1.17455
1.17627
1.17902
1.18242
1.18608
1.18966
1.19293
1.19574
1.19808
1.19995
1.20141
1.2025
1.20326
1.20374
1.20394
1.20388
1.20355
1.20295
1.20207
1.20094
1.1996
1.19812
1.19661
1.19519
1.19402
1.1932
1.19283
1.1929
1.19336
1.19407
1.19487
1.19556
1.19602
1.19616
1.19599
1.19564
1.19533
1.19533
1.19586
1.19705
1.19891
1.20127
1.20393
1.20664
1.20923
1.21155
1.21354
1.21516
1.21641
1.21729
1.2178
1.21793
1.21769
1.21706
1.21607
1.21473
1.21311
1.2113
1.20941
1.20761
1.2061
1.20508
1.20476
1.20532
1.20685
1.20933
1.2126
1.21638
1.22037
1.22425
1.22776
1.23072
1.233
1.23454
1.23529
1.23519
1.23422
1.23235
1.2296
1.22606
1.22196
1.21769
1.2138
1.21085
1.20931
1.20933
1.21076
1.21322
1.21625
1.2195
1.22273
1.22586
1.22887
1.23178
1.23459
1.23729
1.23985
1.24223
1.24437
1.24623
1.24776
1.24893
1.24973
1.25014
1.25018
1.24984
1.24912
1.24802
1.24648
1.24447
1.2419
1.23869
1.23479
1.23016
1.22488
1.21913
1.21329
1.20794
1.20389
1.20199
1.20286
1.20648
1.21221
1.21897
1.22574
1.23182
1.23687
1.24085
1.24382
1.24588
1.24713
1.2476
1.24735
1.24642
1.2449
1.24289
1.24053
1.23795
1.2353
1.23271
1.23033
1.22833
1.22692
1.22631
1.22669
1.22814
1.23058
1.2338
1.23746
1.24122
1.24476
1.24786
1.25037
1.2522
1.25328
1.25352
1.2528
1.25094
1.24771
1.24283
1.2361
1.22757
1.21787
1.20844
1.20138
1.19861
1.20076
1.20684
1.21496
1.22338
1.23107
1.23763
1.24304
1.24743
1.25098
1.25383
1.25611
1.2579
1.25926
1.26019
1.26073
1.26085
1.26053
1.25974
1.25847
1.25669
1.2544
1.25166
1.24854
1.24517
1.24174
1.2385
1.2357
1.23363
1.23249
1.23244
1.23351
1.23562
1.23858
1.24211
1.2459
1.24964
1.25306
1.25594
1.25813
1.25956
1.26021
1.26008
1.25926
1.25782
1.25585
1.25348
1.25079
1.24792
1.24498
1.24215
1.23961
1.23756
1.23618
1.23558
1.23576
1.23663
1.238
1.23966
1.2414
1.24308
1.24458
1.24587
1.24692
1.24776
1.2484
1.24888
1.24922
1.24946
1.24961
1.24966
1.24958
1.24928
1.24863
1.2475
1.24578
1.24345
1.24065
1.2377
1.23508
1.23328
1.23267
1.23338
1.23525
1.23792
1.24103
1.24429
1.24752
1.25065
1.25368
1.25661
1.25945
1.26218
1.26476
1.26713
1.26921
1.27092
1.27216
1.27281
1.27274
1.27179
1.26979
1.26654
1.26184
1.25556
1.24769
1.23843
1.2283
1.21814
1.20898
1.20182
1.19739
1.19598
1.19743
1.20111
1.2061
1.21143
1.21633
1.22043
1.22372
1.22642
1.2289
1.2315
1.23444
1.2378
1.24152
1.24543
1.24932
1.25295
1.25611
1.25864
1.26039
1.26125
1.26112
1.2599
1.25757
1.25417
1.24995
1.24537
1.24118
1.23821
1.23713
1.23812
1.24085
1.24462
1.24868
1.25249
1.25574
1.25835
1.26035
1.26181
1.26283
1.26348
1.26381
1.26384
1.26361
1.2631
1.26232
1.26126
1.25994
1.25839
1.25664
1.25479
1.25295
1.25127
1.24991
1.24905
1.24883
1.24934
1.25058
1.25248
1.25488
1.25757
1.26034
1.26298
1.26533
1.26728
1.26874
1.2697
1.27013
1.27004
1.26946
1.26843
1.26701
1.26527
1.2633
1.26122
1.25915
1.25722
1.25554
1.2542
1.25324
1.2527
1.25256
1.25277
1.25331
1.25411
1.25515
1.25638
1.25778
1.25934
1.26102
1.26281
1.26466
1.26654
1.2684
1.27018
1.27182
1.27324
1.27435
1.27506
1.27525
1.27482
1.27363
1.2716
1.26865
1.26487
1.2605
1.25605
1.25223
1.24982
1.24934
1.25082
1.25383
1.25766
1.26162
1.26523
1.26824
1.27058
1.27228
1.27341
1.27405
1.27427
1.27412
1.27365
1.27288
1.27188
1.27071
1.26944
1.26816
1.26694
1.26585
1.2649
1.26407
1.2633
1.26252
1.26166
1.26072
1.25974
1.25883
1.25815
1.25789
1.25819
1.25913
1.26071
1.26285
1.2654
1.26819
1.27102
1.27376
1.27629
1.27856
1.28053
1.2822
1.28357
1.28468
1.28556
1.28622
1.2867
1.28702
1.2872
1.28727
1.28725
1.28714
1.28697
1.28673
1.28642
1.28602
1.28548
1.28477
1.28384
1.28263
1.28111
1.27929
1.27722
1.27501
1.27284
1.27091
1.26943
1.26858
1.26843
1.26899
1.27014
1.27175
1.27369
1.27586
1.27818
1.28061
1.28307
1.28542
1.28747
1.28899
1.28973
1.28948
1.28808
1.28552
1.28192
1.27763
1.27325
1.26952
1.26722
1.26692
1.2688
1.27265
1.27791
1.28386
1.28985
1.29536
1.30008
1.30383
1.30659
1.30838
1.30924
1.30922
1.30832
1.30656
1.30396
1.30057
1.29654
1.29211
1.28761
1.28336
1.27958
1.27633
1.27351
1.27098
1.26868
1.2667
1.26531
1.26484
1.26555
1.26755
1.27076
1.27489
1.27957
1.28439
1.28897
1.29304
1.29642
1.29902
1.30084
1.3019
1.30228
1.30205
1.30128
1.30004
1.29833
1.29618
1.29356
1.29045
1.28683
1.28273
1.27825
1.2736
1.26912
1.26522
1.26229
1.26066
1.26043
1.26151
1.26363
1.26642
1.26949
1.27254
1.27533
1.27771
1.27962
1.28103
1.28196
1.28246
1.28254
1.28225
1.28163
1.2807
1.27949
1.27805
1.27643
1.27469
1.2729
1.27112
1.26944
1.26791
1.26658
1.26547
1.26458
1.26391
1.26344
1.26315
1.26303
1.2631
1.26336
1.26385
1.26458
1.26557
1.26681
1.26827
1.26988
1.27158
1.27328
1.27491
1.2764
1.27767
1.2787
1.27946
1.27991
1.28004
1.27984
1.27928
1.27834
1.27702
1.27532
1.27327
1.27093
1.26843
1.26595
1.26372
1.262
1.26102
1.26097
1.26189
1.26372
1.26625
1.26924
1.27238
1.27539
1.27803
1.28009
1.28141
1.28186
1.28129
1.27962
1.27674
1.27263
1.26735
1.26114
1.25439
1.24775
1.24204
1.23813
1.23671
1.23804
1.24181
1.24724
1.25335
1.25924
1.26424
1.26796
1.27023
1.27103
1.2704
1.26849
1.26549
1.26174
1.25769
1.25392
1.25108
1.24969
1.24998
1.25185
1.25485
1.25838
1.26184
1.26479
1.26693
1.26815
1.26843
1.26789
1.26671
1.26518
1.26367
1.26253
1.2621
1.26252
1.26378
1.26569
1.26794
1.27025
1.27236
1.27412
1.27545
1.27634
1.27682
1.27693
1.27672
1.27627
1.27563
1.27485
1.27397
1.27303
1.27203
1.27096
1.26976
1.26839
1.26677
1.26487
1.26265
1.26014
1.25745
1.2547
1.25207
1.24975
1.2479
1.24662
1.24594
1.24584
1.24626
1.24711
1.24828
1.24965
1.2511
1.25249
1.25365
1.25443
1.25474
1.25456
1.25403
1.25339
1.25293
1.25291
1.25343
1.25443
1.25572
1.25703
1.25816
1.25893
1.25927
1.25918
1.25871
1.25798
1.25711
1.25625
1.25558
1.25527
1.25547
1.2563
1.25777
1.25977
1.2621
1.26453
1.26681
1.26876
1.27028
1.27131
1.27186
1.27195
1.27164
1.27096
1.26997
1.26871
1.26722
1.26556
1.26379
1.26198
1.26021
1.25856
1.25711
1.2559
1.25496
1.25429
1.25386
1.25363
1.25357
1.25365
1.25384
1.25414
1.25453
1.25496
1.25539
1.25574
1.25588
1.25568
1.25497
1.25356
1.25127
1.24797
1.2436
1.23829
1.23238
1.22649
1.22143
1.21796
1.21653
1.21714
1.21939
1.22272
1.22663
1.23075
1.23485
1.23877
1.24242
1.24573
1.24865
1.25114
1.2532
1.2548
1.25592
1.25653
1.25655
1.25589
1.25446
1.25218
1.24902
1.24515
1.24094
1.23707
1.23435
1.23348
1.23472
1.23776
1.24189
1.24633
1.25047
1.25399
1.2568
1.25894
1.26054
1.26171
1.26258
1.26324
1.26374
1.26414
1.26444
1.26467
1.26483
1.26492
1.26498
1.26502
1.26505
1.26509
1.2651
1.26502
1.26477
1.26423
1.2633
1.26195
1.26021
1.25819
1.25609
1.25414
1.25253
1.25143
1.25092
1.25103
1.25176
1.25308
1.25495
1.25728
1.25995
1.26281
1.2657
1.26849
1.27108
1.27342
1.27555
1.27749
1.27931
1.28108
1.2829
1.2849
1.28726
1.29016
1.29374
1.29796
1.30261
1.30729
1.31155
1.31499
1.31726
1.31814
1.31754
1.31546
1.31208
1.30778
1.30309
1.29863
1.29493
1.29227
1.29062
1.2898
1.28963
1.29003
1.29101
1.29256
1.29462
1.297
1.29953
1.30206
1.3045
1.30687
1.30922
1.31158
1.314
1.31645
1.31887
1.32118
1.32329
1.3251
1.32655
1.32756
1.32806
1.32799
1.32728
1.32587
1.32373
1.32081
1.31714
1.31276
1.3078
1.30241
1.29683
1.29132
1.28614
1.28156
1.2778
1.27499
1.27322
1.27244
1.27253
1.27333
1.27464
1.27627
1.27807
1.2799
1.28166
1.28323
1.28455
1.28558
1.28635
1.28692
1.28739
1.28788
1.28845
1.28918
1.29006
1.29104
1.29204
1.29298
1.29374
1.29427
1.29451
1.29444
1.29409
1.2935
1.29272
1.29184
1.29094
1.29009
1.28936
1.28878
1.28837
1.2881
1.28795
1.28787
1.28779
1.28768
1.28751
1.28728
1.28701
1.28675
1.28656
1.28651
1.28665
1.28703
1.28766
1.28851
1.28953
1.29066
1.29182
1.29291
1.29385
1.29453
1.29482
1.2946
1.29366
1.29178
1.28872
1.28427
1.27834
1.27116
1.26346
1.25639
1.25121
1.24868
1.24856
1.24988
1.25146
1.25249
1.25273
1.25231
1.25155
1.25073
1.25005
1.24967
1.24977
1.25059
1.25235
1.25509
1.25862
1.26258
1.26655
1.2702
1.27329
1.27572
1.27748
1.27863
1.27921
1.27933
1.27907
1.27852
1.27779
1.27696
1.27614
1.2754
1.27481
1.27435
1.27399
1.27364
1.27315
1.27237
1.27115
1.26941
1.26719
1.26465
1.26212
1.26004
1.25877
1.25847
1.25903
1.26003
1.26092
1.26115
1.26029
1.2581
1.25463
1.25024
1.24566
1.24187
1.23979
1.23985
1.24183
1.24501
1.24852
1.25171
1.25421
1.25596
1.25703
1.25757
1.25774
1.25765
1.25742
1.25709
1.25672
1.25632
1.25591
1.25549
1.25507
1.25462
1.25416
1.25367
1.25316
1.25262
1.25207
1.25153
1.25101
1.25053
1.25012
1.24978
1.24951
1.24929
1.24908
1.24884
1.2485
1.24797
1.24718
1.24603
1.24441
1.24225
1.23947
1.2361
1.23228
1.2283
1.22464
1.22185
1.22043
1.22059
1.2222
1.22484
1.22797
1.23114
1.23405
1.23654
1.23859
1.24025
1.24158
1.24265
1.24351
1.24421
1.24478
1.24523
1.24556
1.24579
1.24589
1.24586
1.24569
1.24534
1.2448
1.24406
1.24309
1.2419
1.24052
1.23899
1.23737
1.23575
1.23423
1.23285
1.23166
1.23064
1.22974
1.2289
1.2281
1.22735
1.22671
1.2263
1.22629
1.22681
1.22797
1.22983
1.23234
1.23538
1.23877
1.24229
1.2457
1.24882
1.25149
1.25363
1.25524
1.2564
1.25721
1.25778
1.25816
1.25834
1.25813
1.25732
1.25564
1.25298
1.2495
1.24577
1.2427
1.2412
1.24177
1.24415
1.24751
1.25085
1.2535
1.25526
1.25633
1.2571
1.25796
1.25912
1.26057
1.26218
1.26377
1.2652
1.26639
1.26735
1.26811
1.26873
1.26928
1.26987
1.27064
1.27169
1.27307
1.27472
1.27649
1.27816
1.2795
1.28032
1.28047
1.27991
1.27864
1.27671
1.27421
1.2713
1.26817
1.26502
1.26209
1.25955
1.25751
1.25602
1.25506
1.25467
1.25495
1.25604
1.25803
1.26091
1.26448
1.26842
1.27241
1.27616
1.27951
1.28237
1.28474
1.28663
1.28811
1.2892
1.28996
1.2904
1.29054
1.29041
1.29005
1.28953
1.28893
1.28839
1.28805
1.28803
1.28841
1.28917
1.29022
1.29137
1.29237
1.29294
1.29281
1.29174
1.28955
1.28619
1.28178
1.27672
1.27168
1.2675
1.26494
1.26436
1.26562
1.26821
1.27148
1.27491
1.27815
1.28106
1.28361
1.28581
1.28772
1.28939
1.29088
1.2922
1.2934
1.29447
1.2954
1.29616
1.29672
1.29705
1.29715
1.29702
1.2967
1.29625
1.29575
1.2953
1.29499
1.29486
1.29493
1.29518
1.29554
1.29594
1.29627
1.29648
1.29654
1.29644
1.29623
1.29601
1.29587
1.29592
1.29624
1.29685
1.29773
1.2988
1.29996
1.30111
1.30219
1.30316
1.30402
1.30481
1.30557
1.30633
1.30712
1.30795
1.30878
1.30957
1.31024
1.31069
1.31083
1.31054
1.30973
1.30835
1.30643
1.30408
1.30153
1.2991
1.29711
1.29582
1.29533
1.29556
1.29632
1.29742
1.29871
1.30016
1.3018
1.30369
1.30583
1.30818
1.31066
1.31313
1.31553
1.31779
1.31989
1.32184
1.32362
1.3252
1.32653
1.32755
1.32824
1.32856
1.32853
1.32822
1.32772
1.32716
1.3267
1.32648
1.32662
1.32717
1.32809
1.32925
1.33047
1.33156
1.33236
1.33275
1.33274
1.3324
1.33189
1.3314
1.33114
1.33126
1.33183
1.33284
1.33416
1.33564
1.33707
1.33828
1.33916
1.33961
1.33962
1.33921
1.33839
1.33722
1.33573
1.33404
1.3324
1.33119
1.33092
1.33203
1.33469
1.33866
1.3433
1.34779
1.35134
1.35329
1.35315
1.35052
1.34518
1.33722
1.32737
1.31724
1.30917
1.30523
1.30594
1.31005
1.31546
1.32047
1.32422
1.32656
1.32775
1.32819
1.32827
1.32835
1.32862
1.32914
1.32981
1.33039
1.33066
1.33045
1.32975
1.3287
1.3275
1.32628
1.32499
1.32335
1.32099
1.31761
1.31314
1.30784
1.30227
1.29716
1.29328
1.29115
1.29088
1.2922
1.29457
1.29743
1.30039
1.30326
1.30607
1.30892
1.31187
1.31492
1.318
1.32096
1.32366
1.32599
1.32787
1.32925
1.33014
1.33056
1.33055
1.33018
1.32949
1.32855
1.32743
1.32616
1.32482
1.32343
1.32204
1.32066
1.3193
1.31796
1.31665
1.31537
1.31417
1.31308
1.31216
1.31149
1.3111
1.31103
1.31123
1.31164
1.31216
1.31266
1.31305
1.31324
1.31316
1.31279
1.31214
1.31124
1.31014
1.30888
1.30752
1.30608
1.30458
1.30297
1.30117
1.29908
1.2966
1.29371
1.2905
1.28724
1.28438
1.28234
1.28141
1.28156
1.28253
1.28397
1.28568
1.28764
1.28987
1.29231
1.29473
1.29668
1.29761
1.29693
1.29402
1.28834
1.27972
1.26897
1.25853
1.25218
1.25298
1.26082
1.27252
1.28437
1.29412
1.30112
1.30565
1.30827
1.3095
1.30976
1.30935
1.30844
1.30718
1.30564
1.30389
1.30196
1.29989
1.2977
1.29539
1.29296
1.2904
1.2877
1.28486
1.28193
1.279
1.27627
1.27398
1.27238
1.27163
1.27175
1.27256
1.27377
1.27503
1.27608
1.27676
1.27707
1.27712
1.2771
1.27722
1.27761
1.27836
1.27944
1.28075
1.28215
1.2835
1.28467
1.2856
1.28621
1.28647
1.28635
1.2858
1.28475
1.28313
1.28085
1.27783
1.27407
1.26963
1.26477
1.25992
1.25567
1.25263
1.25135
1.25209
1.25477
1.25902
1.26425
1.26982
1.27517
1.2799
1.2838
1.28676
1.28881
1.28999
1.29036
1.28998
1.28889
1.28714
1.28478
1.28187
1.27849
1.27469
1.27055
1.26611
1.26148
1.25686
1.2526
1.24914
1.24691
1.24611
1.24667
1.24827
1.25063
1.25353
1.2569
1.2607
1.26485
1.26922
1.27361
1.27784
1.28174
1.28522
1.28819
1.29062
1.29248
1.29376
1.29441
1.29438
1.29361
1.29203
1.28958
1.28628
1.28229
1.27793
1.27373
1.27033
1.26827
1.26782
1.26885
1.27096
1.2736
1.27635
1.27892
1.2812
1.28316
1.28483
1.28623
1.2874
1.28834
1.28904
1.28955
1.28988
1.29011
1.29029
1.29053
1.29088
1.29142
1.29217
1.29315
1.29431
1.29562
1.297
1.29838
1.29968
1.30084
1.30183
1.30263
1.30324
1.30369
1.30401
1.30427
1.3045
1.30475
1.30506
1.30542
1.30582
1.30624
1.30661
1.30689
1.307
1.30691
1.30656
1.30593
1.30501
1.30381
1.30234
1.30065
1.2988
1.29687
1.29502
1.29343
1.29238
1.29211
1.29278
1.29438
1.29662
1.29905
1.30118
1.30261
1.30313
1.3028
1.30188
1.30081
1.30009
1.30014
1.30122
1.30333
1.30621
1.30944
1.31256
1.31515
1.31693
1.31774
1.31755
1.31644
1.31457
1.31211
1.3093
1.30633
1.30342
1.3007
1.29828
1.29621
1.2945
1.2932
1.29241
1.29231
1.29307
1.29474
1.29721
1.30018
1.30325
1.306
1.3081
1.30935
1.30964
1.309
1.30749
1.30524
1.30243
1.29922
1.29583
1.29241
1.28913
1.28608
1.28334
1.28094
1.27889
1.27725
1.27608
1.27547
1.27549
1.27617
1.27746
1.27917
1.28106
1.28287
1.28432
1.28525
1.28555
1.28525
1.28443
1.28323
1.28176
1.28009
1.2782
1.27603
1.27349
1.27059
1.26747
1.26439
1.26172
1.25984
1.25905
1.25947
1.26105
1.26361
1.26688
1.27063
1.27463
1.27869
1.28264
1.28633
1.28959
1.29229
1.2943
1.29555
1.29595
1.29551
1.29421
1.2921
1.28926
1.28581
1.28193
1.27784
1.27377
1.26992
1.26645
1.26343
1.26089
1.25885
1.25735
1.25647
1.2563
1.25685
1.25809
1.25986
1.26197
1.26421
1.26639
1.26836
1.26999
1.27118
1.27183
1.27183
1.27111
1.2696
1.26729
1.2643
1.26085
1.25732
1.25416
1.2518
1.25053
1.25041
1.25128
1.25283
1.25472
1.25666
1.25844
1.25995
1.26115
1.26202
1.2626
1.26292
1.26302
1.26293
1.2627
1.26236
1.26195
1.26151
1.26105
1.26058
1.26007
1.25948
1.25875
1.25782
1.25664
1.2552
1.25352
1.25165
1.24971
1.24783
1.24611
1.24467
1.24354
1.24274
1.2422
1.24181
1.24145
1.24095
1.24015
1.23892
1.23716
1.23487
1.23214
1.2292
1.22639
1.22413
1.22285
1.22287
1.22431
1.22706
1.2308
1.23509
1.23946
1.24351
1.24695
1.24959
1.25134
1.25219
1.25216
1.25131
1.2497
1.24738
1.24443
1.24095
1.23707
1.23296
1.22887
1.22511
1.22201
1.21991
1.21906
1.21956
1.22133
1.22412
1.2276
1.23142
1.23528
1.23894
1.24222
1.24503
1.24727
1.24889
1.24983
1.25004
1.24951
1.24823
1.24627
1.24377
1.24094
1.23808
1.23544
1.23319
1.23131
1.22957
1.22763
1.22512
1.22179
1.21764
1.21296
1.20827
1.20422
1.20134
1.19988
1.19984
1.2011
1.20354
1.20714
1.2119
1.21772
1.22431
1.23115
1.23769
1.2434
1.24795
1.25119
1.25314
1.25395
1.25381
1.253
1.25179
1.25049
1.2494
1.24872
1.2486
1.24905
1.24997
1.25117
1.25239
1.25338
1.25384
1.25348
1.25201
1.24917
1.24471
1.23852
1.23067
1.22154
1.21185
1.20274
1.1955
1.19132
1.19087
1.19405
1.20013
1.20806
1.21681
1.22562
1.23396
1.24151
1.24809
1.2536
1.25806
1.26155
1.26421
1.2662
1.2677
1.26887
1.26985
1.27074
1.27163
1.27254
1.27348
1.27442
1.2753
1.27606
1.27659
1.27679
1.27656
1.27578
1.27436
1.27222
1.26929
1.26555
1.26102
1.25576
1.24989
1.24365
1.23742
1.23177
1.2274
1.22497
1.22488
1.22711
1.23124
1.23662
1.24261
1.24866
1.25439
1.25959
1.26415
1.26805
1.27129
1.27392
1.27601
1.27762
1.27885
1.27977
1.28047
1.28106
1.2816
1.28218
1.28285
1.28363
1.28456
1.28562
1.28679
1.28801
1.2892
1.29025
1.29103
1.2914
1.29124
1.29042
1.28889
1.28664
1.28371
1.28018
1.27611
1.2715
1.26625
1.26026
1.25355
1.24652
1.24012
1.23573
1.23464
1.23733
1.24321
1.25097
1.2592
1.26684
1.27327
1.27816
1.28134
1.2828
1.28272
1.28152
1.28002
1.27921
1.28001
1.28277
1.28714
1.29228
1.29728
1.30148
1.30455
1.30646
1.30729
1.30724
1.30647
1.30515
1.30338
1.30127
1.29888
1.29621
1.29326
1.28997
1.28623
1.28195
1.27701
1.2714
1.2652
1.2587
1.25237
1.24682
1.24262
1.24017
1.23951
1.2403
1.24188
1.24342
1.24413
1.24342
1.2411
1.23767
1.23443
1.23332
1.23602
1.24298
1.25299
1.26388
1.27359
1.28082
1.28506
1.28639
1.28525
1.28229
1.27831
1.27417
1.27067
1.26841
1.26768
1.2684
1.27026
1.27282
1.27564
1.27836
1.28065
1.28222
1.28279
1.28214
1.28012
1.27681
1.27265
1.26851
1.26557
1.26486
1.26673
1.27065
1.27554
1.28024
1.28397
1.28634
1.28729
1.28689
1.28532
1.28275
1.27938
1.27546
1.27126
1.26712
1.26334
1.2602
1.25786
1.25636
1.25561
1.2555
1.25586
1.2566
1.25763
1.25893
1.26047
1.26224
1.2642
1.26626
1.26833
1.27028
1.27197
1.27329
1.27415
1.27449
1.27431
1.27365
1.27256
1.27116
1.26955
1.26784
1.26614
1.26455
1.26314
1.26201
1.26124
1.26093
1.26115
1.26194
1.26328
1.26508
1.2672
1.26945
1.27163
1.27359
1.27519
1.27638
1.27713
1.27748
1.27751
1.27731
1.277
1.27667
1.27641
1.27626
1.27625
1.27638
1.27661
1.27692
1.27727
1.27763
1.27798
1.27831
1.2786
1.27886
1.27909
1.2793
1.27948
1.27964
1.27978
1.27991
1.28001
1.28007
1.28007
1.27998
1.27977
1.2794
1.2788
1.27794
1.27676
1.2752
1.27322
1.27079
1.26796
1.26483
1.26163
1.2587
1.25644
1.25518
1.25509
1.25605
1.25769
1.25948
1.2609
1.26154
1.26127
1.26023
1.25883
1.2577
1.2575
1.2587
1.26147
1.26557
1.27049
1.27558
1.28028
1.28419
1.28707
1.28888
1.28965
1.28952
1.28864
1.28719
1.28536
1.28332
1.28123
1.27926
1.27749
1.27602
1.27486
1.27402
1.27347
1.27314
1.27296
1.27281
1.27257
1.27206
1.27108
1.26942
1.2669
1.26344
1.25919
1.25457
1.25039
1.24763
1.24711
1.24911
1.2532
1.2585
1.26407
1.26921
1.27352
1.27687
1.27926
1.28075
1.28144
1.28139
1.28066
1.2793
1.27735
1.27484
1.27182
1.26835
1.26455
1.26051
1.2564
1.25239
1.24864
1.24532
1.24253
1.24034
1.23876
1.23776
1.23726
1.2372
1.2375
1.23811
1.23899
1.24011
1.24144
1.24294
1.24457
1.24627
1.24799
1.24969
1.2513
1.25279
1.25413
1.25529
1.25626
1.25701
1.25756
1.25791
1.25806
1.25804
1.25787
1.25756
1.25713
1.25658
1.25593
1.25516
1.25427
1.25323
1.25204
1.25066
1.24909
1.24732
1.24535
1.24319
1.24087
1.23842
1.23587
1.23325
1.23061
1.22796
1.22534
1.2228
1.2204
1.21824
1.21643
1.21505
1.21419
1.21386
1.21405
1.2147
1.21574
1.21712
1.21879
1.22068
1.22272
1.22479
1.2268
1.22864
1.23022
1.2315
1.23246
1.23308
1.23341
1.23345
1.23325
1.23285
1.23227
1.23155
1.23072
1.22982
1.22886
1.22788
1.22691
1.22599
1.22512
1.22435
1.22368
1.22313
1.22271
1.22242
1.22226
1.22225
1.22237
1.22263
1.22301
1.22349
1.22404
1.22461
1.22514
1.22555
1.22575
1.22568
1.22526
1.22445
1.22321
1.22156
1.21957
1.21733
1.21497
1.21266
1.21055
1.20875
1.20738
1.20647
1.20607
1.20618
1.2068
1.20792
1.2095
1.21148
1.21374
1.21613
1.21846
1.22052
1.22214
1.22313
1.2234
1.2229
1.22167
1.21988
1.21783
1.21594
1.21465
1.21432
1.21511
1.21692
1.21943
1.22227
1.22508
1.22762
1.22977
1.23151
1.23286
1.2339
1.23472
1.23539
1.23599
1.23658
1.23721
1.23792
1.23873
1.23963
1.24062
1.24168
1.24275
1.2438
1.24477
1.2456
1.24625
1.24666
1.24678
1.24657
1.246
1.24506
1.24375
1.24209
1.24015
1.23797
1.23566
1.23331
1.23102
1.2289
1.22708
1.22573
1.22506
1.22536
1.22686
1.2297
1.23378
1.23877
1.24419
1.24953
1.25436
1.25839
1.26147
1.26356
1.26471
1.26501
1.26458
1.26357
1.26211
1.26037
1.25851
1.25666
1.25494
1.25342
1.25215
1.25113
1.25036
1.24984
1.24957
1.24959
1.24993
1.25063
1.25169
1.25308
1.25474
1.25658
1.25849
1.2604
1.26223
1.26394
1.26551
1.26693
1.26821
1.26936
1.27041
1.27137
1.27226
1.27309
1.27386
1.27453
1.27506
1.27537
1.27534
1.27484
1.27372
1.27184
1.26906
1.2653
1.26059
1.2551
1.24925
1.24377
1.23965
1.23785
1.2389
1.24258
1.24806
1.25426
1.26026
1.26551
1.26976
1.273
1.2753
1.27677
1.27751
1.27758
1.27699
1.27573
1.27376
1.27097
1.26725
1.26249
1.25666
1.24992
1.24272
1.2359
1.23053
1.2275
1.22704
1.22866
1.2314
1.23444
1.23732
1.23994
1.24238
1.24468
1.24682
1.24867
1.25013
1.25114
1.25168
1.2518
1.25158
1.2511
1.25045
1.24972
1.24897
1.24827
1.24767
1.2472
1.24688
1.24674
1.24678
1.24699
1.24735
1.24783
1.24842
1.24907
1.24977
1.25047
1.25114
1.25178
1.25236
1.25287
1.25332
1.2537
1.25403
1.25431
1.25457
1.2548
1.25502
1.25524
1.25546
1.25566
1.25583
1.25593
1.25591
1.25569
1.25515
1.25417
1.25257
1.25018
1.24686
1.24258
1.23753
1.2322
1.22734
1.22379
1.22206
1.22208
1.22321
1.22457
1.22541
1.22536
1.22446
1.22306
1.22168
1.22084
1.22092
1.22206
1.22418
1.22701
1.23027
1.23368
1.23704
1.24021
1.24306
1.24553
1.24755
1.24912
1.25025
1.25099
1.2514
1.25155
1.2515
1.25129
1.25094
1.25045
1.24978
1.24888
1.24768
1.24613
1.24419
1.24185
1.23914
1.23616
1.23305
1.23003
1.22733
1.22521
1.22387
1.22341
1.22386
1.22512
1.22703
1.22939
1.232
1.23469
1.23731
1.23977
1.242
1.24396
1.24564
1.24701
1.2481
1.24891
1.24945
1.24974
1.24978
1.2496
1.24919
1.24857
1.24778
1.24682
1.24575
1.24459
1.24339
1.24219
1.24099
1.2398
1.23864
1.2375
1.23644
1.23556
1.23503
1.23502
1.23567
1.23704
1.23904
1.24152
1.24424
1.247
1.24962
1.25199
1.25407
1.25585
1.25737
1.25864
1.25973
1.26065
1.26146
1.26216
1.26279
1.26335
1.26387
1.26435
1.26481
1.26526
1.26571
1.26619
1.2667
1.26727
1.2679
1.26862
1.26943
1.27034
1.27134
1.27242
1.27356
1.27476
1.27598
1.2772
1.27842
1.27962
1.28078
1.2819
1.28296
1.28393
1.28477
1.28542
1.2858
1.28581
1.28537
1.2844
1.28285
1.28074
1.27814
1.2752
1.27213
1.26917
1.26652
1.26428
1.26246
1.26093
1.2595
1.25801
1.2564
1.25483
1.25366
1.25337
1.25431
1.25654
1.25973
1.26333
1.26677
1.2697
1.27194
1.27353
1.27458
1.27525
1.27571
1.27612
1.27661
1.27727
1.27812
1.27912
1.28017
1.28114
1.28192
1.28241
1.28254
1.2823
1.28167
1.28067
1.27932
1.27766
1.27574
1.27364
1.27142
1.2692
1.26707
1.26515
1.26354
1.2623
1.2615
1.26114
1.26121
1.26165
1.26239
1.26337
1.26449
1.26568
1.26688
1.26801
1.26904
1.26992
1.27062
1.27112
1.27142
1.27151
1.27139
1.27107
1.27056
1.26986
1.26897
1.26788
1.26655
1.26494
1.26299
1.26064
1.25784
1.25461
1.25103
1.24729
1.24367
1.24057
1.23834
1.23728
1.23748
1.23884
1.24111
1.24392
1.24693
1.24979
1.25222
1.25397
1.25477
1.25436
1.25252
1.24915
1.24442
1.23902
1.23419
1.23156
1.23239
1.23691
1.24416
1.25254
1.26057
1.2673
1.27233
1.27559
1.27718
1.27725
1.27595
1.27341
1.26982
1.26542
1.26051
1.25545
1.25059
1.2462
1.24242
1.23925
1.23676
1.23522
1.23521
1.23733
1.24174
1.24781
1.25434
1.26003
1.26391
1.26543
1.2644
1.26085
1.25509
1.24771
1.23978
1.23282
1.22843
1.22773
1.23085
1.23694
1.24463
1.25265
1.26014
1.26664
1.27207
1.27648
1.28006
1.28295
1.28532
1.28729
1.28894
1.29031
1.29144
1.29234
1.29299
1.29339
1.29355
1.29346
1.29316
1.29267
1.29207
1.29143
1.29087
1.29049
1.2904
1.29067
1.29132
1.29232
1.29357
1.29489
1.29609
1.29698
1.29739
1.29721
1.29647
1.29526
1.29382
1.29243
1.29134
1.29072
1.29059
1.29084
1.29129
1.29176
1.29215
1.29244
1.29272
1.29315
1.29396
1.29532
1.29729
1.29975
1.30236
1.30469
1.30631
1.30688
1.30623
1.30441
1.30162
1.29826
1.2948
1.29173
1.2894
1.28803
1.28764
1.28819
1.28959
1.29172
1.29435
1.29716
1.29975
1.30179
1.30307
1.30355
1.30334
1.3026
1.30149
1.30013
1.29859
1.29693
1.29525
1.29374
1.29261
1.29209
1.29229
1.29319
1.29463
1.29631
1.29791
1.29916
1.29985
1.29988
1.29923
1.29797
1.29624
1.2942
1.29206
1.29002
1.28824
1.28686
1.28593
1.28544
1.28531
1.28541
1.28561
1.28575
1.28575
1.28554
1.2851
1.28444
1.2836
1.28261
1.28152
1.28035
1.2791
1.27775
1.27625
1.27452
1.2725
1.27008
1.26721
1.26385
1.26
1.25572
1.25112
1.24638
1.24174
1.23754
1.23418
1.23207
1.23148
1.23239
1.23446
1.23722
1.24019
1.24303
1.24563
1.24796
1.25011
1.25216
1.25417
1.25617
1.25813
1.26003
1.2618
1.26339
1.26474
1.26582
1.26661
1.26711
1.26733
1.26728
1.267
1.26653
1.26591
1.2652
1.26445
1.26375
1.26321
1.26294
1.26302
1.26351
1.26438
1.26551
1.26668
1.26767
1.26826
1.26834
1.26788
1.267
1.26593
1.26495
1.26433
1.26428
1.26489
1.26616
1.268
1.27025
1.27276
1.27537
1.27792
1.28028
1.28233
1.28393
1.28496
1.28527
1.28473
1.28323
1.28071
1.2772
1.27284
1.26794
1.26299
1.25857
1.25526
1.25353
1.25359
1.25538
1.25861
1.26282
1.26748
1.27202
1.2759
1.2787
1.28017
1.28027
1.27924
1.27754
1.27576
1.27451
1.27425
1.27514
1.27703
1.27958
1.28234
1.2849
1.28693
1.28821
1.28862
1.28809
1.28659
1.28411
1.28065
1.27622
1.27097
1.26523
1.25967
1.25531
1.25325
1.25417
1.25798
1.26381
1.27046
1.2769
1.2825
1.28703
1.29048
1.29297
1.2946
1.29545
1.29558
1.29495
1.29354
1.29128
1.28813
1.28412
1.27936
1.27415
1.26897
1.26448
1.26133
1.26002
1.2607
1.26313
1.2668
1.27111
1.27553
1.27969
1.28338
1.28647
1.28897
1.29088
1.29226
1.29316
1.29364
1.29376
1.29355
1.29305
1.29229
1.2913
1.29012
1.28877
1.2873
1.28575
1.28418
1.28264
1.2812
1.2799
1.27877
1.27783
1.27708
1.27647
1.27595
1.27546
1.27492
1.27425
1.27336
1.27221
1.27076
1.26902
1.26704
1.26491
1.26269
1.26036
1.25783
1.25494
1.25156
1.24774
1.24385
1.24056
1.23859
1.23837
1.23986
1.24268
1.24639
1.25071
1.25545
1.26037
1.26518
1.26956
1.27325
1.27612
1.27813
1.27936
1.27991
1.27993
1.27953
1.27881
1.27784
1.27663
1.27521
1.27355
1.27163
1.26949
1.26719
1.2649
1.26283
1.26124
1.26036
1.26029
1.26102
1.26234
1.26395
1.26553
1.26677
1.26743
1.26739
1.2666
1.26513
1.26311
1.26073
1.25824
1.25593
1.25408
1.25293
1.25265
1.25327
1.2547
1.25677
1.2592
1.26172
1.26411
1.26619
1.26783
1.26899
1.26964
1.26982
1.26955
1.26887
1.26784
1.26649
1.26485
1.26292
1.2607
1.25813
1.2552
1.25192
1.24842
1.24501
1.24211
1.24021
1.23968
1.24061
1.24275
1.24564
1.24874
1.25161
1.25391
1.25543
1.25605
1.2557
1.25433
1.25193
1.24859
1.24447
1.2399
1.23531
1.23126
1.22829
1.22678
1.22683
1.22821
1.23052
1.23331
1.23622
1.23905
1.24166
1.24395
1.24583
1.24721
1.24802
1.2483
1.24816
1.24781
1.24755
1.24764
1.24823
1.24936
1.25086
1.25252
1.25409
1.25538
1.25628
1.25678
1.25694
1.25684
1.25662
1.25637
1.25617
1.25608
1.25609
1.25618
1.25631
1.25641
1.25644
1.25635
1.25613
1.25576
1.25526
1.25464
1.25393
1.25313
1.25226
1.25133
1.25034
1.24928
1.24816
1.24699
1.2458
1.24463
1.24352
1.24254
1.24176
1.24123
1.241
1.2411
1.2415
1.24218
1.24308
1.24416
1.24538
1.24671
1.24809
1.24946
1.25075
1.25188
1.25283
1.25361
1.25429
1.25494
1.25566
1.25647
1.25738
1.25833
1.25923
1.26002
1.26064
1.26106
1.26129
1.26137
1.26133
1.26122
1.26109
1.26095
1.26084
1.26077
1.26075
1.2608
1.26093
1.26116
1.2615
1.26195
1.26252
1.26319
1.26396
1.26479
1.26564
1.2665
1.2673
1.26801
1.26858
1.26894
1.26903
1.26879
1.26813
1.26698
1.26528
1.26302
1.26024
1.25706
1.25373
1.25059
1.24802
1.2464
1.24597
1.2468
1.24874
1.25144
1.25444
1.25727
1.25949
1.26084
1.26121
1.26069
1.25951
1.25802
1.25655
1.25528
1.25419
1.25308
1.25171
1.25002
1.2482
1.24675
1.24625
1.24708
1.24923
1.2523
1.2557
1.25888
1.26148
1.26336
1.26453
1.26508
1.26516
1.26492
1.26449
1.26402
1.2636
1.26335
1.26335
1.26368
1.26436
1.26542
1.26682
1.26851
1.27042
1.27245
1.27451
1.27653
1.27843
1.28016
1.28171
1.28306
1.2842
1.28512
1.28584
1.28631
1.28651
1.28637
1.28581
1.28474
1.28303
1.28059
1.27738
1.27344
1.26894
1.2642
1.25969
1.25595
1.25348
1.2526
1.25331
1.25537
1.25833
1.2617
1.26511
1.26839
1.27154
1.27468
1.27794
1.28137
1.28494
1.28852
1.29195
1.29511
1.29789
1.30024
1.30214
1.30362
1.30468
1.30536
1.30569
1.3057
1.30542
1.3049
1.30417
1.30327
1.30225
1.30118
1.30013
1.29916
1.29837
1.29784
1.29764
1.29783
1.29841
1.29937
1.30065
1.30215
1.30377
1.3054
1.30693
1.30826
1.3093
1.30998
1.31024
1.31001
1.30923
1.30786
1.30589
1.30334
1.3003
1.29697
1.29365
1.29074
1.28866
1.28777
1.28818
1.28977
1.29213
1.29474
1.29712
1.2989
1.29999
1.30056
1.30104
1.30194
1.30367
1.30633
1.30966
1.31314
1.31621
1.31841
1.31946
1.31924
1.31776
1.3151
1.31146
1.30706
1.30227
1.29752
1.2933
1.29008
1.28818
1.28767
1.28838
1.28995
1.29193
1.29395
1.29571
1.29706
1.29796
1.29844
1.29863
1.29864
1.29857
1.29847
1.2983
1.2979
1.2971
1.29573
1.29376
1.29138
1.2891
1.28766
1.28778
1.28983
1.29361
1.29847
1.30358
1.30826
1.31206
1.31482
1.31653
1.31725
1.31707
1.31607
1.31422
1.31147
1.30767
1.30268
1.29649
1.28941
1.28225
1.2762
1.27252
1.27181
1.2738
1.27756
1.28206
1.28658
1.29072
1.2943
1.29728
1.29967
1.30153
1.30296
1.30408
1.30497
1.30571
1.3063
1.30673
1.30695
1.30694
1.30669
1.30618
1.30546
1.30456
1.30351
1.30232
1.30095
1.29934
1.29739
1.29499
1.29206
1.28863
1.28488
1.28114
1.27789
1.27562
1.27472
1.27547
1.27788
1.28173
1.2865
1.29154
1.29616
1.29989
1.30246
1.30382
1.3041
1.3035
1.30227
1.30065
1.29885
1.29705
1.29538
1.29392
1.29272
1.2918
1.29115
1.29072
1.29047
1.29031
1.29019
1.29002
1.28977
1.28941
1.28895
1.28841
1.28784
1.28728
1.28676
1.2863
1.28585
1.28536
1.2847
1.28372
1.28225
1.28011
1.27716
1.27336
1.26882
1.26392
1.25932
1.25584
1.25427
1.25496
1.25767
1.26169
1.26615
1.27032
1.2738
1.27644
1.2783
1.27952
1.2803
1.28083
1.28125
1.28168
1.28218
1.28277
1.28342
1.28409
1.28473
1.28524
1.28558
1.28566
1.28543
1.28485
1.28388
1.28254
1.28089
1.27902
1.27712
1.2754
1.27407
1.2733
1.27314
1.27354
1.27435
1.27536
1.27637
1.2772
1.27775
1.278
1.27795
1.27768
1.27728
1.27686
1.27652
1.27632
1.27627
1.2763
1.27633
1.27626
1.27597
1.27541
1.27457
1.27347
1.27215
1.27065
1.269
1.26718
1.26523
1.26318
1.26116
1.25939
1.25814
1.2577
1.25831
1.26004
1.26284
1.26651
1.27074
1.27521
1.27961
1.2837
1.28729
1.29027
1.29258
1.2942
1.29511
1.2953
1.29477
1.2935
1.29151
1.28885
1.28568
1.28228
1.27895
1.27603
1.27369
1.27194
1.27061
1.26951
1.26857
1.26788
1.26766
1.26809
1.26924
1.27096
1.27301
1.27516
1.27726
1.27924
1.28111
1.28289
1.28459
1.28614
1.28744
1.28834
1.28869
1.28833
1.28714
1.28509
1.28221
1.27866
1.27469
1.27054
1.26646
1.26263
1.2593
1.25692
1.25622
1.2579
1.26214
1.26828
1.27493
1.2806
1.28415
1.28501
1.28311
1.27879
1.27277
1.26604
1.25976
1.255
1.25239
1.25197
1.25325
1.25553
1.25824
1.26109
1.26404
1.26715
1.2704
1.2737
1.27691
1.27986
1.28242
1.28451
1.28609
1.28715
1.28773
1.28789
1.28774
1.28737
1.28692
1.28651
1.28622
1.28613
1.28628
1.28667
1.28728
1.28805
1.28891
1.28978
1.2906
1.29131
1.29185
1.29221
1.29235
1.2923
1.29208
1.29173
1.29131
1.2909
1.29056
1.29034
1.29027
1.29036
1.29056
1.29083
1.2911
1.29131
1.29138
1.29126
1.29092
1.29035
1.28954
1.28851
1.28731
1.28598
1.2846
1.28323
1.28194
1.2808
1.27986
1.27916
1.27872
1.27856
1.27867
1.27903
1.2796
1.28032
1.28108
1.2818
1.28236
1.2827
1.28277
1.28257
1.28215
1.28159
1.28101
1.28051
1.2802
1.28015
1.28038
1.28091
1.28168
1.28263
1.2837
1.28479
1.28584
1.28681
1.28764
1.2883
1.28878
1.28903
1.28904
1.28877
1.28819
1.28726
1.28596
1.2843
1.28232
1.28012
1.27783
1.27564
1.27377
1.2724
1.27164
1.27151
1.27196
1.27287
1.27408
1.27546
1.27691
1.27834
1.27972
1.281
1.28218
1.28323
1.28415
1.28492
1.28552
1.28589
1.28598
1.28566
1.28483
1.28331
1.28093
1.27753
1.27305
1.26756
1.26141
1.2552
1.24978
1.24589
1.244
1.24409
1.24577
1.24857
1.25203
1.25585
1.25978
1.2636
1.26711
1.27014
1.27258
1.27435
1.27543
1.27587
1.27571
1.27503
1.27391
1.27244
1.27069
1.26876
1.26677
1.2648
1.26297
1.26137
1.26007
1.25912
1.25852
1.25825
1.25827
1.25855
1.25908
1.25991
1.26109
1.26267
1.26466
1.267
1.26957
1.27219
1.27472
1.27702
1.27899
1.2806
1.28183
1.28271
1.28327
1.28355
1.28358
1.28339
1.28301
1.28244
1.2817
1.28078
1.27967
1.27835
1.27679
1.27501
1.27301
1.27085
1.26864
1.26651
1.26466
1.26327
1.26249
1.26238
1.26289
1.26388
1.26515
1.26649
1.26772
1.26875
1.26953
1.27015
1.27073
1.27146
1.27252
1.27402
1.27598
1.27833
1.28092
1.28353
1.286
1.28816
1.28993
1.29125
1.29212
1.29256
1.29263
1.29236
1.29184
1.29113
1.29031
1.28947
1.2887
1.28805
1.28753
1.2871
1.28665
1.28605
1.28514
1.28383
1.28214
1.28019
1.27819
1.27645
1.27524
1.27472
1.27491
1.27563
1.27655
1.27725
1.27736
1.2766
1.27491
1.27248
1.26974
1.26724
1.26541
1.26434
1.26368
1.26289
1.26157
1.25975
1.25792
1.25685
1.25718
1.25917
1.26257
1.26683
1.27135
1.2756
1.27923
1.28199
1.28376
1.28445
1.28409
1.28281
1.28085
1.27859
1.27643
1.27482
1.27411
1.27453
1.2761
1.27867
1.28197
1.28564
1.28934
1.29276
1.29566
1.29787
1.29923
1.29968
1.29918
1.29774
1.29546
1.29257
1.2894
1.28639
1.28402
1.28273
1.2828
1.28431
1.28704
1.29061
1.29452
1.29834
1.30172
1.30447
1.30653
1.30792
1.30874
1.30906
1.30897
1.30856
1.30788
1.30698
1.30589
1.30466
1.30327
1.30175
1.30006
1.29822
1.29624
1.29418
1.29213
1.2902
1.28853
1.28725
1.28652
1.28647
1.28719
1.28864
1.2907
1.29311
1.29557
1.29786
1.29984
1.30154
1.30307
1.30452
1.30594
1.30726
1.30828
1.30878
1.30849
1.30725
1.30503
1.30202
1.29871
1.29584
1.29418
1.29422
1.29598
1.29899
1.30258
1.30617
1.30942
1.31225
1.31475
1.31709
1.31944
1.32192
1.3246
1.32748
1.33052
1.33365
1.33674
1.33968
1.3423
1.34442
1.34582
1.34622
1.34526
1.34254
1.33768
1.33044
1.32112
1.31075
1.30113
1.29408
1.29026
1.28887
1.28857
1.28883
1.29025
1.29387
1.29999
1.30785
1.31607
1.32343
1.32925
1.33337
1.33596
1.33731
1.33773
1.33751
1.33684
1.33589
1.33475
1.3335
1.3322
1.33091
1.32962
1.32829
1.32681
1.32502
1.32276
1.31999
1.3169
1.31404
1.31223
1.31227
1.31452
1.31868
1.32394
1.32936
1.33422
1.33814
1.34101
1.34288
1.34388
1.34415
1.34381
1.34295
1.34162
1.33987
1.33769
1.33506
1.33194
1.32826
1.32394
1.31893
1.31323
1.30695
1.30034
1.29385
1.28808
1.28363
1.28088
1.27984
1.27999
1.28045
1.28016
1.27817
1.27382
1.267
1.25822
1.24881
1.24074
1.23616
1.23661
1.24216
1.25136
1.26195
1.27191
1.28009
1.28621
1.29059
1.29373
1.29611
1.298
1.29937
1.29994
1.29922
1.29663
1.29164
1.28409
1.27457
1.26479
1.25727
1.25407
1.25549
1.25992
1.26523
1.26997
1.27363
1.27629
1.27825
1.27971
1.28078
1.28148
1.28175
1.28149
1.28062
1.27907
1.2769
1.2743
1.27162
1.26931
1.26781
1.26738
1.26798
1.26933
1.27099
1.27258
1.27383
1.27463
1.27499
1.27499
1.27473
1.27429
1.27373
1.27305
1.27223
1.27122
1.26997
1.26845
1.26665
1.26458
1.26225
1.25966
1.25677
1.25356
1.25001
1.24617
1.24215
1.23816
1.23447
1.23135
1.22903
1.22764
1.22719
1.22764
1.22889
1.23082
1.23332
1.2363
1.23965
1.24327
1.24703
1.25081
1.25446
1.25786
1.26087
1.26343
1.26547
1.26699
1.268
1.26853
1.2686
1.26826
1.26755
1.26652
1.26523
1.26376
1.26222
1.26074
1.25949
1.25863
1.2583
1.25858
1.25944
1.26079
1.26244
1.26418
1.26582
1.26718
1.26813
1.26857
1.26844
1.2677
1.26636
1.26442
1.26194
1.25903
1.25585
1.25262
1.24963
1.24716
1.24548
1.2448
1.24519
1.24659
1.24883
1.25164
1.25474
1.25786
1.26075
1.26326
1.26527
1.26672
1.26763
1.26804
1.26808
1.26795
1.26791
1.26823
1.26917
1.27086
1.27329
1.27631
1.27966
1.28306
1.28628
1.28915
1.29159
1.29356
1.2951
1.29625
1.29709
1.29771
1.29819
1.29861
1.29902
1.29947
1.29996
1.30047
1.30096
1.30136
1.30161
1.30164
1.30141
1.30089
1.30008
1.29898
1.2976
1.29599
1.29417
1.29222
1.29021
1.28824
1.28642
1.28482
1.28344
1.28224
1.28109
1.27982
1.27825
1.27629
1.27402
1.27171
1.26981
1.26873
1.26868
1.26955
1.27096
1.27253
1.27401
1.27539
1.27679
1.27843
1.28041
1.28273
1.28527
1.28783
1.2902
1.29222
1.29377
1.29483
1.2954
1.29553
1.29527
1.29468
1.2938
1.29266
1.29129
1.28969
1.28788
1.28583
1.28357
1.2811
1.27845
1.27568
1.27288
1.27014
1.26759
1.26535
1.26351
1.26212
1.2612
1.26073
1.26065
1.26089
1.26139
1.26205
1.26278
1.26341
1.26377
1.26357
1.26249
1.26012
1.25601
1.24983
1.2416
1.23212
1.22321
1.21733
1.21626
1.21983
1.22612
1.23276
1.23815
1.2417
1.24348
1.24387
1.24327
1.24205
1.24049
1.2388
1.23715
1.23565
1.23443
1.23355
1.23305
1.23294
1.2332
1.23379
1.23463
1.23564
1.23674
1.23786
1.23893
1.23992
1.2408
1.24154
1.24213
1.24256
1.24282
1.24289
1.24273
1.24232
1.2416
1.24052
1.23902
1.23704
1.23457
1.23162
1.22829
1.22477
1.22133
1.21834
1.21617
1.21511
1.2153
1.2167
1.21908
1.22207
1.22531
1.22842
1.23113
1.2332
1.23445
1.23471
1.2338
1.23152
1.2278
1.22277
1.21707
1.21193
1.20893
1.20928
1.21302
1.21896
1.22535
1.23068
1.23406
1.23524
1.23436
1.23192
1.22862
1.2254
1.22318
1.22262
1.22389
1.22666
1.23026
1.23399
1.23732
1.23997
1.24181
1.24286
1.24319
1.24291
1.24213
1.24096
1.23954
1.23802
1.23655
1.23527
1.23432
1.23375
1.23357
1.23371
1.23405
1.23444
1.23471
1.23473
1.23439
1.23363
1.23248
1.23103
1.22947
1.22805
1.22704
1.22668
1.22711
1.22831
1.23014
1.23239
1.2348
1.23716
1.23931
1.24118
1.24273
1.24396
1.24492
1.24564
1.24617
1.24656
1.24684
1.24707
1.24731
1.24763
1.24808
1.24873
1.24963
1.25079
1.25221
1.25385
1.25565
1.25754
1.25945
1.26128
1.26295
1.2644
1.26555
1.26631
1.26662
1.26639
1.2655
1.26384
1.26126
1.25757
1.25257
1.24609
1.23798
1.22832
1.21747
1.20631
1.19624
1.1891
1.18658
1.18958
1.19768
1.20931
1.22242
1.23526
1.2467
1.25623
1.26375
1.26932
1.27309
1.2752
1.27574
1.27481
1.27249
1.26891
1.26427
1.25887
1.25313
1.24756
1.24263
1.23873
1.23611
1.23487
1.23505
1.23661
1.23941
1.24313
1.24727
1.25128
1.25469
1.25717
1.25859
1.25897
1.25844
1.25721
1.25551
1.25359
1.25166
1.24991
1.24847
1.2474
1.2467
1.2463
1.24612
1.24603
1.24593
1.24576
1.24551
1.24522
1.24499
1.24494
1.24515
1.24567
1.24648
1.2475
1.24862
1.24973
1.2507
1.25143
1.25183
1.2518
1.25119
1.24985
1.24759
1.24427
1.23986
1.2346
1.22909
1.22429
1.22122
1.2205
1.22203
1.22503
1.22848
1.23151
1.23364
1.23473
1.23489
1.23438
1.23355
1.23278
1.23243
1.23273
1.23374
1.23531
1.23713
1.23879
1.23987
1.23999
1.23883
1.23614
1.23182
1.22599
1.21917
1.21235
1.20684
1.20372
1.20327
1.2047
1.20664
1.20772
1.20713
1.20482
1.20148
1.19836
1.19682
1.19768
1.20086
1.20551
1.21052
1.21501
1.21853
1.22097
1.22241
1.22302
1.22291
1.22219
1.2209
1.21905
1.21668
1.21385
1.21075
1.20768
1.20505
1.20332
1.20285
1.20373
1.20579
1.20864
1.21182
1.21491
1.21762
1.21981
1.22143
1.2225
1.22307
1.22322
1.22299
1.22247
1.22171
1.22078
1.21976
1.21872
1.21775
1.2169
1.21625
1.21584
1.21567
1.21573
1.21598
1.21636
1.21681
1.21725
1.21764
1.21794
1.2181
1.2181
1.21795
1.21762
1.21713
1.21649
1.21573
1.21488
1.21398
1.2131
1.2123
1.21162
1.21113
1.21085
1.21078
1.21091
1.2112
1.21161
1.21209
1.21258
1.21305
1.21345
1.21379
1.21406
1.21428
1.21447
1.21467
1.21492
1.21523
1.21564
1.21615
1.21675
1.21745
1.21822
1.21906
1.21995
1.22087
1.22184
1.22283
1.22385
1.22488
1.22593
1.22699
1.22803
1.22904
1.22999
1.23086
1.23161
1.23222
1.23265
1.23287
1.23287
1.23262
1.23215
1.23149
1.23073
1.22998
1.22936
1.22901
1.22903
1.22947
1.23029
1.23141
1.23269
1.23401
1.23526
1.23638
1.23738
1.23831
1.23924
1.24027
1.24145
1.24278
1.2442
1.24556
1.24665
1.24721
1.24699
1.24577
1.24347
1.2403
1.23682
1.23397
1.23274
1.23372
1.23673
1.24085
1.24488
1.24781
1.24902
1.24834
1.24589
1.24204
1.2373
1.23229
1.22772
1.22424
1.22241
1.22254
1.22467
1.22854
1.23368
1.23946
1.24531
1.25079
1.25564
1.25977
1.26317
1.26586
1.26788
1.26924
1.26995
1.27003
1.26948
1.26833
1.26663
1.26443
1.26184
1.259
1.25617
1.25364
1.25179
1.25091
1.25117
1.25244
1.25441
1.25659
1.25854
1.25991
1.26051
1.26029
1.25931
1.2577
1.25561
1.25322
1.2507
1.24821
1.24588
1.24382
1.2421
1.24077
1.23981
1.2392
1.23885
1.23864
1.23843
1.23803
1.23724
1.23585
1.23368
1.23061
1.22662
1.22191
1.21696
1.21245
1.20915
1.20755
1.20767
1.20904
1.21092
1.21266
1.21385
1.21438
1.21436
1.21404
1.21369
1.21354
1.21372
1.21427
1.21513
1.21617
1.21727
1.21829
1.21918
1.21987
1.22039
1.22074
1.22098
1.22115
1.22129
1.22144
1.22161
1.22181
1.22205
1.22232
1.2226
1.22289
