489
535
771
842
1085
1363
1491
1885
2361
2803
3325
3830
4675
5374
6146
6838
7641
8309
9450
10363
10798
12044
12552
13392
14280
14781
15261
15133
16366
16247
16376
16731
16682
16514
16003
15807
15506
15208
14675
14138
13662
13174
12907
12480
12003
11814
11579
11352
11434
11107
11332
11059
11334
11402
11945
12155
12577
13016
13073
13704
14170
14853
15195
15423
15745
16121
16330
16337
16688
16540
16310
16040
15965
15357
14252
13918
13412
12395
11915
10975
9820
9221
8299
7576
6772
5901
5261
4495
3830
3407
2851
2364
1868
1557
1348
1030
882
677
587
479
