-0.433771   -0.433038   0.484301
-0.329023   -0.310744   -0.385674
0.486975   -0.345034   -0.341109
-0.308732   -0.486217   -0.286455
-0.247478   -0.479474   -0.492377
-0.023389   -0.191936   -0.381863
-0.177722   -0.29596   -0.2566
-0.0542993   -0.404134   -0.362211
0.110015   0.448905   -0.430108
0.359518   -0.39017   -0.482338
0.162723   -0.346582   -0.330893
0.315395   0.425802   -0.297794
0.472946   -0.192692   -0.493443
-0.332885   -0.194117   0.422221
0.451489   -0.0274809   -0.299139
-0.415797   -0.170029   -0.231768
-0.22565   -0.137858   -0.398584
0.0093537   0.00689996   0.457323
-0.248173   0.00673026   -0.245133
-0.0646548   -0.112726   -0.19982
0.207459   -0.20235   0.492651
0.332069   -0.0149906   0.499852
0.169411   -0.0917289   -0.335766
0.339074   -0.213733   -0.337329
0.420317   0.232982   0.464885
-0.28058   0.312414   -0.404464
0.494268   0.393678   -0.403107
-0.403834   0.159008   -0.482683
-0.12927   0.165235   -0.431305
-0.0658214   0.355984   0.480045
-0.0952746   0.312275   -0.309122
-0.0239509   0.105578   -0.230363
0.163406   0.110039   -0.439615
0.250466   0.331177   -0.452158
0.0951827   0.28722   -0.321667
0.352328   0.160392   -0.297048
-0.472633   0.43132   -0.215616
-0.423306   -0.384488   -0.108454
0.469601   0.484688   0.0398834
-0.333031   0.439694   -0.0124602
-0.145431   0.470725   -0.201811
-0.0268889   -0.346892   -0.1123
-0.215893   -0.390917   -0.0318899
-0.0117648   0.466419   -0.00191627
0.103192   0.466359   -0.16833
0.341725   -0.386277   -0.174757
0.237752   0.474809   -0.00612795
0.483792   0.494124   0.265193
0.42133   -0.185462   -0.104414
-0.419532   0.00644169   -0.129498
-0.419   -0.0659555   0.0822454
-0.255665   -0.141374   -0.0738289
-0.121028   0.00165942   0.0176554
0.107485   0.0449494   -0.0852229
-0.0927047   -0.135614   0.160545
0.0270598   -0.136615   -0.0048249
0.162845   -0.241119   -0.133304
0.285817   -0.0312452   -0.17758
0.2656   -0.118308   0.0035918
0.315751   -0.352572   0.00289351
-0.465809   0.214483   -0.232763
-0.270245   0.290835   -0.167751
0.352407   0.238314   0.108914
-0.464559   0.272726   -0.0424552
-0.214794   0.154404   -0.0506735
-0.0027703   0.28893   -0.115312
-0.174014   0.315934   0.0551901
-0.0263299   0.175266   0.0591196
0.18498   0.212501   -0.0700549
0.340413   0.34695   -0.0728193
0.164565   0.335301   0.125299
0.389097   0.121669   -0.0927983
-0.364896   -0.408368   0.111009
-0.183589   -0.322886   0.299722
-0.489746   -0.325877   0.336976
-0.301355   -0.494174   0.303798
-0.179976   0.491054   0.136133
-0.0871986   -0.333705   0.101
-0.144707   -0.29551   -0.490834
-0.0473114   -0.459441   0.322249
0.0957891   -0.47221   0.164285
0.316719   -0.332697   0.249824
0.124014   -0.37101   0.384003
0.325506   0.430328   0.412808
-0.494051   -0.269198   0.122691
-0.350863   -0.0365394   0.281659
0.459555   0.0688384   0.317372
-0.168072   -0.0649094   0.37966
-0.269857   -0.215268   0.128244
-0.0247344   0.0595587   0.233449
-0.152221   0.125275   0.377714
0.00862478   -0.206482   0.403976
0.12177   -0.288788   0.0792954
0.388923   0.0253108   0.126814
0.15183   -0.152491   0.236388
0.338635   -0.130616   0.333868
-0.432107   0.126779   0.100089
-0.364027   0.356186   0.174678
-0.403273   0.371971   0.408995
-0.398612   0.195566   0.307697
-0.227843   0.139348   0.188123
-0.0138158   0.360264   0.18119
-0.222801   0.303607   0.352685
0.0500927   0.194236   0.357674
0.157598   0.0456501   0.123261
0.27761   0.218547   0.300055
0.139286   0.429008   0.331387
0.177734   0.0312089   0.332899
