           1     1.33203     1.33203           0
           2     1.32081     1.32642   0.0056107
           3     1.38224     1.34502   0.0188882
           4     1.23674     1.31795   0.0301875
           5     1.48579     1.35152   0.0409082
           6     1.64978     1.40123   0.0598899
           7     1.49612     1.41479   0.0524001
           8     1.30041     1.40049   0.0475788
           9     1.40479     1.40097   0.0419633
          10     1.21805     1.38268    0.041753
          11     1.39653     1.38394    0.037788
          12     1.46045     1.39031   0.0350799
          13     1.54894     1.40251   0.0344988
          14     1.40219     1.40249   0.0319397
          15     1.44298     1.40519   0.0298565
          16     1.32701      1.4003   0.0283525
          17     1.36932     1.39848   0.0266948
          18      1.5989     1.40962    0.027521
          19     1.34827     1.40639   0.0262318
          20     1.53563     1.41285    0.025711
          21     1.39002     1.41176   0.0244802
          22      1.4309     1.41263   0.0233572
          23      1.4896     1.41598    0.022568
          24     1.32982     1.41239   0.0219034
          25     1.30248     1.40799   0.0214641
          26     1.40074     1.40771   0.0206239
          27     1.44577     1.40912   0.0198954
          28     1.33663     1.40653   0.0193457
          29     1.44514     1.40786   0.0187141
          30     1.35393     1.40607   0.0181687
          31       1.423     1.40661   0.0175813
          32     1.34796     1.40478   0.0171214
          33     1.26325     1.40049   0.0171398
          34      1.3729     1.39968   0.0166478
          35     1.35287     1.39834   0.0162204
          36     1.40899     1.39864   0.0157662
          37     1.44472     1.39988   0.0153846
          38     1.33134     1.39808   0.0150825
          39     1.26762     1.39473   0.0150667
          40     1.38043     1.39438   0.0146896
          41       1.387      1.3942   0.0143279
          42     1.39411      1.3942   0.0139826
          43     1.41546     1.39469   0.0136625
          44     1.37225     1.39418   0.0133582
          45     1.35109     1.39322    0.013093
          46     1.40528     1.39348   0.0128079
          47     1.38617     1.39333   0.0125334
          48     1.48944     1.39533   0.0124318
          49     1.48745     1.39721   0.0123198
          50       1.319     1.39565   0.0121718
