           1    -5.47624    -5.47624           0
           2    -5.48037    -5.47831  0.00206516
           3    -5.46329     -5.4733  0.00514605
           4     -5.5086    -5.48212  0.00954454
           5    -5.44197    -5.47409   0.0109156
           6    -5.43136    -5.46697   0.0114085
           7     -5.4443    -5.46373   0.0101714
           8    -5.47537    -5.46519  0.00892799
           9    -5.46456    -5.46512  0.00787406
          10    -5.49486    -5.46809  0.00764492
          11    -5.46307    -5.46764  0.00693015
          12    -5.44923     -5.4661  0.00650956
          13    -5.43007    -5.46333  0.00659846
          14    -5.46595    -5.46352  0.00611185
          15    -5.46276    -5.46347  0.00569005
          16    -5.47628    -5.46427  0.00538243
          17    -5.47014    -5.46461  0.00506768
          18    -5.42848     -5.4626  0.00518252
          19     -5.4758     -5.4633  0.00495109
          20    -5.44055    -5.46216  0.00483273
          21    -5.46606    -5.46235   0.0046006
          22    -5.45855    -5.46218   0.0043899
          23    -5.44127    -5.46127  0.00429201
          24    -5.47245    -5.46173  0.00413561
          25    -5.48168    -5.46253  0.00404622
          26    -5.46842    -5.46276  0.00389408
          27    -5.46082    -5.46269  0.00374777
          28    -5.47492    -5.46312  0.00363779
          29    -5.46429    -5.46316  0.00351033
          30    -5.46503    -5.46322  0.00339188
          31    -5.45462    -5.46295  0.00329237
          32    -5.47749     -5.4634  0.00322006
          33    -5.48524    -5.46406  0.00319034
          34    -5.46426    -5.46407  0.00309509
          35    -5.46974    -5.46423  0.00300972
          36    -5.47729    -5.46459  0.00294734
          37    -5.44639     -5.4641  0.00290847
          38    -5.46957    -5.46425  0.00283455
          39    -5.47497    -5.46452  0.00277458
          40    -5.46894    -5.46463  0.00270658
          41    -5.46278    -5.46459  0.00264013
          42     -5.4711    -5.46474  0.00258117
          43    -5.46273    -5.46469  0.00252086
          44    -5.46205    -5.46463  0.00246363
          45    -5.46235    -5.46458   0.0024088
          46     -5.4586    -5.46445  0.00235944
          47    -5.45796    -5.46432  0.00231283
          48     -5.4448    -5.46391  0.00230033
          49    -5.45047    -5.46363  0.00226952
          50    -5.47713     -5.4639  0.00223999
