           0           0           0
   0.0256496           0           0
   0.0512993           0           0
   0.0769489           0           0
    0.102599           0           0
    0.128248           0           0
    0.153898           0           0
    0.179547           0           0
    0.205197           0           0
    0.230847           0           0
    0.256496           0           0
    0.282146           0           0
    0.307796           0           0
    0.333445           0           0
    0.359095           0           0
    0.384745           0           0
    0.410394           0           0
    0.436044           0           0
    0.461694           0           0
    0.487343           0           0
    0.512993           0           0
    0.538642           0           0
    0.564292           0           0
    0.589942           0           0
    0.615591           0           0
    0.641241           0           0
    0.666891           0           0
     0.69254           0           0
     0.71819           0           0
     0.74384           0           0
    0.769489           0           0
    0.795139           0           0
    0.820788           0           0
    0.846438 2.13975e-05 9.33726e-06
    0.872088  0.00134073 8.64605e-05
    0.897737   0.0240105 0.000356022
    0.923387    0.164428 0.000997477
    0.949037    0.562113  0.00236783
    0.974686     1.20098  0.00314281
     1.00034     1.86894  0.00380759
     1.02599     2.33832  0.00352725
     1.05164     2.55051  0.00283536
     1.07728     2.54971  0.00303559
     1.10293     2.40761  0.00301279
     1.12858     2.19946  0.00300014
     1.15423     1.97081  0.00244068
     1.17988     1.75132  0.00273248
     1.20553     1.55854  0.00277075
     1.23118     1.38537  0.00247623
     1.25683      1.2445  0.00265294
     1.28248     1.12135   0.0021514
     1.30813     1.02315  0.00196995
     1.33378    0.940988  0.00173095
     1.35943    0.872532    0.001849
     1.38508    0.817724  0.00180174
     1.41073    0.772514  0.00133643
     1.43638    0.739573  0.00172578
     1.46203    0.713706  0.00133923
     1.48768    0.691888  0.00158356
     1.51333    0.679975  0.00167093
     1.53898    0.671112  0.00153065
     1.56463    0.673697  0.00147159
     1.59028    0.676719  0.00173392
     1.61593    0.688825  0.00154019
     1.64158    0.703462  0.00133547
     1.66723     0.72628   0.0012593
     1.69288    0.749919  0.00147444
     1.71853    0.781548  0.00139686
     1.74418    0.816674  0.00158464
     1.76983    0.852146  0.00145431
     1.79547     0.89354  0.00148082
     1.82112    0.933419  0.00130155
     1.84677    0.974716  0.00161981
     1.87242     1.01751  0.00150965
     1.89807     1.05591   0.0017061
     1.92372     1.09454  0.00179869
     1.94937     1.12925  0.00120598
     1.97502     1.15903   0.0012615
     2.00067     1.18504  0.00145689
     2.02632     1.20386  0.00134377
     2.05197     1.21415  0.00147577
     2.07762     1.21465  0.00138055
     2.10327     1.20967  0.00162587
     2.12892     1.19385  0.00115007
     2.15457     1.17402  0.00142061
     2.18022     1.15247  0.00122923
     2.20587     1.12542   0.0010822
     2.23152     1.09682  0.00116581
     2.25717     1.06564  0.00129354
     2.28282     1.03821  0.00124049
     2.30847     1.01293  0.00124023
     2.33412    0.988254  0.00100968
     2.35977    0.966322  0.00112555
     2.38542    0.948084  0.00108203
     2.41107    0.932213  0.00104576
     2.43672    0.919395  0.00114509
     2.46237    0.908904   0.0011386
     2.48802    0.895592  0.00130632
     2.51366    0.886234  0.00120464
     2.53931    0.886221  0.00121525
