-0.05069   -0.162727   0.161464
0.27215   0.420909   0.115799
0.128044   0.469222   -0.462735
0.18201   -0.000642748   0.0504903
0.406681   -0.141159   0.322098
0.163382   0.252398   0.36406
-0.319332   -0.143612   0.131436
-0.253067   -0.218629   0.181132
-0.0984617   -0.280317   -0.397233
-0.0563874   -0.0513295   0.245806
-0.141568   0.246013   -0.17602
0.202532   -0.476956   -0.195906
-0.400944   -0.432816   -0.189692
-0.115913   0.299262   -0.338349
-0.187083   -0.106827   0.131268
0.381403   -0.177734   0.0740155
-0.197209   0.202348   -0.275791
-0.147378   -0.0661092   -0.0141133
-0.46917   -0.0478334   -0.107476
-0.0115391   0.270479   -0.315053
0.0429519   0.161198   -0.215064
-0.0738852   -0.0858297   0.081768
0.00710289   -0.0470257   -0.424338
-0.146298   0.375008   -0.123085
-0.166387   -0.49009   0.141387
0.220401   -0.327737   0.357588
0.406196   -0.149923   0.172491
0.450935   -0.0681986   -0.128221
0.150091   0.128706   -0.199505
0.18276   0.28738   0.493382
0.0779962   0.0518838   -0.214449
-0.0541873   -0.089969   -0.0262464
-0.180672   -0.237896   0.221334
-0.401438   0.349858   -0.194961
0.260424   0.277463   -0.243569
0.381182   -0.261298   0.0833692
0.369158   0.386289   -0.139667
0.463238   -0.498105   -0.0392826
0.0578672   0.2762   0.422589
-0.270279   0.255097   -0.134609
0.26072   0.257501   0.234125
0.377338   -0.235576   -0.0772863
-0.27323   0.30645   0.1357
0.133966   -0.090058   -0.450392
-0.426571   0.18803   0.00893448
-0.0154148   -0.328503   0.108436
0.496066   0.464532   -0.201603
0.393509   0.2168   -0.10906
-0.310976   0.431548   0.388647
-0.0145393   -0.273706   0.225075
0.374233   0.277011   -0.236173
-0.0712457   -0.417196   0.48902
-0.383693   0.472955   0.106414
-0.0745127   0.267241   -0.246453
-0.121321   0.0784948   -0.0638874
-0.245243   -0.228126   0.278214
-0.0828148   0.200033   -0.3136
-0.283581   -0.116137   -0.230312
-0.299628   0.423068   0.150706
0.334326   -0.109967   -0.401708
0.115325   -0.0180309   -0.343517
-0.331094   -0.337509   0.431259
0.282724   -0.11789   -0.296626
-0.250926   -0.0992092   -0.117914
0.451652   -0.0248825   -0.300814
0.431647   0.0549444   0.208245
0.165486   0.433334   0.192642
0.307266   0.480208   0.400697
-0.497653   0.178794   0.0807144
0.125439   -0.404324   -0.0142398
-0.20413   0.265803   -0.49388
-0.10383   -0.155177   0.235774
0.0633515   -0.22934   -0.199903
-0.235914   -0.0665698   0.0239155
0.160598   -0.245071   -0.237041
0.117684   0.371867   0.295612
0.464535   0.325179   0.388321
0.445412   -0.213636   -0.012688
0.0745501   -0.0119211   0.303781
-0.0921961   -0.00441887   0.175796
-0.276605   -0.208303   -0.333038
0.0364156   -0.146002   0.194343
0.319073   -0.0846689   -0.0271226
0.422838   -0.21385   0.493396
0.138248   0.262597   -0.112467
0.0180909   -0.409173   0.229401
-0.0168278   0.477778   0.202419
0.285719   0.0808157   -0.222298
0.251867   -0.255578   0.0309243
-0.419314   0.431983   0.438867
0.0106506   -0.176023   -0.223591
-0.271134   0.225183   0.406682
0.0383299   -0.219984   -0.407233
0.38446   -0.235886   0.30776
-0.318346   0.0389073   0.014741
0.00404062   0.149515   0.126046
0.306077   0.245775   -0.471159
-0.464393   -0.122365   -0.127305
0.0570192   0.21291   -0.0894614
0.169657   0.181253   -0.107375
-0.133548   -0.039786   -0.32945
0.257899   -0.198805   0.470352
-0.045621   -0.0622564   -0.357212
0.0475108   0.0174118   -0.281428
0.243054   -0.0447375   0.0631415
0.0441239   -0.065289   0.244459
-0.158063   -0.200399   -0.162542
-0.364778   0.48534   -0.126968
