0.485855   -0.483993   -0.493127
-0.32082   -0.330425   0.480734
-0.48422   -0.334534   -0.336385
-0.315177   -0.49784   -0.325269
-0.170665   -0.490313   -0.479225
0.000151976   -0.312513   0.493116
-0.172974   -0.331893   -0.314071
-0.01972   0.482861   -0.330661
0.133479   -0.492738   -0.489109
0.316958   -0.351313   -0.492345
0.18564   -0.327972   -0.318595
0.321434   0.488749   -0.339473
-0.493358   -0.173612   0.480129
-0.34402   -0.0240142   -0.498045
-0.494655   -0.0156442   -0.32607
-0.346682   -0.162472   -0.318505
-0.18827   -0.157518   -0.497891
0.0027526   0.00591293   -0.49477
-0.171594   0.00284465   -0.354793
-0.0065118   -0.183778   -0.330399
0.163656   -0.149424   0.485293
0.332732   -0.0125537   -0.49291
0.170371   0.0152104   -0.334215
0.332602   -0.172421   -0.333673
-0.490619   0.164757   -0.478151
-0.334267   0.357826   0.458587
-0.461217   0.342237   -0.317015
-0.322234   0.167282   -0.322805
-0.183943   0.16832   -0.489265
-0.00830898   0.330419   -0.4769
-0.168838   0.333669   -0.317361
-0.0117579   0.180533   -0.334514
0.159555   0.159257   0.493891
0.364219   0.339542   -0.481792
0.176987   0.32596   -0.352178
0.350894   0.158625   -0.305434
-0.493829   -0.492963   -0.189278
-0.35945   -0.32213   -0.151285
0.478372   -0.320618   -0.00725533
-0.355279   -0.491368   -0.00572822
-0.161281   0.498031   -0.15818
0.0164333   -0.331703   -0.162742
-0.175188   -0.332929   0.00406128
0.00701353   -0.494641   0.000958602
0.171601   -0.488508   -0.174451
0.346866   -0.341293   -0.16639
0.173211   -0.313933   -0.0244315
0.331605   0.481969   -0.000969881
0.488256   -0.157485   -0.154431
-0.327568   0.00762832   -0.187627
-0.49659   0.00248794   0.0175559
-0.340194   -0.159395   -0.00655931
-0.176538   -0.161112   -0.188248
0.00606709   0.00822531   -0.18169
-0.140275   -0.00633394   -0.0196826
0.0142467   -0.173564   0.0099806
0.165071   -0.158195   -0.173921
0.31433   -0.0091925   -0.155657
0.15713   -0.00871915   -0.0145455
0.322936   -0.171661   0.000788823
-0.479132   0.157771   -0.151873
-0.333707   0.343805   -0.143442
-0.499172   0.336685   -0.0134282
-0.30191   0.142505   -0.00960548
-0.163297   0.161814   -0.178081
0.00766346   0.340939   -0.162679
-0.159914   0.344673   0.0157958
0.0121932   0.17987   -0.0189613
0.170581   0.197437   -0.177393
0.345956   0.318798   -0.174778
0.162649   0.331788   0.0154732
0.351389   0.173406   0.0129803
-0.49081   0.483525   0.165145
-0.339736   -0.296103   0.161635
0.487885   -0.337708   0.310319
-0.330837   -0.499196   0.31028
-0.169177   0.498435   0.167065
0.00851378   -0.34273   0.159126
-0.174466   -0.326119   0.32394
0.00164704   0.494378   0.330657
0.178611   0.488107   0.162999
0.332447   -0.331917   0.133073
0.18613   -0.369721   0.312116
0.344188   0.495717   0.32882
0.464858   -0.158059   0.181805
-0.328816   0.017973   0.157224
0.484976   0.011934   0.349077
-0.348644   -0.175603   0.346107
-0.167483   -0.167178   0.16897
-0.00570175   0.00388757   0.151886
-0.186717   -0.0275442   0.336109
0.00754719   -0.156324   0.321361
0.154923   -0.18645   0.167165
0.297902   -0.0143323   0.187495
0.152216   0.0187788   0.334856
0.329611   -0.193836   0.344656
0.487026   0.18161   0.180661
-0.323809   0.326371   0.158826
-0.49601   0.35176   0.322659
-0.326999   0.146746   0.317196
-0.15484   0.172369   0.162465
0.0369909   0.310273   0.18497
-0.158308   0.340402   0.309885
-0.00863758   0.171135   0.356524
0.166754   0.141706   0.158577
0.323215   0.325496   0.182868
0.183537   0.337642   0.352269
0.310012   0.158551   0.3592
