0.485321   -0.4859   -0.494773
-0.322641   -0.331185   0.479904
-0.483293   -0.334826   -0.336832
-0.317584   -0.498873   -0.323672
-0.169574   -0.489968   -0.479625
0.000340569   -0.310686   0.492921
-0.172549   -0.329808   -0.3139
-0.0194069   0.4826   -0.32888
0.134539   -0.492342   -0.488814
0.31595   -0.349363   -0.491673
0.185484   -0.329094   -0.317202
0.323858   0.489553   -0.338866
-0.495611   -0.173344   0.480805
-0.343187   -0.02333   -0.498942
-0.4947   -0.016377   -0.32601
-0.347042   -0.162413   -0.318777
-0.188932   -0.160401   -0.49716
0.00160179   0.00364817   -0.495316
-0.170996   0.00179183   -0.357465
-0.00594213   -0.18362   -0.331637
0.162836   -0.150511   0.484177
0.333081   -0.0116262   -0.490146
0.170206   0.0116535   -0.3346
0.334304   -0.172926   -0.331553
-0.487495   0.163923   -0.478753
-0.332307   0.35819   0.459435
-0.460876   0.341914   -0.318297
-0.323304   0.167875   -0.325511
-0.184813   0.167712   -0.490076
-0.0100535   0.330247   -0.478537
-0.170116   0.333469   -0.318233
-0.0108998   0.180437   -0.335172
0.161475   0.157789   0.496358
0.362738   0.337743   -0.483416
0.175386   0.324191   -0.354905
0.348304   0.156109   -0.306003
-0.494668   -0.492797   -0.190334
-0.359493   -0.320122   -0.149337
0.478493   -0.318811   -0.00614379
-0.355319   -0.490605   -0.007798
-0.16157   0.497204   -0.157343
0.0163481   -0.331243   -0.15976
-0.17432   -0.332236   0.002534
0.00844422   -0.493038   -8.04927e-05
0.171417   -0.488149   -0.170835
0.346375   -0.342754   -0.167723
0.174201   -0.314317   -0.0240924
0.328425   0.482035   -0.00339499
0.488061   -0.159616   -0.152462
-0.326849   0.00784537   -0.187467
-0.49765   0.00181285   0.0155153
-0.340109   -0.157365   -0.00632593
-0.178717   -0.158811   -0.189284
0.00764025   0.00809126   -0.178849
-0.13821   -0.00566168   -0.0192946
0.0146434   -0.172354   0.0121289
0.163426   -0.158533   -0.174082
0.314617   -0.00779065   -0.15605
0.157932   -0.00783326   -0.0144097
0.323073   -0.170092   -0.000967967
-0.476545   0.157974   -0.150751
-0.33345   0.343081   -0.143368
0.499186   0.336841   -0.0131857
-0.301346   0.143241   -0.00859577
-0.162909   0.159863   -0.178475
0.00713054   0.33877   -0.16417
-0.156721   0.347932   0.015427
0.0132891   0.180889   -0.0203098
0.170983   0.196954   -0.175374
0.345759   0.319961   -0.175783
0.162222   0.329642   0.0152465
0.351137   0.172371   0.0102113
-0.490914   0.483281   0.16343
-0.340505   -0.296059   0.163668
0.485926   -0.338258   0.310381
-0.333934   -0.499973   0.309685
-0.170179   0.499022   0.166968
0.00888173   -0.340905   0.157531
-0.175561   -0.323697   0.325196
0.00102614   0.492991   0.332398
0.180834   0.490425   0.161406
0.331961   -0.331434   0.133802
0.187242   -0.367503   0.312386
0.341954   0.493653   0.331653
0.466142   -0.159555   0.182093
-0.326703   0.0176449   0.155757
0.483098   0.0116804   0.349046
-0.348212   -0.177464   0.345062
-0.168964   -0.165891   0.170287
-0.00642781   0.0045806   0.150942
-0.186183   -0.0271172   0.338313
0.00519884   -0.156216   0.322322
0.154565   -0.187858   0.167679
0.298688   -0.0134411   0.186037
0.153015   0.0214787   0.337598
0.3301   -0.195925   0.345569
0.487491   0.181523   0.181434
-0.322732   0.327533   0.159014
-0.493708   0.354149   0.322933
-0.32878   0.145045   0.317555
-0.153572   0.173058   0.160487
0.0379378   0.310261   0.185235
-0.159055   0.34102   0.307741
-0.00808218   0.17115   0.355429
0.166668   0.139144   0.159261
0.323228   0.326425   0.186488
0.18477   0.338456   0.352853
0.311457   0.159223   0.357562
