1.38823
1.34832
1.28183
1.19068
1.0783
0.950365
0.81517
0.683422
0.566963
0.476361
0.418331
0.394076
0.399412
0.426507
0.466156
0.509725
0.550343
0.583335
0.606167
0.618129
0.619916
0.613255
0.600519
0.584377
0.567539
0.552462
0.541265
0.535731
0.537292
0.546956
0.565142
0.591449
0.62443
0.661611
0.699835
0.735805
0.766688
0.790459
0.806124
0.813751
0.814418
0.809919
0.802364
0.793852
0.785957
0.77952
0.774618
0.770781
0.76729
0.763509
0.758975
0.753431
0.746776
0.739081
0.730606
0.721787
0.713358
0.706295
0.701715
0.700572
0.70341
0.709976
0.719241
0.729741
0.74009
0.749464
0.757688
0.764987
0.771597
0.777394
0.781987
0.784867
0.785752
0.784635
0.781805
0.777623
0.772421
0.76628
0.759067
0.750696
0.741508
0.732379
0.724593
0.719411
0.717294
0.717514
0.718429
0.718081
0.714871
0.707937
0.697293
0.68383
0.66915
0.655226
0.643915
0.63658
0.63396
0.636147
0.642724
0.652904
1.37362
1.33139
1.27668
1.2123
1.14144
1.06804
0.996848
0.933084
0.88184
0.847185
0.831367
0.834342
0.854163
0.88807
0.932964
0.985223
1.04075
1.09527
1.14483
1.18613
1.21687
1.23602
1.24411
1.24338
1.23738
1.22997
1.22417
1.22097
1.21909
1.21606
1.20915
1.19626
1.17677
1.1523
1.12643
1.1029
1.08402
1.07087
1.06361
1.06126
1.06183
1.06337
1.06531
1.06858
1.07441
1.083
1.09292
1.10198
1.10839
1.11146
1.11155
1.10993
1.10868
1.11026
1.11657
1.12753
1.14055
1.15142
1.1562
1.15355
1.14595
1.13854
1.1354
1.13622
1.13758
1.13639
1.13168
1.12423
1.11565
1.1081
1.10423
1.1066
1.11651
1.1326
1.15084
1.16631
1.1753
1.17638
1.17054
1.16053
1.15025
1.14351
1.14256
1.14742
1.1561
1.16561
1.17298
1.1761
1.17409
1.16735
1.15716
1.1453
1.13341
1.1226
1.11332
1.10545
1.09884
1.09359
1.09028
1.08956
1.34173
1.28269
1.23539
1.20692
1.19921
1.20932
1.23239
1.26392
1.29911
1.33158
1.35398
1.36027
1.34934
1.32726
1.30429
1.28695
1.27506
1.26634
1.25995
1.2557
1.25334
1.25399
1.26139
1.28003
1.31081
1.34846
1.38397
1.40941
1.42096
1.41937
1.40829
1.39175
1.37222
1.35044
1.32652
1.30134
1.27703
1.25657
1.24247
1.23527
1.23345
1.23549
1.24137
1.25245
1.26987
1.29293
1.31834
1.3412
1.35706
1.36389
1.36281
1.35691
1.34877
1.33899
1.3271
1.31305
1.29763
1.28148
1.26415
1.24439
1.22157
1.19722
1.17615
1.16546
1.17199
1.19868
1.24294
1.29751
1.35286
1.39931
1.42884
1.43649
1.42165
1.38886
1.34764
1.31042
1.28793
1.28402
1.29416
1.30926
1.32122
1.32609
1.32384
1.317
1.30993
1.30781
1.31411
1.32879
1.349
1.37111
1.39205
1.40994
1.42364
1.43188
1.43266
1.42356
1.40287
1.37115
1.33223
1.29302
1.30717
1.23279
1.19282
1.19035
1.22184
1.27717
1.34188
1.40136
1.44442
1.46478
1.46144
1.43857
1.40436
1.36849
1.33942
1.32277
1.321
1.33277
1.35247
1.37179
1.38273
1.37987
1.36133
1.32889
1.28831
1.24982
1.22633
1.22668
1.24876
1.28211
1.31728
1.3513
1.38596
1.42305
1.46103
1.49498
1.51895
1.52831
1.52142
1.50075
1.47259
1.44503
1.4252
1.41685
1.41976
1.43059
1.44434
1.45577
1.46089
1.45849
1.45096
1.44309
1.43884
1.43829
1.43805
1.43455
1.42703
1.41744
1.40839
1.40132
1.39663
1.39442
1.39506
1.39889
1.40595
1.41575
1.42696
1.43714
1.4436
1.44507
1.44268
1.4389
1.4354
1.43164
1.42578
1.41696
1.40655
1.39749
1.39234
1.39171
1.39439
1.39881
1.40452
1.41197
1.42122
1.43108
1.43971
1.44623
1.45143
1.45681
1.46275
1.46726
1.46656
1.45732
1.43864
1.41261
1.38319
1.35436
1.3288
1.30827
1.32003
1.25902
1.23193
1.23683
1.26325
1.29924
1.33557
1.36655
1.38865
1.39901
1.39552
1.37896
1.35518
1.3333
1.32029
1.31763
1.32329
1.3358
1.35663
1.38956
1.4375
1.49882
1.56636
1.63024
1.68172
1.71608
1.73285
1.73472
1.72548
1.70798
1.68371
1.65424
1.62289
1.59496
1.57571
1.56746
1.56811
1.57244
1.57549
1.57466
1.56966
1.56081
1.54732
1.52681
1.49723
1.46
1.42095
1.38849
1.37043
1.37085
1.38848
1.41804
1.45303
1.48823
1.52014
1.54604
1.56321
1.56898
1.56187
1.54268
1.51522
1.48568
1.46045
1.44302
1.43247
1.42482
1.41587
1.40369
1.38963
1.3775
1.37149
1.37431
1.3861
1.40451
1.42579
1.44618
1.46248
1.47207
1.47355
1.46729
1.45545
1.4411
1.42736
1.41678
1.41087
1.40966
1.41192
1.41648
1.4236
1.43628
1.45911
1.49409
1.5378
1.58279
1.62138
1.64795
1.6596
1.65639
1.64137
1.62023
1.32424
1.2713
1.25188
1.26147
1.29122
1.33357
1.38334
1.43674
1.48982
1.53775
1.57513
1.59672
1.59868
1.58043
1.54587
1.50231
1.45741
1.41688
1.38462
1.36323
1.35368
1.35541
1.36649
1.38328
1.40089
1.41425
1.41904
1.41246
1.39408
1.36662
1.33632
1.31119
1.29693
1.29448
1.30161
1.31643
1.3389
1.36927
1.40622
1.44642
1.48561
1.51989
1.54629
1.56256
1.56723
1.55975
1.54073
1.51232
1.47782
1.44099
1.40588
1.37737
1.36111
1.36053
1.37309
1.39047
1.40319
1.40541
1.39677
1.3813
1.36523
1.3546
1.35347
1.36314
1.38239
1.40875
1.4393
1.47063
1.49865
1.51957
1.53051
1.53004
1.51845
1.49794
1.47232
1.44599
1.42231
1.40312
1.38933
1.3818
1.38069
1.38436
1.38918
1.39059
1.38485
1.37068
1.34949
1.32428
1.29801
1.2736
1.25508
1.24756
1.25484
1.27734
1.31209
1.35376
1.3953
1.43
1.45397
1.46712
