-5.75045
-5.7388
-5.71549
-5.70415
-5.69314
-5.68568
-5.68179
-5.67757
-5.674
-5.67237
-5.66946
-5.66946
-5.66947
-5.66915
-5.66884
-5.66787
-5.6682
-5.6682
-5.66723
-5.66658
-5.66593
-5.66593
-5.66722
-5.66657
-5.66787
-5.66851
-5.66819
-5.66883
-5.66818
-5.66818
-5.66818
-5.66818
-5.66916
-5.66916
-5.66851
-5.66948
-5.67046
-5.66981
-5.67078
-5.67208
-5.67402
-5.6724
-5.67239
-5.67336
-5.67401
-5.67401
-5.67401
-5.67239
-5.67272
-5.67434
-5.67401
-5.67239
-5.67272
-5.67401
-5.67272
-5.6711
-5.67013
-5.66948
-5.66721
-5.66786
-5.66591
-5.66818
-5.6698
-5.6711
-5.67175
-5.67142
-5.67304
-5.67401
-5.67531
-5.67401
-5.67336
-5.6753
-5.6779
-5.67822
-5.6766
-5.67531
-5.67628
-5.67531
-5.67466
-5.67434
-5.67304
-5.67336
-5.67271
-5.674
-5.67174
-5.67304
-5.67304
-5.67336
-5.67142
-5.67336
-5.67434
-5.67433
-5.67595
-5.67498
-5.67563
-5.67466
-5.67433
-5.67498
-5.67433
-5.67336
-4.54441
-4.54344
-4.54149
-4.54085
-4.54149
-4.5389
-4.53792
-4.53857
-4.53986
-4.53921
-4.53888
-4.53986
-4.53954
-4.53889
-4.53922
-4.5389
-4.54117
-4.54052
-4.54182
-4.54214
-4.54182
-4.54344
-4.54473
-4.5444
-4.5444
-4.54472
-4.54375
-4.54601
-4.54537
-4.54375
-4.54149
-4.5431
-4.54278
-4.54245
-4.54342
-4.54439
-4.54439
-4.54342
-4.5418
-4.54213
-4.54343
-4.54213
-4.54084
-4.5431
-4.54084
-4.54214
-4.54149
-4.54085
-4.54117
-4.54117
-4.53858
-4.53761
-4.53825
-4.53825
-4.53728
-4.53663
-4.53793
-4.53891
-4.53858
-4.53988
-4.53987
-4.53857
-4.54019
-4.54052
-4.54441
-4.54376
-4.54344
-4.54408
-4.54473
-4.54602
-4.5457
-4.5457
-4.54537
-4.54602
-4.54668
-4.54376
-4.54344
-4.54506
-4.54441
-4.54408
-4.54408
-4.54473
-4.54343
-4.5444
-4.54506
-4.54538
-4.54377
-4.54344
-4.54312
-4.54118
-4.5402
-4.53891
-4.53988
-4.53955
-4.53858
-4.53858
-4.54214
-4.54344
-4.54214
-4.54247
-4.02509
-4.02508
-4.02443
-4.0267
-4.02864
-4.02962
-4.03092
-4.02865
-4.02801
-4.0277
-4.029
-4.02867
-4.03255
-4.03481
-4.03156
-4.03156
-4.03221
-4.03157
-4.03189
-4.03157
-4.03189
-4.03027
-4.02961
-4.02799
-4.0267
-4.02833
-4.02931
-4.02834
-4.02866
-4.02768
-4.02574
-4.02411
-4.02541
-4.02541
-4.02574
-4.02379
-4.02379
-4.02379
-4.02573
-4.02638
-4.02638
-4.02671
-4.02735
-4.02865
-4.02735
-4.02865
-4.0293
-4.03125
-4.02802
-4.02963
-4.0319
-4.0293
-4.02898
-4.02866
-4.02769
-4.02801
-4.02963
-4.02866
-4.02834
-4.02737
-4.02704
-4.02671
-4.02702
-4.02896
-4.02896
-4.02831
-4.02832
-4.02865
-4.02898
-4.02867
-4.02867
-4.02673
-4.02867
-4.0306
-4.02962
-4.02896
-4.02831
-4.02832
-4.02865
-4.02671
-4.02801
-4.02639
-4.02737
-4.02542
-4.02412
-4.02444
-4.02508
-4.02606
-4.02606
-4.02768
-4.02704
-4.02833
-4.02866
-4.02769
-4.02704
-4.02866
-4.02704
-4.0264
-4.02542
-4.02379
-3.74299
-3.74363
-3.7433
-3.74589
-3.74429
-3.74689
-3.74723
-3.74983
-3.74918
-3.74854
-3.75015
-3.74982
-3.75176
-3.75013
-3.75012
-3.75012
-3.75012
-3.75013
-3.75176
-3.75144
-3.74983
-3.74854
-3.74853
-3.74918
-3.74949
-3.74851
-3.74688
-3.74624
-3.74657
-3.74788
-3.74658
-3.74852
-3.74917
-3.74982
-3.74755
-3.74821
-3.74788
-3.74853
-3.74983
-3.75176
-3.74949
-3.75045
-3.74948
-3.74722
-3.74528
-3.74463
-3.74496
-3.74496
-3.74723
-3.7482
-3.74884
-3.74948
-3.74883
-3.7443
-3.74625
-3.74786
-3.74819
-3.74689
-3.74818
-3.74851
-3.74591
-3.74624
-3.74591
-3.74429
-3.74559
-3.7443
-3.74592
-3.74462
-3.74365
-3.7443
-3.74527
-3.74462
-3.74332
-3.74332
-3.74365
-3.74527
-3.74656
-3.74688
-3.7472
-3.74915
-3.74753
-3.74656
-3.74559
-3.74494
-3.74494
-3.74624
-3.74786
-3.74623
-3.74526
-3.74688
-3.7472
-3.74915
-3.74915
-3.74883
-3.75045
-3.75044
-3.74947
-3.74979
-3.7472
-3.74558
-3.51408
-3.51472
-3.51472
-3.5157
-3.51539
-3.51604
-3.51702
-3.51702
-3.51637
-3.51702
-3.51605
-3.51346
-3.51377
-3.51312
-3.51344
-3.51247
-3.51409
-3.51539
-3.51571
-3.51635
-3.517
-3.51604
-3.51734
-3.51832
-3.51735
-3.51735
-3.518
-3.51896
-3.51993
-3.51993
-3.51766
-3.51669
-3.51604
-3.51668
-3.51636
-3.51636
-3.51636
-3.51605
-3.51799
-3.51443
-3.51443
-3.51443
-3.51573
-3.51573
-3.51411
-3.51573
-3.51604
-3.51506
-3.51797
-3.51894
-3.51765
-3.51863
-3.51799
-3.51702
-3.51605
-3.51637
-3.51346
-3.51378
-3.51313
-3.51313
-3.51215
-3.51183
-3.51247
-3.51377
-3.51636
-3.51604
-3.51346
-3.51443
-3.51734
-3.51604
-3.51668
-3.51733
-3.51701
-3.51539
-3.51637
-3.51605
-3.5154
-3.51638
-3.51929
-3.51832
-3.51767
-3.51832
-3.51831
-3.51864
-3.51831
-3.51734
-3.51605
-3.51605
-3.51442
-3.51539
-3.51539
-3.51539
-3.51572
-3.51508
-3.51541
-3.51315
-3.51283
-3.5112
-3.50861
-3.5086
-3.73776
-3.73905
-3.74003
-3.74328
-3.74458
-3.74523
-3.7462
-3.74523
-3.74297
-3.74233
-3.74395
-3.74234
-3.74201
-3.74072
-3.73942
-3.74103
-3.74199
-3.74296
-3.74231
-3.74329
-3.74167
-3.74296
-3.74135
-3.74168
-3.73877
-3.74104
-3.7404
-3.73975
-3.73878
-3.73942
-3.73877
-3.73844
-3.73617
-3.73715
-3.73779
-3.73553
-3.73585
-3.73488
-3.73812
-3.73682
-3.7378
-3.73683
-3.73748
-3.73716
-3.7378
-3.73845
-3.74039
-3.73845
-3.74006
-3.74136
-3.74233
-3.74329
-3.74297
-3.742
-3.74233
-3.74137
-3.7404
-3.74104
-3.74233
-3.74233
-3.74103
-3.74103
-3.742
-3.74265
-3.74038
-3.73844
-3.73812
-3.7378
-3.73813
-3.74008
-3.73911
-3.73878
-3.73846
-3.7404
-3.74007
-3.73877
-3.73909
-3.73812
-3.73683
-3.74071
-3.74007
-3.74104
-3.74007
-3.7404
-3.74105
-3.74137
-3.74202
-3.74201
-3.74266
-3.74233
-3.74103
-3.74038
-3.74103
-3.74006
-3.73942
-3.73975
-3.73975
-3.74105
-3.74202
-3.74396
