2.08235
2.02247
1.92275
1.78602
1.61744
1.42555
1.22276
1.02513
0.850444
0.714541
0.627497
0.591114
0.599118
0.639761
0.699234
0.764588
0.825514
0.875002
0.909251
0.927193
0.929874
0.919883
0.900779
0.876566
0.851309
0.828693
0.811897
0.803597
0.805938
0.820433
0.847713
0.887174
0.936645
0.992417
1.04975
1.10371
1.15003
1.18569
1.20919
1.22063
1.22163
1.21488
1.20355
1.19078
1.17894
1.16928
1.16193
1.15617
1.15094
1.14526
1.13846
1.13015
1.12016
1.10862
1.09591
1.08268
1.07004
1.05944
1.05257
1.05086
1.05511
1.06496
1.07886
1.09461
1.11014
1.1242
1.13653
1.14748
1.1574
1.16609
1.17298
1.1773
1.17863
1.17695
1.17271
1.16643
1.15863
1.14942
1.1386
1.12604
1.11226
1.09857
1.08689
1.07912
1.07594
1.07627
1.07764
1.07712
1.07231
1.06191
1.04594
1.02574
1.00372
0.982839
0.965872
0.954871
0.95094
0.95422
0.964086
0.979356
2.06044
1.99708
1.91502
1.81846
1.71216
1.60206
1.49527
1.39963
1.32276
1.27078
1.24705
1.25151
1.28124
1.3321
1.39945
1.47784
1.56112
1.6429
1.71724
1.7792
1.82531
1.85403
1.86617
1.86508
1.85607
1.84495
1.83626
1.83146
1.82863
1.82408
1.81373
1.79439
1.76515
1.72844
1.68965
1.65435
1.62603
1.6063
1.59542
1.5919
1.59275
1.59505
1.59797
1.60286
1.61162
1.62449
1.63937
1.65298
1.66258
1.66719
1.66732
1.6649
1.66302
1.66539
1.67485
1.6913
1.71083
1.72713
1.7343
1.73032
1.71892
1.70781
1.7031
1.70434
1.70637
1.70458
1.69753
1.68635
1.67347
1.66215
1.65635
1.6599
1.67476
1.6989
1.72625
1.74947
1.76295
1.76458
1.7558
1.7408
1.72538
1.71526
1.71384
1.72114
1.73415
1.74842
1.75947
1.76415
1.76114
1.75103
1.73575
1.71795
1.70011
1.68391
1.66998
1.65817
1.64826
1.64039
1.63542
1.63434
2.0126
1.92403
1.85309
1.81039
1.79882
1.81398
1.84858
1.89588
1.94866
1.99737
2.03096
2.0404
2.02401
1.9909
1.95643
1.93043
1.91259
1.89952
1.88993
1.88356
1.88001
1.88098
1.89209
1.92004
1.96622
2.02268
2.07595
2.11411
2.13144
2.12905
2.11244
2.08762
2.05832
2.02565
1.98978
1.95201
1.91555
1.88486
1.86371
1.8529
1.85017
1.85323
1.86206
1.87867
1.90481
1.93939
1.97751
2.0118
2.03559
2.04584
2.04421
2.03536
2.02315
2.00848
1.99065
1.96957
1.94644
1.92222
1.89622
1.86659
1.83235
1.79583
1.76422
1.74819
1.75799
1.79802
1.8644
1.94626
2.0293
2.09896
2.14325
2.15474
2.13248
2.08329
2.02146
1.96564
1.9319
1.92603
1.94124
1.96389
1.98183
1.98913
1.98577
1.9755
1.96489
1.96172
1.97116
1.99318
2.0235
2.05666
2.08808
2.11491
2.13545
2.14782
2.14899
2.13534
2.10431
2.05672
1.99834
1.93953
1.96075
1.84918
1.78923
1.78552
1.83277
1.91576
2.01281
2.10204
2.16663
2.19717
2.19216
2.15786
2.10654
2.05273
2.00914
1.98416
1.98151
1.99916
2.0287
2.05768
2.0741
2.06981
2.04199
1.99333
1.93247
1.87473
1.8395
1.84001
1.87314
1.92317
1.97593
2.02695
2.07894
2.13458
2.19154
2.24248
2.27842
2.29246
2.28213
2.25112
2.20889
2.16755
2.13779
2.12527
2.12964
2.14588
2.16652
2.18366
2.19134
2.18773
2.17644
2.16463
2.15826
2.15744
2.15707
2.15183
2.14054
2.12616
2.11258
2.10199
2.09494
2.09163
2.09259
2.09834
2.10892
2.12363
2.14045
2.15572
2.1654
2.1676
2.16402
2.15835
2.1531
2.14746
2.13866
2.12543
2.10983
2.09624
2.08852
2.08756
2.09159
2.09822
2.10678
2.11795
2.13183
2.14662
2.15956
2.16934
2.17715
2.18522
2.19413
2.20089
2.19983
2.18599
2.15797
2.11891
2.07479
2.03154
1.9932
1.9624
1.98004
1.88853
1.84789
1.85524
1.89487
1.94885
2.00335
2.04982
2.08297
2.09852
2.09328
2.06845
2.03277
1.99995
1.98043
1.97644
1.98494
2.0037
2.03494
2.08435
2.15625
2.24823
2.34954
2.44536
2.52258
2.57413
2.59928
2.60208
2.58821
2.56197
2.52557
2.48136
2.43434
2.39244
2.36356
2.35119
2.35216
2.35866
2.36323
2.36199
2.35448
2.34121
2.32098
2.29021
2.24585
2.19
2.13143
2.08274
2.05565
2.05627
2.08272
2.12706
2.17955
2.23235
2.28021
2.31907
2.34481
2.35347
2.3428
2.31403
2.27283
2.22853
2.19068
2.16454
2.14871
2.13723
2.12381
2.10554
2.08445
2.06624
2.05723
2.06146
2.07915
2.10677
2.13868
2.16927
2.19372
2.20811
2.21032
2.20094
2.18317
2.16165
2.14103
2.12517
2.11631
2.11448
2.11788
2.12472
2.1354
2.15442
2.18866
2.24113
2.30669
2.37418
2.43207
2.47192
2.4894
2.48458
2.46206
2.43034
1.98635
1.90695
1.87782
1.8922
1.93684
2.00035
2.07502
2.15511
2.23474
2.30662
2.36269
2.39507
2.39802
2.37065
2.3188
2.25346
2.18612
2.12533
2.07694
2.04484
2.03052
2.03312
2.04973
2.07492
2.10134
2.12137
2.12855
2.1187
2.09112
2.04993
2.00448
1.96679
1.9454
1.94172
1.95242
1.97465
2.00834
2.05391
2.10934
2.16963
2.22841
2.27984
2.31944
2.34383
2.35085
2.33963
2.3111
2.26847
2.21673
2.16148
2.10882
2.06605
2.04167
2.0408
2.05963
2.08571
2.10478
2.10812
2.09516
2.07195
2.04785
2.0319
2.0302
2.0447
2.07358
2.11313
2.15896
2.20594
2.24798
2.27935
2.29577
2.29507
2.27767
2.24691
2.20848
2.16898
2.13347
2.10468
2.084
2.0727
2.07103
2.07654
2.08377
2.08588
2.07728
2.05603
2.02424
1.98642
1.94702
1.91041
1.88262
1.87134
1.88226
1.91601
1.96814
2.03065
2.09296
2.145
2.18096
2.20068
