-7.83281
-7.76127
-7.63824
-7.49017
-7.31058
-7.11123
-6.90454
-6.7027
-6.52444
-6.38691
-6.29695
-6.26058
-6.26859
-6.30891
-6.36807
-6.43246
-6.49371
-6.5432
-6.57648
-6.59378
-6.59581
-6.58581
-6.568
-6.54314
-6.51917
-6.4972
-6.48008
-6.47243
-6.47412
-6.48862
-6.51589
-6.55536
-6.6058
-6.66158
-6.71826
-6.77319
-6.82049
-6.8555
-6.87997
-6.89271
-6.89565
-6.88728
-6.87594
-6.86414
-6.85295
-6.84329
-6.83594
-6.82857
-6.82365
-6.8196
-6.81248
-6.80254
-6.79288
-6.78263
-6.76863
-6.75378
-6.74016
-6.72892
-6.71978
-6.71871
-6.72103
-6.73314
-6.74866
-6.76571
-6.78188
-6.79562
-6.80957
-6.82149
-6.8327
-6.8401
-6.84634
-6.85261
-6.85653
-6.85517
-6.84931
-6.84174
-6.83491
-6.82473
-6.81326
-6.80038
-6.7853
-6.77193
-6.7596
-6.75312
-6.74768
-6.74931
-6.75068
-6.75049
-6.74373
-6.73527
-6.72028
-6.70008
-6.67967
-6.65782
-6.6415
-6.62953
-6.62527
-6.6292
-6.63842
-6.65272
-6.60485
-6.54052
-6.45652
-6.3593
-6.25365
-6.14095
-6.03319
-5.93819
-5.86262
-5.80998
-5.78593
-5.79137
-5.82078
-5.871
-5.93866
-6.01673
-6.10229
-6.18342
-6.25906
-6.32134
-6.36713
-6.39746
-6.4109
-6.40948
-6.40047
-6.38967
-6.38001
-6.37747
-6.37399
-6.36784
-6.35521
-6.3375
-6.30793
-6.2709
-6.23307
-6.19874
-6.17042
-6.14972
-6.13722
-6.13402
-6.13618
-6.13718
-6.1388
-6.14597
-6.15246
-6.16663
-6.18087
-6.19382
-6.20375
-6.20836
-6.2059
-6.20251
-6.20127
-6.20364
-6.21213
-6.22793
-6.24876
-6.26604
-6.27288
-6.2702
-6.25879
-6.24639
-6.24329
-6.24486
-6.25078
-6.24835
-6.24096
-6.23043
-6.2182
-6.20818
-6.20204
-6.2056
-6.22014
-6.24493
-6.27293
-6.29323
-6.30639
-6.30964
-6.30021
-6.28488
-6.26946
-6.25999
-6.25727
-6.26554
-6.2792
-6.2938
-6.30324
-6.3076
-6.30426
-6.29221
-6.27595
-6.25685
-6.23999
-6.22346
-6.20856
-6.19675
-6.1904
-6.18383
-6.17756
-6.17681
-6.03769
-5.94911
-5.87752
-5.83708
-5.82747
-5.8436
-5.8795
-5.92454
-5.97667
-6.02506
-6.05996
-6.06908
-6.05657
-6.02571
-5.988
-5.96199
-5.94481
-5.93108
-5.92182
-5.91512
-5.9119
-5.91124
-5.9217
-5.94804
-5.99292
-6.05101
-6.10526
-6.14245
-6.1601
-6.15673
-6.13817
-6.11173
-6.08373
-6.05106
-6.01551
-5.9758
-5.93934
-5.90865
-5.88944
-5.87928
-5.87656
-5.87993
-5.88941
-5.90732
-5.93216
-5.96804
-6.00681
-6.04305
-6.06361
-6.07547
-6.07611
-6.06467
-6.05213
-6.03714
-6.01833
-5.99758
-5.97607
-5.95088
-5.92456
-5.89395
-5.85939
-5.82254
-5.79124
-5.77716
-5.78694
-5.82633
-5.89272
-5.97491
-6.05828
-6.12763
-6.17192
-6.18147
-6.16115
-6.11389
-6.05108
-5.9946
-5.96021
-5.95435
-5.96989
-5.9906
-6.00984
-6.01553
-6.01313
-6.00091
-5.989
-5.98615
-5.99625
-6.01925
-6.04956
-6.08434
-6.11512
-6.14324
-6.16411
-6.17551
-6.17604
-6.164
-6.13135
-6.08312
-6.02376
-5.96332
-5.70374
-5.5928
-5.53253
-5.53142
-5.57705
-5.66265
-5.76004
-5.85186
-5.91581
-5.94571
-5.94231
-5.90768
-5.8583
-5.80286
-5.75926
-5.73429
-5.73163
-5.74929
-5.78046
-5.80912
-5.82392
-5.81834
-5.79053
-5.74251
-5.68197
-5.62324
-5.58638
-5.58625
-5.61971
-5.67104
-5.72251
-5.77547
-5.8281
-5.8844
-5.93909
-5.99068
-6.02631
-6.04099
-6.03196
-6.00288
-5.95837
-5.918
-5.88727
-5.87249
-5.87492
-5.89051
-5.91147
-5.92862
-5.93857
-5.93593
-5.92529
-5.91412
-5.9071
-5.90174
-5.90332
-5.89969
-5.88873
-5.87304
-5.86077
-5.85049
-5.84086
-5.83786
-5.8385
-5.84263
-5.85451
-5.86792
-5.88637
-5.90034
-5.90905
-5.9119
-5.90929
-5.90297
-5.89642
-5.89078
-5.88231
-5.8707
-5.85639
-5.84312
-5.83572
-5.83671
-5.83912
-5.84478
-5.85237
-5.86289
-5.87677
-5.89286
-5.90742
-5.91557
-5.92241
-5.9321
-5.94133
-5.95004
-5.94899
-5.93482
-5.90842
-5.86935
-5.82426
-5.78133
-5.7404
-5.70798
-5.49412
-5.40325
-5.36261
-5.37094
-5.41026
-5.4649
-5.52037
-5.56684
-5.59934
-5.61555
-5.60933
-5.5819
-5.54655
-5.51307
-5.49387
-5.48892
-5.49903
-5.51909
-5.55065
-5.6007
-5.67325
-5.76426
-5.86688
-5.96368
-6.03993
-6.09148
-6.11728
-6.12105
-6.10815
-6.0819
-6.04324
-5.99805
-5.95037
-5.90913
-5.87992
-5.86755
-5.86853
-5.87471
-5.88122
-5.87642
-5.86891
-5.85564
-5.83671
-5.80594
-5.75996
-5.70573
-5.64747
-5.5978
-5.57362
-5.57521
-5.60038
-5.64569
-5.69754
-5.74936
-5.79626
-5.83544
-5.85827
-5.86725
-5.85594
-5.82716
-5.78498
-5.74035
-5.70315
-5.6783
-5.66507
-5.65327
-5.63727
-5.61996
-5.60178
-5.58228
-5.57392
-5.57879
-5.59616
-5.62216
-5.65505
-5.68531
-5.70912
-5.72449
-5.72961
-5.71925
-5.70084
-5.67997
-5.65935
-5.64381
-5.63462
-5.63182
-5.63393
-5.64077
-5.64982
-5.66981
-5.70404
-5.75652
-5.82241
-5.88927
-5.94748
-5.98507
-6.00223
-5.99579
-5.97067
-5.93894
-5.72411
-5.646
-5.61785
-5.63548
-5.68142
-5.74558
-5.82122
-5.90034
-5.97771
-6.04895
-6.10664
-6.13741
-6.14003
-6.11137
-6.05821
-5.99449
-5.92812
-5.86829
-5.81925
-5.78812
-5.77219
-5.77608
-5.79108
-5.8166
-5.84011
-5.86242
-5.86895
-5.85845
-5.8299
-5.78935
-5.74325
-5.70522
-5.68157
-5.67886
-5.69021
-5.71018
-5.74419
-5.78879
-5.84745
-5.90646
-5.96621
-6.01667
-6.05692
-6.08099
-6.08865
-6.07808
-6.05149
-6.00692
-5.9568
-5.90284
-5.85114
-5.80934
-5.78464
-5.7828
-5.80196
-5.82707
-5.84518
-5.84917
-5.83749
-5.81428
-5.78888
-5.77293
-5.7722
-5.78735
-5.81396
-5.85157
-5.89708
-5.94374
-5.98611
-6.01943
-6.03487
-6.03385
-6.01613
-5.98731
-5.94855
-5.90775
-5.87256
-5.8428
-5.82083
-5.81341
-5.8111
-5.81758
-5.82385
-5.82628
-5.81833
-5.7974
-5.76626
-5.72843
-5.68968
-5.65274
-5.62366
-5.61173
-5.62329
-5.65606
-5.70755
-5.77039
-5.83271
-5.88605
-5.92298
-5.94464
