           1   0.0489934   0.0489934           0
           2   0.0492541   0.0491237  0.00013036
           3   0.0484883   0.0489119 0.000224788
           4   0.0485783   0.0488285 0.000179507
           5   0.0492445   0.0489117 0.000162036
           6   0.0485736   0.0488553 0.000143801
           7   0.0487668   0.0488427  0.00012219
           8   0.0492563   0.0488944 0.000117777
           9   0.0490625   0.0489131 0.000105535
          10   0.0490208   0.0489239 9.50059e-05
          11   0.0486395    0.048898 8.97407e-05
          12   0.0490381   0.0489097  8.2749e-05
          13   0.0488803   0.0489074 7.61515e-05
          14   0.0484899   0.0488776 7.65503e-05
          15   0.0492296   0.0489011 7.50285e-05
          16   0.0487412   0.0488911 7.08907e-05
          17    0.049449   0.0489239 7.42392e-05
          18   0.0497245   0.0489684 8.29307e-05
          19    0.048885    0.048964 7.85671e-05
          20   0.0495629   0.0489939 8.03259e-05
          21   0.0483993   0.0489656 8.14826e-05
          22   0.0485678   0.0489475 7.97669e-05
          23    0.048339   0.0489211 8.06811e-05
          24   0.0485019   0.0489036 7.91965e-05
          25   0.0498168   0.0489401 8.42893e-05
          26   0.0491001   0.0489463  8.1216e-05
          27   0.0491494   0.0489538 7.85114e-05
          28   0.0492534   0.0489645 7.64084e-05
          29   0.0483527   0.0489434 7.66853e-05
          30   0.0485665   0.0489309 7.51428e-05
          31   0.0489135   0.0489303 7.26805e-05
          32   0.0492167   0.0489392 7.09396e-05
          33    0.048881   0.0489375  6.8779e-05
          34   0.0496485   0.0489584 6.99258e-05
          35   0.0485518   0.0489468 6.88849e-05
          36    0.049453   0.0489608 6.84051e-05
          37   0.0489232   0.0489598 6.65385e-05
          38   0.0490235   0.0489615 6.47855e-05
          39   0.0490063   0.0489626 6.31129e-05
          40    0.048815    0.048959 6.16255e-05
          41      0.0492   0.0489648 6.03904e-05
          42   0.0491745   0.0489698  5.9146e-05
          43   0.0482542   0.0489532 6.01042e-05
          44    0.048691   0.0489472 5.90237e-05
          45   0.0490994   0.0489506 5.77962e-05
          46   0.0487073   0.0489453 5.67727e-05
          47   0.0487552   0.0489413 5.56988e-05
          48   0.0493803   0.0489504 5.52877e-05
          49    0.048799   0.0489473 5.42357e-05
          50    0.049045   0.0489493 5.31758e-05
          51    0.049433   0.0489588 5.29788e-05
          52   0.0484875   0.0489497 5.27347e-05
          53   0.0491426   0.0489533  5.1858e-05
          54    0.048439   0.0489438 5.17723e-05
          55   0.0488855   0.0489428 5.08333e-05
          56    0.049064   0.0489449 4.99643e-05
          57    0.049104   0.0489477 4.91591e-05
          58   0.0491504   0.0489512 4.84303e-05
          59   0.0496083   0.0489623  4.8888e-05
          60   0.0497327   0.0489752 4.97516e-05
          61   0.0488906   0.0489738 4.89488e-05
          62   0.0490915   0.0489757 4.81903e-05
          63   0.0489109   0.0489747 4.74303e-05
          64   0.0491037   0.0489767 4.67269e-05
          65   0.0488202   0.0489743 4.60654e-05
          66   0.0489913   0.0489745 4.53628e-05
          67   0.0485571   0.0489683 4.51128e-05
          68    0.049194   0.0489716 4.45682e-05
          69   0.0493177   0.0489766  4.4203e-05
          70   0.0487645   0.0489736 4.36722e-05
          71   0.0485914   0.0489682 4.33879e-05
          72    0.048326   0.0489593  4.3701e-05
          73   0.0493756    0.048965 4.34738e-05
          74   0.0485129   0.0489589 4.33153e-05
          75   0.0491859   0.0489619 4.28409e-05
          76   0.0490446    0.048963 4.22875e-05
          77   0.0499235   0.0489755 4.35588e-05
          78   0.0491488   0.0489777 4.30541e-05
          79   0.0484948   0.0489716 4.29429e-05
          80   0.0491104   0.0489733 4.24381e-05
          81   0.0493824   0.0489784 4.22142e-05
          82   0.0494695   0.0489844 4.21242e-05
          83   0.0494774   0.0489903 4.20354e-05
          84   0.0493159   0.0489942 4.17124e-05
          85    0.049135   0.0489958  4.1252e-05
          86   0.0484317   0.0489893 4.12938e-05
          87   0.0490243   0.0489897 4.08184e-05
          88   0.0485066   0.0489842 4.07237e-05
          89   0.0489247   0.0489835 4.02691e-05
          90   0.0489181   0.0489828 3.98258e-05
          91   0.0492616   0.0489859 3.95047e-05
          92    0.048806   0.0489839 3.91218e-05
          93    0.049476   0.0489892  3.9059e-05
          94   0.0489039   0.0489883 3.86519e-05
          95   0.0489441   0.0489878 3.82457e-05
          96    0.049138   0.0489894 3.78775e-05
          97   0.0494695   0.0489943 3.78104e-05
          98   0.0488061   0.0489924 3.74718e-05
          99   0.0493541   0.0489961 3.72708e-05
         100   0.0492856    0.048999 3.70097e-05
         101   0.0488913   0.0489979 3.66569e-05
         102   0.0493328   0.0490012  3.6444e-05
         103   0.0490612   0.0490018 3.60931e-05
         104   0.0493711   0.0490053 3.59203e-05
         105   0.0492293   0.0490075 3.56405e-05
         106   0.0491522   0.0490088 3.53291e-05
         107   0.0486571   0.0490055 3.51514e-05
         108   0.0486476   0.0490022 3.49817e-05
         109    0.048852   0.0490008 3.46867e-05
         110   0.0484821   0.0489961 3.46919e-05
         111   0.0490147   0.0489963 3.43784e-05
         112   0.0490962   0.0489972 3.40817e-05
         113   0.0484715   0.0489925 3.40976e-05
         114   0.0488021   0.0489909 3.38384e-05
         115   0.0488007   0.0489892 3.35836e-05
         116   0.0490377   0.0489896 3.32954e-05
         117   0.0490705   0.0489903 3.30168e-05
         118   0.0494826   0.0489945 3.30006e-05
         119   0.0490413   0.0489949 3.27245e-05
         120   0.0490554   0.0489954 3.24545e-05
         121   0.0491981   0.0489971 3.22288e-05
         122   0.0484148   0.0489923 3.23178e-05
         123    0.049065   0.0489929 3.20595e-05
         124   0.0493614   0.0489958 3.19384e-05
         125    0.049207   0.0489975 3.17269e-05
         126   0.0493281   0.0490002 3.15832e-05
         127   0.0491218   0.0490011 3.13481e-05
         128   0.0488879   0.0490002 3.11148e-05
         129   0.0493547    0.049003 3.09947e-05
         130   0.0489512   0.0490026  3.0758e-05
         131    0.048115   0.0489958 3.12652e-05
         132   0.0496429   0.0490007 3.14124e-05
         133   0.0492444   0.0490025 3.12291e-05
         134   0.0493143   0.0490049 3.10823e-05
         135    0.049252   0.0490067 3.09055e-05
         136   0.0491853    0.049008 3.07055e-05
         137   0.0487038   0.0490058 3.05613e-05
         138   0.0491513   0.0490068 3.03574e-05
         139   0.0492157   0.0490084 3.01756e-05
         140   0.0491222   0.0490092 2.99704e-05
         141    0.049233   0.0490108 2.97993e-05
         142   0.0493232    0.049013 2.96704e-05
         143   0.0490914   0.0490135 2.94673e-05
         144   0.0484385   0.0490095 2.95332e-05
         145   0.0489119   0.0490088 2.93365e-05
         146   0.0486422   0.0490063 2.92429e-05
         147   0.0489732   0.0490061 2.90441e-05
         148   0.0490891   0.0490067 2.88527e-05
         149    0.048759    0.049005 2.87065e-05
         150   0.0493941   0.0490076 2.86323e-05
         151   0.0487199   0.0490057 2.85058e-05
         152   0.0484042   0.0490017 2.85927e-05
         153   0.0491443   0.0490027 2.84205e-05
         154   0.0487068   0.0490007 2.83007e-05
         155    0.048987   0.0490007 2.81176e-05
         156   0.0485487   0.0489978 2.80866e-05
         157   0.0488423   0.0489968 2.79247e-05
         158   0.0491416   0.0489977 2.77625e-05
         159   0.0491984   0.0489989 2.76162e-05
         160   0.0495701   0.0490025 2.76743e-05
         161   0.0490273   0.0490027 2.75023e-05
         162   0.0485812   0.0490001 2.74556e-05
         163   0.0490585   0.0490004  2.7289e-05
         164   0.0487254   0.0489987 2.71739e-05
         165   0.0490245   0.0489989 2.70091e-05
         166   0.0486194   0.0489966 2.69431e-05
         167   0.0487439   0.0489951  2.6824e-05
         168   0.0497775   0.0489998 2.70675e-05
         169   0.0488844   0.0489991 2.69155e-05
         170   0.0488808   0.0489984 2.67658e-05
         171   0.0490779   0.0489988 2.66129e-05
         172   0.0490218    0.048999  2.6458e-05
         173   0.0487372   0.0489975 2.63481e-05
         174    0.048808   0.0489964 2.62189e-05
         175    0.048625   0.0489943 2.61549e-05
         176   0.0492232   0.0489956 2.60383e-05
         177    0.048703   0.0489939 2.59435e-05
         178   0.0489029   0.0489934 2.58024e-05
         179   0.0486621   0.0489915 2.57246e-05
         180   0.0492537    0.048993 2.56227e-05
         181   0.0489293   0.0489926 2.54831e-05
         182   0.0486586   0.0489908 2.54091e-05
         183    0.048517   0.0489882 2.54022e-05
         184    0.049015   0.0489884 2.52642e-05
         185   0.0485034   0.0489857 2.52637e-05
         186   0.0484343   0.0489828 2.53018e-05
         187   0.0491603   0.0489837  2.5184e-05
         188   0.0490865   0.0489843 2.50557e-05
         189   0.0492461   0.0489857 2.49612e-05
         190   0.0493823   0.0489877 2.49171e-05
         191   0.0493251   0.0489895 2.48491e-05
         192   0.0493834   0.0489916 2.48043e-05
         193   0.0492592    0.048993 2.47144e-05
         194   0.0484767   0.0489903 2.47303e-05
         195   0.0487609   0.0489891 2.46313e-05
         196   0.0490678   0.0489895 2.45086e-05
         197   0.0491007   0.0489901 2.43904e-05
         198   0.0486865   0.0489885 2.43153e-05
         199   0.0487027   0.0489871 2.42354e-05
         200   0.0489846   0.0489871 2.41139e-05
