           0           0           0
    0.064633           0           0
    0.129266           0           0
    0.193899           0           0
    0.258532           0           0
    0.323165           0           0
    0.387798           0           0
    0.452431           0           0
    0.517064           0           0
    0.581697           0           0
     0.64633           0           0
    0.710963           0           0
    0.775596           0           0
     0.84023 0.000898024 6.56098e-05
    0.904863    0.147119 0.000757799
    0.969496     1.06352  0.00242266
     1.03413     2.04317  0.00356574
     1.09876     2.27216  0.00413703
     1.16339     2.08691  0.00349004
     1.22803     1.83543  0.00300047
     1.29266     1.61835   0.0025503
     1.35729     1.45078  0.00210984
     1.42193     1.34057  0.00212231
     1.48656     1.25204  0.00185269
     1.55119     1.19058  0.00160864
     1.61583     1.14154  0.00160155
     1.68046     1.11279  0.00153295
     1.74509      1.0907  0.00130073
     1.80973     1.07403  0.00142514
     1.87436     1.06541  0.00126548
     1.93899     1.06196  0.00128011
     2.00362     1.05654  0.00115534
     2.06826     1.05468  0.00109866
     2.13289     1.05034  0.00108161
     2.19752     1.04793 0.000984751
     2.26216     1.04235  0.00104671
     2.32679     1.03687 0.000939047
     2.39142     1.03226 0.000980292
     2.45606     1.02679 0.000966913
     2.52069     1.02058 0.000909044
     2.58532     1.01644 0.000869979
     2.64995     1.01463 0.000811044
     2.71459     1.01095 0.000776821
     2.77922     1.00661 0.000818131
     2.84385     1.00534 0.000811081
     2.90849     1.00302 0.000733283
     2.97312     1.00171 0.000695831
     3.03775     1.00027 0.000729653
     3.10239    0.997299 0.000693249
     3.16702    0.997461 0.000665815
     3.23165    0.997682 0.000703604
     3.29629    0.994757 0.000687129
     3.36092    0.995252 0.000645961
     3.42555    0.992602 0.000567104
     3.49018    0.992334 0.000632341
     3.55482    0.992523 0.000566597
     3.61945    0.991322 0.000596065
     3.68408    0.991483 0.000586538
     3.74872    0.990709 0.000577718
     3.81335    0.990524 0.000539217
     3.87798    0.990122 0.000579186
     3.94262    0.989555 0.000481987
     4.00725    0.989565 0.000520488
     4.07188    0.989055 0.000522926
     4.13651     0.98844 0.000488281
     4.20115    0.988237 0.000499931
     4.26578    0.988516 0.000476048
     4.33041    0.987492 0.000446263
     4.39505    0.987532 0.000471441
     4.45968    0.987565    0.000477
     4.52431    0.987136 0.000490832
     4.58895    0.987194 0.000449756
     4.65358    0.986693 0.000410372
     4.71821      0.9877  0.00039498
     4.78285    0.986412 0.000488293
     4.84748    0.986813  0.00042986
     4.91211    0.986552  0.00037817
     4.97674    0.986563 0.000402524
     5.04138    0.985537 0.000432529
     5.10601    0.985987 0.000384009
     5.17064    0.986857 0.000410194
     5.23528    0.985908 0.000422791
     5.29991     0.98639 0.000378375
     5.36454    0.986193 0.000372514
     5.42918    0.985816 0.000382385
     5.49381      0.9855 0.000346945
     5.55844    0.986071 0.000402632
     5.62307    0.986524 0.000356365
     5.68771    0.985503 0.000369577
     5.75234    0.986329 0.000348348
     5.81697    0.986455 0.000347752
     5.88161    0.985503 0.000321492
     5.94624     0.98615 0.000365295
     6.01087    0.986343 0.000352901
     6.07551    0.985804 0.000326037
     6.14014    0.985913 0.000338097
     6.20477    0.985714 0.000371712
      6.2694    0.985701 0.000354824
     6.33404    0.985445 0.000323461
     6.39867    0.985275 0.000321701
