           1   -0.414821   -0.414821           0
           2   -0.408485   -0.411653  0.00316764
           3   -0.417357   -0.413554  0.00263825
           4   -0.418747   -0.414853   0.0022727
           5   -0.421474   -0.416177  0.00220295
           6   -0.415955    -0.41614  0.00179908
           7   -0.413778   -0.415802  0.00155749
           8   -0.411136   -0.415219  0.00146955
           9   -0.413142   -0.414988   0.0013164
          10   -0.411867   -0.414676  0.00121809
          11    -0.41594   -0.414791  0.00110778
          12   -0.422366   -0.415422  0.00119209
          13   -0.418597   -0.415667  0.00112342
          14   -0.416682   -0.415739  0.00104262
          15    -0.41187   -0.415481  0.00100431
          16   -0.407494   -0.414982  0.00106383
          17   -0.402565   -0.414252  0.00123777
          18   -0.414731   -0.414278  0.00116728
          19   -0.413505   -0.414238  0.00110489
          20   -0.418769   -0.414464   0.0010724
          21   -0.423621     -0.4149  0.00110935
          22   -0.411014   -0.414724  0.00107237
          23   -0.420289   -0.414966  0.00105287
          24   -0.413585   -0.414908  0.00100969
          25   -0.407927   -0.414629  0.00100791
          26   -0.414894   -0.414639 0.000968419
          27   -0.413169   -0.414585 0.000933452
          28   -0.417067   -0.414673 0.000903856
          29    -0.43365   -0.415328  0.00109032
          30   -0.410547   -0.415168  0.00106533
          31   -0.413963   -0.415129  0.00103113
          32   -0.413116   -0.415066  0.00100037
          33   -0.412866      -0.415 0.000971867
          34   -0.415923   -0.415027 0.000943241
          35   -0.422057   -0.415228 0.000937658
          36   -0.404417   -0.414927 0.000959443
          37   -0.408175   -0.414745 0.000950828
          38   -0.420279   -0.414891 0.000936856
          39   -0.418972   -0.414995   0.0009185
          40   -0.409394   -0.414855 0.000906129
          41   -0.414315   -0.414842  0.00088385
          42   -0.410559    -0.41474 0.000868556
          43   -0.417925   -0.414814 0.000851345
          44   -0.412105   -0.414753 0.000834047
          45   -0.413528   -0.414725 0.000815756
          46   -0.415349   -0.414739 0.000797941
          47   -0.418007   -0.414808 0.000783868
          48   -0.412944    -0.41477 0.000768346
          49   -0.406321   -0.414597 0.000772002
          50   -0.417495   -0.414655 0.000758621
          51   -0.409772   -0.414559 0.000749736
          52   -0.417395   -0.414614 0.000737196
          53   -0.410334   -0.414533 0.000727648
          54    -0.41693   -0.414578 0.000715424
          55   -0.417362   -0.414628 0.000704119
          56     -0.4096   -0.414538 0.000697236
          57   -0.413773   -0.414525 0.000685026
          58   -0.410018   -0.414447 0.000677581
          59   -0.409382   -0.414361 0.000671508
          60   -0.415454    -0.41438 0.000660473
          61   -0.412508   -0.414349 0.000650279
          62   -0.415462   -0.414367 0.000639957
          63   -0.416345   -0.414398 0.000630499
          64   -0.415145    -0.41441 0.000620679
          65   -0.416396   -0.414441 0.000611819
          66   -0.416466   -0.414471 0.000603259
          67   -0.424452    -0.41462 0.000612577
          68   -0.417609   -0.414664   0.0006051
          69   -0.409698   -0.414592 0.000600594
          70   -0.415296   -0.414602 0.000592037
          71   -0.419698   -0.414674 0.000588036
          72   -0.413953   -0.414664 0.000579898
          73   -0.406217   -0.414548 0.000583488
          74   -0.420038   -0.414622  0.00058031
          75   -0.414283   -0.414618 0.000572538
          76   -0.413903   -0.414609 0.000565033
          77   -0.410534   -0.414556 0.000560152
          78   -0.414469   -0.414555 0.000552925
          79   -0.416588    -0.41458 0.000546487
          80     -0.4086   -0.414506 0.000544766
          81   -0.412956   -0.414486 0.000538339
          82   -0.405404   -0.414376 0.000543147
          83   -0.412798   -0.414357 0.000536899
          84   -0.416882   -0.414387  0.00053132
          85   -0.413456   -0.414376 0.000525147
          86     -0.4105   -0.414331 0.000520957
          87   -0.419421   -0.414389 0.000518248
          88   -0.416456   -0.414413 0.000512863
          89    -0.41357   -0.414403 0.000507156
          90   -0.415124   -0.414411 0.000501553
          91   -0.407625   -0.414337 0.000501585
          92   -0.418449   -0.414381 0.000498113
          93   -0.416892   -0.414408 0.000493466
          94   -0.407738   -0.414337 0.000493319
          95   -0.415525    -0.41435 0.000488258
          96   -0.417861   -0.414386 0.000484528
          97   -0.415876   -0.414402 0.000479753
          98   -0.420791   -0.414467 0.000479287
          99   -0.417364   -0.414496 0.000475322
         100   -0.409147   -0.414443 0.000473576
         101    -0.41505   -0.414449 0.000468902
         102   -0.420393   -0.414507 0.000467925
         103   -0.422191   -0.414582 0.000469326
         104   -0.412537   -0.414562 0.000465207
         105   -0.413623   -0.414553 0.000460842
         106   -0.418429    -0.41459 0.000457936
         107   -0.420475   -0.414645 0.000456958
         108   -0.417553   -0.414672 0.000453507
         109   -0.416414   -0.414688 0.000449612
         110   -0.418294    -0.41472  0.00044671
         111   -0.413869   -0.414713 0.000442734
         112   -0.412974   -0.414697 0.000439038
         113   -0.415786   -0.414707 0.000435242
         114   -0.415678   -0.414715 0.000431491
         115   -0.422993   -0.414787 0.000433738
         116   -0.407287   -0.414723 0.000434816
         117   -0.412647   -0.414705 0.000431449
         118   -0.413337   -0.414693 0.000427934
         119   -0.408345    -0.41464 0.000427663
         120   -0.411041    -0.41461 0.000425143
         121   -0.410107   -0.414573 0.000423255
         122   -0.418459   -0.414605 0.000420978
         123   -0.417498   -0.414628 0.000418204
         124   -0.414835    -0.41463 0.000414821
         125   -0.414937   -0.414632 0.000411496
         126   -0.416666   -0.414648 0.000408536
         127   -0.413052   -0.414636 0.000405501
         128   -0.416245   -0.414648 0.000402517
         129   -0.418745    -0.41468 0.000400646
         130   -0.404769   -0.414604 0.000404795
         131   -0.415751   -0.414613 0.000401789
         132   -0.409519   -0.414574 0.000400597
         133   -0.415396    -0.41458 0.000397621
         134   -0.422546    -0.41464 0.000399095
         135   -0.416275   -0.414652 0.000396313
         136   -0.413559   -0.414644 0.000393471
         137   -0.417733   -0.414666 0.000391238
         138   -0.410188   -0.414634 0.000389746
         139   -0.413116   -0.414623 0.000387086
         140   -0.405027   -0.414554 0.000390376
         141   -0.413969    -0.41455  0.00038762
         142   -0.413872   -0.414545  0.00038491
         143   -0.416484   -0.414559 0.000382449
         144   -0.417129   -0.414577 0.000380203
         145   -0.410779   -0.414551 0.000378479
         146   -0.410074    -0.41452 0.000377126
         147   -0.418332   -0.414546 0.000375449
         148   -0.420947   -0.414589 0.000375403
         149   -0.413149    -0.41458 0.000373001
         150   -0.416095    -0.41459 0.000370643
         151   -0.414468   -0.414589 0.000368181
         152   -0.412572   -0.414576 0.000365992
         153   -0.412944   -0.414565 0.000363748
         154   -0.414406   -0.414564  0.00036138
         155   -0.415989   -0.414573 0.000359159
         156   -0.415151   -0.414577 0.000356868
         157   -0.413155   -0.414568 0.000354703
         158   -0.413277    -0.41456 0.000352546
         159   -0.416602   -0.414572 0.000350557
         160      -0.402   -0.414494 0.000357111
         161   -0.420701   -0.414532 0.000356974
         162   -0.418911   -0.414559 0.000355792
         163   -0.417173   -0.414575 0.000353965
         164   -0.416899    -0.41459 0.000352086
         165   -0.418822   -0.414615 0.000350884
         166   -0.410353    -0.41459 0.000349708
         167   -0.415769   -0.414597 0.000347679
         168   -0.412963   -0.414587  0.00034574
         169   -0.412032   -0.414572  0.00034402
         170   -0.414038   -0.414569 0.000342005
         171   -0.410349   -0.414544 0.000340893
         172   -0.414265   -0.414542  0.00033891
         173   -0.420373   -0.414576 0.000338626
         174   -0.416668   -0.414588 0.000336889
         175   -0.425741   -0.414652 0.000340968
         176   -0.419721   -0.414681 0.000340246
         177   -0.414153   -0.414678 0.000338332
         178   -0.412699   -0.414666 0.000336609
         179   -0.420356   -0.414698 0.000336229
         180   -0.409897   -0.414672 0.000335418
         181    -0.41565   -0.414677 0.000333603
         182   -0.417635   -0.414693 0.000332163
         183   -0.422511   -0.414736 0.000333094
         184   -0.411078   -0.414716 0.000331874
         185   -0.408546   -0.414683 0.000331756
         186   -0.413647   -0.414677 0.000330015
         187    -0.42186   -0.414716 0.000330485
         188   -0.414348   -0.414714 0.000328728
         189   -0.410258    -0.41469 0.000327833
         190   -0.411638   -0.414674 0.000326498
         191   -0.409411   -0.414646 0.000325951
         192   -0.413987   -0.414643 0.000324267
         193    -0.42073   -0.414675 0.000324121
         194   -0.411835    -0.41466 0.000322778
         195   -0.417388   -0.414674 0.000321423
         196   -0.414296   -0.414672 0.000319785
         197    -0.41198   -0.414658 0.000318451
         198   -0.416934    -0.41467 0.000317047
         199   -0.411096   -0.414652  0.00031596
         200   -0.414091   -0.414649 0.000314389
