0
0.0057565
0.00553829
0.00788848
0.00834898
0.008434
0.00880415
0.00990427
0.010095
0.0106137
0.011982
0.0129053
0.0126271
0.0126322
0.0140363
0.0151959
0.0136072
0.0142513
0.0150419
0.0154767
0.0152287
0.0173003
0.0160827
0.0171584
0.0170939
0.0182205
0.0180097
0.01849
0.0176669
0.0188706
0.018969
0.0201315
0.0195619
0.0212291
0.0211376
0.0217063
0.0220289
0.0224527
0.0227447
0.0228261
0.0227924
0.0232606
0.0234215
0.0243045
0.0240811
0.0245651
0.025036
0.025042
0.0250931
0.0244682
0.0253138
0.0262272
0.025574
0.0265984
0.0269983
0.027268
0.0275454
0.029026
0.0285523
0.0294321
0.0293386
0.0288647
0.0307372
0.0306852
0.029874
0.0297943
0.0307234
0.0302733
0.0304403
0.031153
0.031068
0.0300698
0.0299526
0.0309201
0.0297811
0.0310065
0.0312606
0.0325087
0.0334247
0.0341986
0.0331829
0.0316932
0.0330046
0.0327213
0.0328249
0.0333188
0.033881
0.034649
0.0354871
0.0366346
0.0368881
0.0383457
0.037442
0.0381023
0.0387301
0.0385987
0.0392593
0.0393546
0.0387408
0.0401031
