1
1.0029
1.3921
1.5071
1.8346
1.8817
2.1939
2.2008
2.505
2.4858
2.7774
2.7617
3.029
3.0161
3.2655
3.2571
3.4893
3.4775
3.7132
3.7022
3.9116
3.8985
4.0945
4.0893
4.2704
4.2754
4.4455
4.456
4.6227
4.6223
4.7856
4.7879
4.9359
4.9479
5.0949
5.1131
5.2489
5.2491
5.3795
5.392
5.5211
5.5344
5.674
5.6859
5.8072
5.8118
5.9374
5.9446
6.0597
6.0721
6.1883
6.1979
6.3135
6.3417
6.4532
6.4618
6.5883
6.5979
6.718
6.7305
6.8175
6.8332
6.9505
6.9593
7.0722
7.0743
7.1754
7.1857
7.2775
7.2824
7.3853
7.3978
7.5005
7.5122
7.6024
7.611
7.7101
7.7321
7.8161
7.8252
7.9222
7.9338
8.0192
8.0208
8.1194
8.126
8.2091
8.2088
8.2902
8.3001
8.3845
8.389
8.4815
8.4703
8.5583
8.55
8.6323
8.6339
8.7217
8.7194
