0 0 0
1 -1.62954 1.17169
2 0.454422 0.960254
3 0.282081 0.968503
4 1.7954 0.942485
5 -0.21428 0.959277
6 0.975723 1.0563
7 0.482741 0.864891
8 1.91909 1.15292
9 0.143085 1.12119
10 -1.02955 0.915441
11 -0.266388 1.12107
12 -0.664193 1.26663
13 -2.07543 1.04162
14 -1.35328 1.21204
15 -0.405939 1.27159
16 2.06365 0.904327
17 -0.288464 1.07108
18 -0.0852654 0.953662
19 -0.108028 1.20345
20 -0.631277 1.3368
21 -0.919802 0.856171
22 0.079933 1.14349
23 0.750453 0.8087
24 0.991399 0.947896
25 -1.09175 0.996156
26 0.226816 0.984645
27 0.487406 0.89761
28 -1.18828 0.963477
29 0.478909 1.17461
30 0.164103 1.29293
31 0.921855 1.06939
32 -0.438295 0.954443
33 0.588179 1.32444
34 0.923393 0.958073
35 0.503743 1.17687
36 -0.446129 1.09615
37 0.743509 0.90771
38 0.815177 1.00902
39 -0.203172 1.03801
40 -0.136351 0.884721
41 0.720158 0.892296
42 1.10156 1.38168
43 -0.627078 0.966122
44 -1.40611 0.863949
45 -0.639062 1.07741
46 0.948197 0.915571
47 -0.0151156 1.22429
48 1.20322 0.948642
49 -0.709971 1.27976
50 -0.48778 0.947973
51 -0.782202 1.0228
52 -0.0029611 1.01806
53 -0.506698 1.35849
54 -1.3736 0.755143
55 -2.27075 1.17128
56 0.448503 0.929826
57 -0.313316 1.30886
58 -0.491576 1.14442
59 1.81665 0.883097
60 0.478433 0.775895
61 1.51986 0.913963
62 0.625868 1.06663
63 -0.58286 0.776175
64 -0.235019 0.744601
65 1.1594 0.908634
66 -1.90493 0.795445
67 0.551983 1.29739
68 0.612105 1.02525
69 0.040155 1.03352
70 -0.65298 0.893065
71 -0.0303728 1.31163
72 1.56702 0.758532
73 1.42402 1.10787
74 0.907459 0.92866
75 3.90835 0.870702
76 2.16608 0.945597
77 1.20292 0.934537
78 -0.091827 0.807197
79 0.209231 1.05568
80 1.87035 1.54393
81 0.209602 1.14063
82 0.414908 1.1482
83 0.381009 1.26913
84 1.35273 0.834213
85 0.679123 0.95174
86 -1.80029 0.765499
87 2.21027 1.05996
88 -0.143144 0.838329
89 -0.291523 1.17486
90 -0.19379 0.921476
91 -1.03858 0.868651
92 -0.0151671 0.692559
93 -1.03454 1.16431
94 1.60358 0.926068
95 -0.440209 1.14667
96 0.737283 1.17051
97 0.850915 1.04852
98 2.57829 0.849738
99 -1.85302 0.895967
100 1.90302 1.14912
101 1.15088 1.07487
102 -1.0514 1.23778
103 0.263173 0.798927
104 0.101535 0.820424
105 -0.315637 1.22773
106 0.588543 1.12444
107 0.563743 1.00184
108 0.362635 0.962028
109 0.0778901 0.809361
110 -1.35444 1.36851
111 -2.02229 0.838349
112 -0.979767 0.994264
113 0.249954 0.879182
114 1.64662 1.06592
115 -1.31605 1.17969
116 0.178351 0.710091
117 -0.391551 1.02705
118 -0.00897496 1.15723
119 1.9404 1.1466
120 -1.53833 1.07016
121 -0.857801 1.06862
122 0.706892 1.15635
123 2.24567 1.21622
124 0.114344 0.968405
125 0.294258 0.987399
126 0.805147 1.09815
127 0.0129363 1.06583
128 1.05715 1.41309
129 -0.682678 1.12946
130 1.31226 1.11555
131 0.68234 0.829712
132 1.48165 1.24989
133 0.729449 0.884319
134 1.17913 0.882812
135 2.31586 0.985072
136 1.09574 0.982253
137 1.05784 1.08209
138 0.436693 0.915433
139 0.37416 1.08761
140 -1.2327 1.09503
141 0.0676836 0.955416
142 0.45965 1.19767
143 0.781405 1.15523
144 0.54412 1.01556
145 2.10585 0.660201
146 0.897221 1.28035
147 1.49254 1.18468
148 0.856205 1.16062
149 -0.204104 1.21971
150 1.48925 0.854601
151 -1.97945 1.03793
152 -0.654629 1.24454
153 -0.650699 0.668078
154 -1.15313 0.978445
155 -0.106831 1.43174
156 1.75763 0.965533
157 -0.131508 0.97464
158 0.69511 1.19936
159 0.658876 0.874945
160 -0.082977 0.78382
161 -0.198752 1.23659
162 0.139116 1.05461
163 -0.228994 0.982398
164 1.08572 1.01967
165 -0.549492 0.839541
166 1.82967 0.98193
167 2.16493 1.16131
168 -2.40611 1.04123
169 0.164732 1.18274
170 0.779522 0.736412
171 -0.00756049 0.780547
172 -0.823043 1.0945
173 -1.33996 0.825943
174 -1.52314 0.95326
175 -0.10678 1.21159
176 1.25303 1.18151
177 -0.0728284 1.02105
178 -0.604185 1.1753
179 2.51829 0.968942
180 0.691475 0.957186
181 0.161079 1.19631
182 1.89285 0.89067
183 -1.36299 1.07202
184 0.197924 0.897565
185 0.918858 0.882756
186 0.637523 0.809822
187 -2.25676 1.0562
188 0.227341 1.0041
189 -1.52975 0.958438
190 -0.980492 0.938146
191 -0.0634492 1.11066
192 -2.56379 1.00973
193 1.46206 1.05017
194 -1.68801 0.994703
195 -0.0649463 1.00747
196 -0.254685 0.839719
197 -0.697879 1.40717
198 -0.529102 1.11915
199 -0.0746645 0.825491
200 -0.539736 1.28916
201 -0.516612 1.10177
202 0.320542 1.15246
203 -1.24517 0.950621
204 2.11099 0.862279
205 -0.481131 1.63006
206 -0.549997 1.04996
207 -0.382623 0.926344
208 -0.629331 0.949229
209 0.421055 0.940045
210 0.720069 1.09551
211 -1.33714 0.78582
212 0.660506 0.876387
213 -0.720435 0.884424
214 0.847631 1.376
215 -0.384338 1.19203
216 2.79084 1.1971
217 0.184966 1.25877
218 0.930233 0.97023
219 -0.142673 1.18432
220 0.553479 0.807156
221 0.447477 0.848296
222 1.08684 1.14617
223 -0.120411 0.856165
224 0.990971 0.943262
225 0.400319 1.19447
226 0.879745 0.955483
227 -0.592303 1.30597
228 -0.501846 1.32802
229 1.02847 1.17507
230 -0.66403 0.9252
231 1.16846 0.710487
232 2.05005 0.912903
233 1.36982 0.914883
234 1.43044 1.06774
235 -0.21262 0.890172
236 0.0853 1.10388
237 -0.430224 0.927229
238 -0.649071 0.961422
239 0.685486 1.0055
240 1.6125 0.748292
241 -0.173465 1.09435
242 -0.276992 0.849911
243 -1.85948 1.08274
244 1.94218 1.03349
245 1.31481 1.01842
246 -0.0212815 1.33042
247 -0.872615 0.89647
248 0.10658 0.92578
249 0.351813 0.851059
250 0.80872 1.12017
251 -0.998051 1.10325
252 1.50519 1.0995
253 1.6029 1.3837
254 0.147469 1.13551
255 -0.924077 0.869065
256 0.671964 1.00542
257 -0.0206499 0.921153
258 -0.365454 0.925514
259 1.93548 1.04333
260 -0.343042 0.921384
261 -1.06613 1.10613
262 0.441989 0.802038
263 -0.320708 1.03404
264 0.141837 1.24613
265 0.8818 1.00597
266 -1.36254 1.09168
267 0.224906 0.911338
268 -0.71596 1.09624
269 -0.0879526 1.1096
270 1.60049 1.2953
271 -0.472545 0.96826
272 0.356534 0.901683
273 0.9195 0.887652
274 -0.670947 1.11479
275 0.886267 1.00138
276 1.20108 0.871829
277 -1.33913 1.21868
278 -0.866923 0.873029
279 -0.288684 0.859662
280 1.16113 1.19832
281 1.10012 1.00133
282 0.13536 1.18183
283 -1.27339 1.22177
284 0.516744 1.14199
285 2.27073 1.02816
286 1.28609 1.20627
287 -1.20285 1.04062
288 -1.23691 0.990058
289 1.44346 1.3471
290 0.87894 1.14131
291 0.955138 1.40687
292 0.0210974 1.42587
293 -0.0992576 1.25794
294 1.31645 1.05048
295 0.140694 1.27373
296 1.00731 1.21472
297 -0.698104 1.51078
298 0.414322 1.10448
299 0 0
