0 -0.766386 0.00353141
1 -0.766935 0.00354516
2 -0.76898 0.00355037
3 -0.768948 0.00358939
4 -0.769168 0.00369113
5 -0.769086 0.00366553
6 -0.770167 0.00381473
7 -0.771709 0.00394535
8 -0.772428 0.00382619
9 -0.772941 0.00360142
10 -0.773746 0.00336573
11 -0.77414 0.00323636
12 -0.775157 0.00322073
13 -0.774933 0.00316747
14 -0.77504 0.00326226
15 -0.775209 0.00311022
16 -0.775639 0.00304306
17 -0.775051 0.00295575
18 -0.774151 0.00289934
19 -0.774576 0.00286267
20 -0.775476 0.00277646
21 -0.775207 0.00282218
22 -0.774859 0.00271592
23 -0.775586 0.00274407
24 -0.775146 0.00272153
25 -0.774787 0.0027079
26 -0.775456 0.00286415
27 -0.775411 0.00295614
28 -0.775571 0.00284625
29 -0.7757 0.00287148
30 -0.775787 0.0027519
31 -0.775833 0.00286156
32 -0.776364 0.00302036
33 -0.776194 0.00311203
34 -0.776435 0.00327141
35 -0.776861 0.00324291
36 -0.776593 0.00313251
37 -0.776483 0.00331736
38 -0.777045 0.0032802
39 -0.776354 0.0032515
40 -0.776055 0.00324081
41 -0.776315 0.003188
42 -0.776429 0.00310889
43 -0.777 0.0028975
44 -0.777056 0.00281424
45 -0.775857 0.00283076
46 -0.775725 0.00295792
47 -0.776115 0.00287956
48 -0.775982 0.00278727
49 -0.776194 0.00291201
50 -0.776228 0.00280195
51 -0.775932 0.00270758
52 -0.775956 0.00268866
53 -0.775439 0.00289563
54 -0.775932 0.00297181
55 -0.776627 0.00300721
56 -0.776555 0.0030924
57 -0.77646 0.00335024
58 -0.777096 0.00339413
59 -0.777041 0.00340054
60 -0.776955 0.00349483
61 -0.776608 0.00351734
62 -0.777648 0.00344861
63 -0.778087 0.00326023
64 -0.778214 0.00344506
65 -0.778445 0.00335658
66 -0.777586 0.00335537
67 -0.778753 0.00326326
68 -0.779582 0.00338667
69 -0.779485 0.00330167
70 -0.779742 0.00327497
71 -0.780433 0.0033729
72 -0.78076 0.0034928
73 -0.780474 0.00347016
74 -0.780735 0.00362405
75 -0.78008 0.00356618
76 -0.779259 0.00364095
77 -0.779136 0.00360383
78 -0.778876 0.00350484
79 -0.778951 0.0034633
80 -0.777845 0.00347302
81 -0.778668 0.00333922
82 -0.778485 0.00316249
83 -0.777849 0.0033643
84 -0.777599 0.00336161
85 -0.778052 0.00354686
86 -0.777731 0.00352773
87 -0.778355 0.00355131
88 -0.778779 0.00348773
89 -0.777994 0.00338938
90 -0.777154 0.00340434
91 -0.776377 0.00321215
92 -0.776165 0.00323467
93 -0.776652 0.00312651
94 -0.776797 0.00302992
95 -0.776582 0.0029459
96 -0.775714 0.00307985
97 -0.775798 0.00338927
98 -0.775856 0.00334198
99 -0.775766 0.00332884
100 -0.776287 0.0033025
101 -0.776534 0.00337534
102 -0.77647 0.00326337
103 -0.77681 0.00307852
104 -0.776683 0.00294357
105 -0.77714 0.0028991
106 -0.777377 0.00290974
107 -0.777132 0.00290657
108 -0.777523 0.00291298
109 -0.777587 0.00291833
110 -0.778062 0.00304942
111 -0.777889 0.00308221
112 -0.777449 0.00311109
113 -0.7769 0.00291705
114 -0.777466 0.00292596
115 -0.777285 0.00269629
116 -0.777467 0.00268464
117 -0.777495 0.00278935
118 -0.778368 0.00297558
119 -0.779962 0.0030421
120 -0.780421 0.00325333
121 -0.780505 0.00316357
122 -0.780952 0.00322291
123 -0.780883 0.003132
124 -0.781458 0.00296114
125 -0.782004 0.00299
126 -0.781795 0.00298183
127 -0.78155 0.00298862
128 -0.781747 0.00287578
129 -0.782572 0.00281176
130 -0.782584 0.00297247
131 -0.781883 0.00298518
132 -0.781728 0.00278719
133 -0.780871 0.00281379
134 -0.780433 0.00276013
135 -0.779877 0.00286551
136 -0.780351 0.00282644
137 -0.780682 0.00281124
138 -0.780419 0.0029869
139 -0.779929 0.00294863
140 -0.779686 0.00278082
141 -0.778451 0.00259773
142 -0.779085 0.00272183
143 -0.779746 0.00284166
144 -0.780517 0.00267875
145 -0.78056 0.00249901
146 -0.780302 0.00258346
147 -0.780447 0.0023979
148 -0.780768 0.00247415
149 -0.780943 0.00267995
150 -0.78084 0.00262345
151 -0.782013 0.00261276
152 -0.782056 0.00251427
153 -0.781831 0.00267267
154 -0.781365 0.00277704
155 -0.780956 0.00283398
156 -0.78098 0.00273087
157 -0.78054 0.0026754
158 -0.779881 0.00271058
159 -0.779355 0.0030427
160 -0.779945 0.00301889
161 -0.780012 0.0032078
162 -0.779836 0.00328335
163 -0.7806 0.00326019
164 -0.780304 0.00317772
165 -0.77984 0.00324375
166 -0.779358 0.00319332
167 -0.77912 0.00338963
168 -0.778679 0.00343513
169 -0.778709 0.00342507
170 -0.77928 0.00342311
171 -0.778461 0.00341356
172 -0.778064 0.00344157
173 -0.778573 0.00326991
174 -0.779107 0.00322456
175 -0.779707 0.00326853
176 -0.778605 0.00324444
177 -0.779092 0.0032952
178 -0.77871 0.00340774
179 -0.778047 0.00352868
180 -0.778367 0.00345389
181 -0.778896 0.00347163
182 -0.778252 0.00352949
183 -0.776566 0.00346714
184 -0.77677 0.00337794
185 -0.777171 0.00336516
186 -0.777857 0.00339085
187 -0.778094 0.00323656
188 -0.778689 0.00300751
189 -0.778956 0.00305539
190 -0.778754 0.00297001
191 -0.77887 0.00287394
192 -0.779049 0.00286573
193 -0.779749 0.00292147
194 -0.779535 0.00291665
195 -0.779348 0.00286913
196 -0.779726 0.00267167
197 -0.779426 0.00271065
198 -0.779477 0.0023968
199 -0.778387 0.00229574
200 -0.778928 0.00219637
201 -0.778456 0.00217489
202 -0.778544 0.0021534
203 -0.778096 0.00201574
204 -0.778081 0.00201739
205 -0.777201 0.00225088
206 -0.776434 0.00211922
207 -0.776582 0.00201591
208 -0.776299 0.00224121
209 -0.775588 0.00232102
210 -0.775887 0.00237887
211 -0.776777 0.00250999
212 -0.775811 0.00245687
213 -0.77543 0.00250846
214 -0.775204 0.00279583
215 -0.774945 0.0027816
216 -0.774272 0.00277538
217 -0.774599 0.00269438
218 -0.774608 0.00277377
219 -0.775073 0.00279317
220 -0.775259 0.00300109
221 -0.775057 0.00287559
222 -0.775646 0.00271857
223 -0.776122 0.00260538
224 -0.775082 0.00241272
225 -0.77418 0.00236731
226 -0.774294 0.00224097
227 -0.773912 0.00228387
228 -0.773448 0.0023462
229 -0.773615 0.00217854
230 -0.773343 0.00218086
231 -0.772449 0.00226698
232 -0.772657 0.00221386
233 -0.772364 0.00220887
234 -0.773053 0.00234945
235 -0.773056 0.0023772
236 -0.773054 0.00233799
237 -0.772593 0.00221054
238 -0.772283 0.00212858
239 -0.772586 0.00199637
240 -0.772762 0.00187667
241 -0.7727 0.00193057
242 -0.773246 0.00203016
243 -0.772592 0.00215233
244 -0.772958 0.00232978
245 -0.772306 0.00233221
246 -0.77155 0.00217074
247 -0.771756 0.00212779
248 -0.771554 0.00210839
249 -0.771267 0.00220215
250 -0.770538 0.00207675
251 -0.770737 0.0021972
252 -0.770179 0.00223115
253 -0.770703 0.00218369
254 -0.770872 0.00202197
255 -0.7708 0.00193439
256 -0.77095 0.00194732
257 -0.770869 0.00183388
258 -0.770692 0.00185178
259 -0.771402 0.00195427
260 -0.771634 0.00200127
261 -0.771146 0.00201473
262 -0.771038 0.00188264
263 -0.771294 0.00198921
264 -0.771126 0.00205244
265 -0.771385 0.00195156
266 -0.771127 0.00193367
267 -0.771674 0.00204832
268 -0.771515 0.00222699
269 -0.770644 0.00256333
270 -0.769896 0.00265678
271 -0.770176 0.00282523
272 -0.770093 0.00275576
273 -0.770711 0.00255363
274 -0.769444 0.00262226
275 -0.76865 0.00263731
276 -0.767259 0.00247261
277 -0.76756 0.00240374
278 -0.767319 0.00219872
279 -0.767824 0.00226315
280 -0.767472 0.00244079
281 -0.767067 0.00256061
282 -0.767689 0.00243858
283 -0.76791 0.00248834
284 -0.767971 0.00269328
285 -0.768386 0.00251851
286 -0.768025 0.00255412
287 -0.768813 0.00264847
288 -0.769063 0.00246345
289 -0.769501 0.00257343
290 -0.769082 0.00266155
291 -0.767345 0.00257738
292 -0.767439 0.00265234
293 -0.766782 0.00246502
294 -0.76706 0.00222907
295 -0.767092 0.00227729
296 -0.767274 0.00226715
297 -0.767095 0.00208581
298 -0.767463 0.00191998
299 -0.76793 0.00186304
