0 -0.786703 0.00394436
1 -0.78548 0.00391846
2 -0.7855 0.00403342
3 -0.783412 0.00372291
4 -0.78368 0.00325688
5 -0.786113 0.00310075
6 -0.785358 0.0027601
7 -0.784029 0.00371427
8 -0.786163 0.00441987
9 -0.785046 0.00480493
10 -0.782725 0.00585377
11 -0.784429 0.00527558
12 -0.78187 0.00512057
13 -0.778324 0.00521014
14 -0.781583 0.00484418
15 -0.779526 0.00466944
16 -0.781096 0.00439837
17 -0.783635 0.0051401
18 -0.78006 0.00559889
19 -0.779211 0.00418675
20 -0.779209 0.00476963
21 -0.782703 0.00405881
22 -0.783546 0.00402358
23 -0.783476 0.004552
24 -0.777006 0.00451389
25 -0.776254 0.00462611
26 -0.775574 0.00446406
27 -0.778692 0.00404131
28 -0.779741 0.00305489
29 -0.778242 0.0034604
30 -0.78103 0.00331836
31 -0.780552 0.0030582
32 -0.777119 0.00297301
33 -0.778158 0.00324382
34 -0.778222 0.00348183
35 -0.7776 0.00345347
36 -0.776164 0.00400082
37 -0.778868 0.00276236
38 -0.779543 0.00279151
39 -0.782632 0.00261699
40 -0.782905 0.00347484
41 -0.784852 0.00369722
42 -0.783722 0.00429107
43 -0.784906 0.00419285
44 -0.782952 0.00477532
45 -0.781767 0.00506855
46 -0.782294 0.00548659
47 -0.783612 0.00460335
48 -0.783363 0.00391856
49 -0.782857 0.00398917
50 -0.78089 0.00432688
51 -0.782168 0.00323444
52 -0.781545 0.00295854
53 -0.779894 0.00247777
54 -0.776201 0.00245956
55 -0.781731 0.0023119
56 -0.782285 0.00291398
57 -0.781771 0.00243067
58 -0.784551 0.00254828
59 -0.785307 0.0028001
60 -0.788318 0.00302908
61 -0.78841 0.00308887
62 -0.786941 0.00332107
63 -0.783135 0.00335125
64 -0.783041 0.00288266
65 -0.780968 0.0030782
66 -0.77901 0.00345523
67 -0.781426 0.00313152
68 -0.778419 0.00348354
69 -0.781799 0.00396814
70 -0.784641 0.00386975
71 -0.783301 0.004034
72 -0.785116 0.00432962
73 -0.783396 0.00393631
74 -0.779146 0.00420741
75 -0.776273 0.00430099
76 -0.774703 0.00385675
77 -0.775966 0.00403921
78 -0.773149 0.00385193
79 -0.77559 0.00447951
80 -0.776526 0.00320744
81 -0.777954 0.00328838
82 -0.778475 0.00268797
83 -0.78033 0.00274954
84 -0.780324 0.00404673
85 -0.778264 0.00406701
86 -0.780072 0.00417191
87 -0.777729 0.00466061
88 -0.781663 0.00480334
89 -0.781207 0.00483308
90 -0.785479 0.00376101
91 -0.787618 0.00376363
92 -0.785029 0.00322101
93 -0.784293 0.00327806
94 -0.782831 0.0033283
95 -0.782882 0.00350933
96 -0.777958 0.00308959
97 -0.779243 0.00307909
98 -0.779954 0.00344862
99 -0.779933 0.00348606
100 -0.784977 0.00358179
101 -0.781415 0.00331338
102 -0.780789 0.00336146
103 -0.781844 0.00269951
104 -0.779843 0.00310926
105 -0.780376 0.00347943
106 -0.783704 0.00344865
107 -0.781473 0.00360027
108 -0.781599 0.0033081
109 -0.780059 0.00320505
110 -0.781351 0.00319227
111 -0.782018 0.00310035
112 -0.780409 0.00294778
113 -0.78141 0.00324507
114 -0.780401 0.00344359
115 -0.779798 0.00353444
116 -0.7815 0.00390703
117 -0.779669 0.00397617
118 -0.780357 0.00368574
119 -0.780567 0.0033696
120 -0.779148 0.00336642
121 -0.781663 0.00337856
122 -0.78281 0.00315144
123 -0.783308 0.00286718
124 -0.784836 0.0027136
125 -0.782183 0.00272524
126 -0.782927 0.0026864
127 -0.779922 0.00268974
128 -0.780649 0.00332949
129 -0.781003 0.00303486
130 -0.781193 0.00291683
131 -0.781557 0.00342358
132 -0.782178 0.00329863
133 -0.783131 0.00315366
134 -0.781274 0.00292503
135 -0.781064 0.00312193
136 -0.782047 0.00329985
137 -0.783725 0.0033306
138 -0.7823 0.00306148
139 -0.783058 0.00289671
140 -0.781504 0.00280208
141 -0.779955 0.0021209
142 -0.776478 0.00266653
143 -0.778172 0.0025563
144 -0.778137 0.00225036
145 -0.778556 0.00267662
146 -0.778618 0.00230915
147 -0.780409 0.00311335
148 -0.780218 0.00285714
149 -0.778614 0.00295566
150 -0.778359 0.00353759
151 -0.777496 0.00299739
152 -0.779606 0.00315455
153 -0.78117 0.00301766
154 -0.779 0.00349579
155 -0.781099 0.00324783
156 -0.780836 0.00327032
157 -0.779469 0.00255445
158 -0.781011 0.00304931
159 -0.779914 0.0033897
160 -0.779883 0.00347802
161 -0.77522 0.00378003
162 -0.778957 0.00348763
163 -0.776162 0.00294601
164 -0.774171 0.00245142
165 -0.775074 0.00338739
166 -0.780975 0.00388185
167 -0.782157 0.00350058
168 -0.781391 0.00389809
169 -0.781879 0.00371458
170 -0.781584 0.00294813
171 -0.783091 0.00261559
172 -0.787317 0.00297965
173 -0.785623 0.00330587
174 -0.781537 0.00308594
175 -0.780176 0.003269
176 -0.78234 0.00287686
177 -0.780607 0.00280053
178 -0.77878 0.00319551
179 -0.782847 0.00332276
180 -0.781182 0.00346334
181 -0.782374 0.00356084
182 -0.779857 0.00422768
183 -0.780762 0.00413231
184 -0.783482 0.00349808
185 -0.781635 0.00287632
186 -0.782531 0.00359912
187 -0.779182 0.00287956
188 -0.779246 0.00324709
189 -0.774882 0.00330329
190 -0.776587 0.00437369
191 -0.777494 0.00466522
192 -0.777222 0.00438014
193 -0.779161 0.00409221
194 -0.778643 0.00424074
195 -0.782051 0.00421412
196 -0.779944 0.00421716
197 -0.78068 0.00404993
198 -0.780291 0.00379919
199 -0.782459 0.00271729
200 -0.781256 0.00253438
201 -0.782633 0.0027821
202 -0.783031 0.00284253
203 -0.783371 0.00322033
204 -0.781825 0.00370867
205 -0.780896 0.00358213
206 -0.77956 0.00376203
207 -0.780283 0.00411436
208 -0.779388 0.00449206
209 -0.781136 0.00418161
210 -0.780112 0.00419249
211 -0.779638 0.00564306
212 -0.777932 0.00488717
213 -0.779242 0.00368981
214 -0.779676 0.00404732
215 -0.774919 0.00397993
216 -0.775655 0.00321866
217 -0.779744 0.00360665
218 -0.780784 0.00330203
219 -0.783064 0.00368767
220 -0.785501 0.00407376
221 -0.785016 0.00405343
222 -0.784176 0.00445766
223 -0.781191 0.00285454
224 -0.780241 0.00313539
225 -0.776475 0.00291744
226 -0.778166 0.00298904
227 -0.77627 0.00339022
228 -0.774882 0.00385139
229 -0.773703 0.00419325
230 -0.774169 0.00393832
231 -0.772336 0.00364745
232 -0.773634 0.00412148
233 -0.778075 0.0038749
234 -0.775594 0.00386159
235 -0.775596 0.00290947
236 -0.773636 0.00314783
237 -0.775164 0.0034937
238 -0.776224 0.00331259
239 -0.776397 0.00382795
240 -0.778372 0.00399127
241 -0.777216 0.00407752
242 -0.777207 0.00492761
243 -0.780447 0.00404082
244 -0.781689 0.00358693
245 -0.780972 0.00359864
246 -0.776796 0.00302942
247 -0.778363 0.00348601
248 -0.775315 0.00293774
249 -0.777985 0.00390401
250 -0.778539 0.00292052
251 -0.778412 0.00336464
252 -0.777432 0.00349254
253 -0.779593 0.00377237
254 -0.78031 0.00288916
255 -0.781216 0.00300914
256 -0.778515 0.00275995
257 -0.780909 0.00388902
258 -0.784123 0.00370065
259 -0.782352 0.00326613
260 -0.781871 0.00272753
261 -0.774186 0.00266287
262 -0.77557 0.00277602
263 -0.777122 0.00251456
264 -0.777762 0.00276182
265 -0.775958 0.00308695
266 -0.780255 0.00322545
267 -0.78097 0.00348931
268 -0.779385 0.00319978
269 -0.775637 0.00385488
270 -0.776719 0.00323385
271 -0.778861 0.00362243
272 -0.778497 0.00376188
273 -0.779496 0.00345161
274 -0.781008 0.00332945
275 -0.782066 0.00321786
276 -0.781993 0.00355156
277 -0.780563 0.00377373
278 -0.780571 0.00439453
279 -0.78158 0.00400498
280 -0.780573 0.00452865
281 -0.779367 0.00507756
282 -0.782599 0.00609248
283 -0.780719 0.00490244
284 -0.783479 0.00468051
285 -0.78374 0.00488245
286 -0.78463 0.00500593
287 -0.784405 0.0049115
288 -0.780368 0.00491195
289 -0.779294 0.00509761
290 -0.780692 0.00363035
291 -0.779367 0.00351676
292 -0.782274 0.00395851
293 -0.782856 0.00409142
294 -0.785815 0.00421233
295 -0.788692 0.00349967
296 -0.784108 0.00359889
297 -0.783745 0.00400922
298 -0.784861 0.00397396
299 -0.788726 0.00361463
