-9.975 0 0
-9.925 0 0
-9.875 0 0
-9.825 0 0
-9.775 0 0
-9.725 0 0
-9.675 0 0
-9.625 0 0
-9.575 0 0
-9.525 0 0
-9.475 0 0
-9.425 0 0
-9.375 0 0
-9.325 0 0
-9.275 0 0
-9.225 0 0
-9.175 0 0
-9.125 0 0
-9.075 0 0
-9.025 0 0
-8.975 0 0
-8.925 0 0
-8.875 0 0
-8.825 0 0
-8.775 0 0
-8.725 0 0
-8.675 0 0
-8.625 0 0
-8.575 0 0
-8.525 0 0
-8.475 0 0
-8.425 0 0
-8.375 0 0
-8.325 0 0
-8.275 0 0
-8.225 0 0
-8.175 0 0
-8.125 0 0
-8.075 0 0
-8.025 0 0
-7.975 0 0
-7.925 0 0
-7.875 0 0
-7.825 0 0
-7.775 0 0
-7.725 0 0
-7.675 0 0
-7.625 0 0
-7.575 0 0
-7.525 0 0
-7.475 0 0
-7.425 0 0
-7.375 0 0
-7.325 0 0
-7.275 0 0
-7.225 0 0
-7.175 0 0
-7.125 0 0
-7.075 0 0
-7.025 0 0
-6.975 0 0
-6.925 0 0
-6.875 0 0
-6.825 0 0
-6.775 0 0
-6.725 0 0
-6.675 0 0
-6.625 0 0
-6.575 0 0
-6.525 0 0
-6.475 0 0
-6.425 0 0
-6.375 0 0
-6.325 0 0
-6.275 0 0
-6.225 0 0
-6.175 0 0
-6.125 0 0
-6.075 0 0
-6.025 0 0
-5.975 0 0
-5.925 0 0
-5.875 0 0
-5.825 0 0
-5.775 0 0
-5.725 0 0
-5.675 0 0
-5.625 0 0
-5.575 0 0
-5.525 0 0
-5.475 0 0
-5.425 0 0
-5.375 0 0
-5.325 0 0
-5.275 0 0
-5.225 0 0
-5.175 0 0
-5.125 0 0
-5.075 0 0
-5.025 0 0
-4.975 0 0
-4.925 0 0
-4.875 0 0
-4.825 0 0
-4.775 0 0
-4.725 0 0
-4.675 0 0
-4.625 0 0
-4.575 0 0
-4.525 0 0
-4.475 0 0
-4.425 0 0
-4.375 0 0
-4.325 0 0
-4.275 0 0
-4.225 0 0
-4.175 0 0
-4.125 0 0
-4.075 0 0
-4.025 0 0
-3.975 0 0
-3.925 0 0
-3.875 0 0
-3.825 0 0
-3.775 0 0
-3.725 0 0
-3.675 0 0
-3.625 0 0
-3.575 0 0
-3.525 0 0
-3.475 8.62069e-06 8.40241e-06
-3.425 8.62069e-06 8.40241e-06
-3.375 5.17241e-05 5.04145e-05
-3.325 0.00012069 0.000117634
-3.275 5.17241e-05 5.04145e-05
-3.225 2.58621e-05 1.37661e-05
-3.175 0.000103448 7.0458e-05
-3.125 0.000189655 8.34917e-05
-3.075 0.000525862 0.00017896
-3.025 0.000698276 0.000188663
-2.975 0.00121552 0.000303437
-2.925 0.0017069 0.000409805
-2.875 0.00258621 0.000579962
-2.825 0.00410345 0.000748125
-2.775 0.00526724 0.000873159
-2.725 0.00681897 0.000848293
-2.675 0.00859483 0.000769444
-2.625 0.0111466 0.000883213
-2.575 0.013819 0.00116327
-2.525 0.0179569 0.00139853
-2.475 0.0231552 0.00150194
-2.425 0.0299569 0.00157374
-2.375 0.0385948 0.00187853
-2.325 0.0467759 0.0022582
-2.275 0.0583966 0.00237181
-2.225 0.0706207 0.00231973
-2.175 0.0823534 0.00246351
-2.125 0.0941983 0.00278613
-2.075 0.106793 0.00315841
-2.025 0.117112 0.00320694
-1.975 0.134267 0.00362255
-1.925 0.14444 0.0037807
-1.875 0.160793 0.00300719
-1.825 0.176466 0.00296798
-1.775 0.18844 0.00290438
-1.725 0.199353 0.00273799
-1.675 0.207345 0.00295931
-1.625 0.220155 0.00420599
-1.575 0.230017 0.0044016
-1.525 0.237888 0.00464685
-1.475 0.244974 0.00422136
-1.425 0.254345 0.00363512
-1.375 0.257448 0.00415604
-1.325 0.26325 0.00437607
-1.275 0.264707 0.00534134
-1.225 0.267853 0.00397202
-1.175 0.268405 0.00443222
-1.125 0.268767 0.00439681
-1.075 0.274707 0.00443571
-1.025 0.27406 0.00378448
-0.975 0.26369 0.00322942
-0.925 0.260819 0.00396615
-0.875 0.254233 0.00465223
-0.825 0.257371 0.0043444
-0.775 0.252733 0.00404628
-0.725 0.247405 0.00393172
-0.675 0.244052 0.00298392
-0.625 0.240759 0.0031151
-0.575 0.234121 0.0032517
-0.525 0.234578 0.00370042
-0.475 0.235422 0.00388598
-0.425 0.237336 0.00349597
-0.375 0.232724 0.00393788
-0.325 0.237698 0.00324338
-0.275 0.242181 0.00333867
-0.225 0.239241 0.00285657
-0.175 0.235638 0.00305246
-0.125 0.231422 0.00319021
-0.075 0.231095 0.00364067
-0.025 0.22744 0.00327119
0.025 0.224897 0.00321967
0.075 0.220741 0.00323077
0.125 0.222371 0.0035221
0.175 0.225966 0.00429699
0.225 0.231698 0.0044403
0.275 0.233284 0.0041411
0.325 0.231672 0.00383992
0.375 0.236069 0.00351425
0.425 0.235474 0.00347767
0.475 0.234595 0.00355414
0.525 0.237267 0.00365485
0.575 0.235112 0.00298107
0.625 0.23481 0.00252113
0.675 0.237422 0.00231486
0.725 0.247379 0.00303658
0.775 0.249828 0.00360196
0.825 0.245853 0.00359832
0.875 0.248784 0.00359094
0.925 0.254621 0.00442982
0.975 0.259069 0.00478022
1.025 0.257707 0.00433829
1.075 0.260414 0.00336939
1.125 0.260198 0.00326337
1.175 0.258121 0.00355369
1.225 0.259543 0.00397539
1.275 0.254129 0.00362292
1.325 0.246147 0.00326617
1.375 0.247155 0.00301981
1.425 0.242931 0.00377289
1.475 0.236621 0.00376943
1.525 0.230034 0.00403149
1.575 0.222888 0.00405914
1.625 0.211655 0.00299609
1.675 0.20456 0.00304813
1.725 0.1915 0.00339555
1.775 0.183112 0.00307536
1.825 0.173112 0.00310552
1.875 0.160095 0.00350232
1.925 0.144267 0.00345675
1.975 0.133888 0.00373761
2.025 0.121681 0.00376295
2.075 0.108362 0.00319162
2.125 0.0933879 0.00327448
2.175 0.0828017 0.00309474
2.225 0.0698966 0.00307539
2.275 0.0584138 0.00276458
2.325 0.0491034 0.00249573
2.375 0.039819 0.00202465
2.425 0.0335259 0.00185076
2.475 0.0265 0.00181076
2.525 0.0204655 0.00119626
2.575 0.0151121 0.00105301
2.625 0.0108534 0.00102709
2.675 0.00741379 0.000735441
2.725 0.00562069 0.000750782
2.775 0.00407759 0.000624185
2.825 0.00284483 0.000523738
2.875 0.00165517 0.000363993
2.925 0.00106897 0.000245833
2.975 0.00062069 0.000177678
3.025 0.000258621 0.000103088
3.075 0.00037069 0.000182984
3.125 0.000198276 0.000108549
3.175 0.000155172 0.000104093
3.225 0.000103448 7.35542e-05
3.275 6.89655e-05 4.62635e-05
3.325 1.72414e-05 1.68048e-05
3.375 1.72414e-05 1.68048e-05
3.425 0 0
3.475 0 0
3.525 0 0
3.575 0 0
3.625 0 0
3.675 0 0
3.725 0 0
3.775 0 0
3.825 0 0
3.875 0 0
3.925 0 0
3.975 0 0
4.025 0 0
4.075 0 0
4.125 0 0
4.175 0 0
4.225 0 0
4.275 0 0
4.325 0 0
4.375 0 0
4.425 0 0
4.475 0 0
4.525 0 0
4.575 0 0
4.625 0 0
4.675 0 0
4.725 0 0
4.775 0 0
4.825 0 0
4.875 0 0
4.925 0 0
4.975 0 0
5.025 0 0
5.075 0 0
5.125 0 0
5.175 0 0
5.225 0 0
5.275 0 0
5.325 0 0
5.375 0 0
5.425 0 0
5.475 0 0
5.525 0 0
5.575 0 0
5.625 0 0
5.675 0 0
5.725 0 0
5.775 0 0
5.825 0 0
5.875 0 0
5.925 0 0
5.975 0 0
6.025 0 0
6.075 0 0
6.125 0 0
6.175 0 0
6.225 0 0
6.275 0 0
6.325 0 0
6.375 0 0
6.425 0 0
6.475 0 0
6.525 0 0
6.575 0 0
6.625 0 0
6.675 0 0
6.725 0 0
6.775 0 0
6.825 0 0
6.875 0 0
6.925 0 0
6.975 0 0
7.025 0 0
7.075 0 0
7.125 0 0
7.175 0 0
7.225 0 0
7.275 0 0
7.325 0 0
7.375 0 0
7.425 0 0
7.475 0 0
7.525 0 0
7.575 0 0
7.625 0 0
7.675 0 0
7.725 0 0
7.775 0 0
7.825 0 0
7.875 0 0
7.925 0 0
7.975 0 0
8.025 0 0
8.075 0 0
8.125 0 0
8.175 0 0
8.225 0 0
8.275 0 0
8.325 0 0
8.375 0 0
8.425 0 0
8.475 0 0
8.525 0 0
8.575 0 0
8.625 0 0
8.675 0 0
8.725 0 0
8.775 0 0
8.825 0 0
8.875 0 0
8.925 0 0
8.975 0 0
9.025 0 0
9.075 0 0
9.125 0 0
9.175 0 0
9.225 0 0
9.275 0 0
9.325 0 0
9.375 0 0
9.425 0 0
9.475 0 0
9.525 0 0
9.575 0 0
9.625 0 0
9.675 0 0
9.725 0 0
9.775 0 0
9.825 0 0
9.875 0 0
9.925 0 0
9.975 0 0
