-9.975 0 0
-9.925 0 0
-9.875 0 0
-9.825 0 0
-9.775 0 0
-9.725 0 0
-9.675 0 0
-9.625 0 0
-9.575 0 0
-9.525 0 0
-9.475 0 0
-9.425 0 0
-9.375 0 0
-9.325 0 0
-9.275 0 0
-9.225 0 0
-9.175 0 0
-9.125 0 0
-9.075 0 0
-9.025 0 0
-8.975 0 0
-8.925 0 0
-8.875 0 0
-8.825 0 0
-8.775 0 0
-8.725 0 0
-8.675 0 0
-8.625 0 0
-8.575 0 0
-8.525 0 0
-8.475 0 0
-8.425 0 0
-8.375 0 0
-8.325 0 0
-8.275 0 0
-8.225 0 0
-8.175 0 0
-8.125 0 0
-8.075 0 0
-8.025 0 0
-7.975 0 0
-7.925 0 0
-7.875 0 0
-7.825 0 0
-7.775 0 0
-7.725 0 0
-7.675 0 0
-7.625 0 0
-7.575 0 0
-7.525 0 0
-7.475 0 0
-7.425 0 0
-7.375 0 0
-7.325 0 0
-7.275 0 0
-7.225 0 0
-7.175 0 0
-7.125 0 0
-7.075 0 0
-7.025 0 0
-6.975 0 0
-6.925 0 0
-6.875 0 0
-6.825 0 0
-6.775 0 0
-6.725 0 0
-6.675 0 0
-6.625 0 0
-6.575 0 0
-6.525 0 0
-6.475 0 0
-6.425 0 0
-6.375 0 0
-6.325 0 0
-6.275 0 0
-6.225 0 0
-6.175 0 0
-6.125 0 0
-6.075 0 0
-6.025 0 0
-5.975 0 0
-5.925 0 0
-5.875 0 0
-5.825 0 0
-5.775 0 0
-5.725 0 0
-5.675 0 0
-5.625 0 0
-5.575 0 0
-5.525 0 0
-5.475 0 0
-5.425 0 0
-5.375 0 0
-5.325 0 0
-5.275 0 0
-5.225 0 0
-5.175 0 0
-5.125 0 0
-5.075 0 0
-5.025 0 0
-4.975 0 0
-4.925 0 0
-4.875 0 0
-4.825 0 0
-4.775 0 0
-4.725 0 0
-4.675 0 0
-4.625 0 0
-4.575 0 0
-4.525 0 0
-4.475 0 0
-4.425 0 0
-4.375 0 0
-4.325 0 0
-4.275 0 0
-4.225 0 0
-4.175 0 0
-4.125 0 0
-4.075 0 0
-4.025 0 0
-3.975 0 0
-3.925 0 0
-3.875 0 0
-3.825 0 0
-3.775 0 0
-3.725 0 0
-3.675 0 0
-3.625 0 0
-3.575 0 0
-3.525 0 0
-3.475 0 0
-3.425 0 0
-3.375 0 0
-3.325 0 0
-3.275 0 0
-3.225 0 0
-3.175 0 0
-3.125 0 0
-3.075 0 0
-3.025 0 0
-2.975 0 0
-2.925 0 0
-2.875 0 0
-2.825 0 0
-2.775 0 0
-2.725 0 0
-2.675 0 0
-2.625 8.62069e-06 8.40241e-06
-2.575 4.31034e-05 2.06717e-05
-2.525 4.31034e-05 2.06717e-05
-2.475 4.31034e-05 1.66939e-05
-2.425 0.000181034 3.75272e-05
-2.375 0.000275862 7.35542e-05
-2.325 0.000405172 7.44331e-05
-2.275 0.00116379 0.000142633
-2.225 0.00186207 0.00013108
-2.175 0.00286207 0.000272992
-2.125 0.00432759 0.000287962
-2.075 0.00743103 0.000394089
-2.025 0.0110862 0.000353785
-1.975 0.0166293 0.000519174
-1.925 0.023819 0.000695372
-1.875 0.0324138 0.000791791
-1.825 0.0448448 0.000863611
-1.775 0.0583448 0.000623485
-1.725 0.0766293 0.000846627
-1.675 0.0964655 0.00134353
-1.625 0.121983 0.00191471
-1.575 0.145578 0.00191838
-1.525 0.174422 0.00228509
-1.475 0.204621 0.0027101
-1.425 0.233603 0.00291565
-1.375 0.262362 0.00340772
-1.325 0.295681 0.00284468
-1.275 0.322603 0.00323934
-1.225 0.349259 0.00383862
-1.175 0.368362 0.00307495
-1.125 0.385293 0.00351988
-1.075 0.392353 0.00390757
-1.025 0.401086 0.00335014
-0.975 0.40394 0.00353695
-0.925 0.405517 0.00352756
-0.875 0.396845 0.00290912
-0.825 0.389086 0.00324704
-0.775 0.377293 0.00323243
-0.725 0.365224 0.003064
-0.675 0.346 0.00251699
-0.625 0.332948 0.002123
-0.575 0.314897 0.00169507
-0.525 0.301931 0.00227986
-0.475 0.285966 0.00198487
-0.425 0.275793 0.00178789
-0.375 0.260034 0.001742
-0.325 0.249957 0.00181399
-0.275 0.243086 0.00147814
-0.225 0.229414 0.00225587
-0.175 0.224474 0.00252415
-0.125 0.218345 0.00203293
-0.075 0.21544 0.00176648
-0.025 0.210836 0.00187984
0.025 0.210802 0.00160753
0.075 0.211129 0.00179772
0.125 0.213164 0.00157385
0.175 0.220259 0.00189919
0.225 0.225034 0.00216812
0.275 0.235086 0.00196735
0.325 0.240871 0.00215609
0.375 0.252716 0.00215475
0.425 0.267371 0.00228274
0.475 0.279759 0.00177697
0.525 0.289991 0.0021453
0.575 0.30969 0.00196092
0.625 0.326362 0.00183772
0.675 0.339284 0.00229671
0.725 0.353629 0.00264955
0.775 0.363802 0.0018252
0.825 0.383078 0.00227946
0.875 0.390603 0.00300548
0.925 0.394405 0.0032677
0.975 0.395431 0.00249385
1.025 0.39425 0.00354794
1.075 0.390259 0.00399054
1.125 0.381241 0.00376943
1.175 0.362095 0.00331228
1.225 0.344448 0.00383969
1.275 0.322224 0.00351178
1.325 0.292974 0.00345721
1.375 0.266483 0.00287767
1.425 0.234897 0.00337294
1.475 0.204586 0.00310396
1.525 0.174129 0.00198465
1.575 0.148466 0.00192255
1.625 0.119216 0.00171122
1.675 0.0996552 0.00147749
1.725 0.077181 0.00135541
1.775 0.05975 0.00116411
1.825 0.0433793 0.00093846
1.875 0.0302845 0.000841767
1.925 0.0234914 0.00075802
1.975 0.0157069 0.000820181
2.025 0.0107414 0.000456994
2.075 0.00731897 0.000416741
2.125 0.00486207 0.000303957
2.175 0.00299138 0.000203738
2.225 0.0017069 0.000150257
2.275 0.000827586 8.14188e-05
2.325 0.000551724 7.17125e-05
2.375 0.00037069 5.48956e-05
2.425 0.000163793 3.33321e-05
2.475 9.48276e-05 2.85265e-05
2.525 5.17241e-05 2.14653e-05
2.575 0 0
2.625 2.58621e-05 1.37661e-05
2.675 0 0
2.725 0 0
2.775 0 0
2.825 0 0
2.875 0 0
2.925 0 0
2.975 0 0
3.025 0 0
3.075 0 0
3.125 0 0
3.175 0 0
3.225 0 0
3.275 0 0
3.325 0 0
3.375 0 0
3.425 0 0
3.475 0 0
3.525 0 0
3.575 0 0
3.625 0 0
3.675 0 0
3.725 0 0
3.775 0 0
3.825 0 0
3.875 0 0
3.925 0 0
3.975 0 0
4.025 0 0
4.075 0 0
4.125 0 0
4.175 0 0
4.225 0 0
4.275 0 0
4.325 0 0
4.375 0 0
4.425 0 0
4.475 0 0
4.525 0 0
4.575 0 0
4.625 0 0
4.675 0 0
4.725 0 0
4.775 0 0
4.825 0 0
4.875 0 0
4.925 0 0
4.975 0 0
5.025 0 0
5.075 0 0
5.125 0 0
5.175 0 0
5.225 0 0
5.275 0 0
5.325 0 0
5.375 0 0
5.425 0 0
5.475 0 0
5.525 0 0
5.575 0 0
5.625 0 0
5.675 0 0
5.725 0 0
5.775 0 0
5.825 0 0
5.875 0 0
5.925 0 0
5.975 0 0
6.025 0 0
6.075 0 0
6.125 0 0
6.175 0 0
6.225 0 0
6.275 0 0
6.325 0 0
6.375 0 0
6.425 0 0
6.475 0 0
6.525 0 0
6.575 0 0
6.625 0 0
6.675 0 0
6.725 0 0
6.775 0 0
6.825 0 0
6.875 0 0
6.925 0 0
6.975 0 0
7.025 0 0
7.075 0 0
7.125 0 0
7.175 0 0
7.225 0 0
7.275 0 0
7.325 0 0
7.375 0 0
7.425 0 0
7.475 0 0
7.525 0 0
7.575 0 0
7.625 0 0
7.675 0 0
7.725 0 0
7.775 0 0
7.825 0 0
7.875 0 0
7.925 0 0
7.975 0 0
8.025 0 0
8.075 0 0
8.125 0 0
8.175 0 0
8.225 0 0
8.275 0 0
8.325 0 0
8.375 0 0
8.425 0 0
8.475 0 0
8.525 0 0
8.575 0 0
8.625 0 0
8.675 0 0
8.725 0 0
8.775 0 0
8.825 0 0
8.875 0 0
8.925 0 0
8.975 0 0
9.025 0 0
9.075 0 0
9.125 0 0
9.175 0 0
9.225 0 0
9.275 0 0
9.325 0 0
9.375 0 0
9.425 0 0
9.475 0 0
9.525 0 0
9.575 0 0
9.625 0 0
9.675 0 0
9.725 0 0
9.775 0 0
9.825 0 0
9.875 0 0
9.925 0 0
9.975 0 0
