-9.975 0 0
-9.925 0 0
-9.875 0 0
-9.825 0 0
-9.775 0 0
-9.725 0 0
-9.675 0 0
-9.625 0 0
-9.575 0 0
-9.525 0 0
-9.475 0 0
-9.425 0 0
-9.375 0 0
-9.325 0 0
-9.275 0 0
-9.225 0 0
-9.175 0 0
-9.125 0 0
-9.075 0 0
-9.025 0 0
-8.975 0 0
-8.925 0 0
-8.875 0 0
-8.825 0 0
-8.775 0 0
-8.725 0 0
-8.675 0 0
-8.625 0 0
-8.575 0 0
-8.525 0 0
-8.475 0 0
-8.425 0 0
-8.375 0 0
-8.325 0 0
-8.275 0 0
-8.225 0 0
-8.175 0 0
-8.125 0 0
-8.075 0 0
-8.025 0 0
-7.975 0 0
-7.925 0 0
-7.875 0 0
-7.825 0 0
-7.775 0 0
-7.725 0 0
-7.675 0 0
-7.625 0 0
-7.575 0 0
-7.525 0 0
-7.475 0 0
-7.425 0 0
-7.375 0 0
-7.325 0 0
-7.275 0 0
-7.225 0 0
-7.175 0 0
-7.125 0 0
-7.075 0 0
-7.025 0 0
-6.975 0 0
-6.925 0 0
-6.875 0 0
-6.825 0 0
-6.775 0 0
-6.725 0 0
-6.675 0 0
-6.625 0 0
-6.575 0 0
-6.525 0 0
-6.475 0 0
-6.425 0 0
-6.375 0 0
-6.325 0 0
-6.275 0 0
-6.225 0 0
-6.175 0 0
-6.125 0 0
-6.075 0 0
-6.025 0 0
-5.975 0 0
-5.925 0 0
-5.875 0 0
-5.825 0 0
-5.775 0 0
-5.725 0 0
-5.675 0 0
-5.625 0 0
-5.575 0 0
-5.525 0 0
-5.475 0 0
-5.425 0 0
-5.375 0 0
-5.325 0 0
-5.275 0 0
-5.225 0 0
-5.175 0 0
-5.125 0 0
-5.075 0 0
-5.025 0 0
-4.975 0 0
-4.925 0 0
-4.875 0 0
-4.825 0 0
-4.775 0 0
-4.725 0 0
-4.675 0 0
-4.625 0 0
-4.575 0 0
-4.525 0 0
-4.475 0 0
-4.425 0 0
-4.375 0 0
-4.325 8.62069e-06 8.40241e-06
-4.275 1.72414e-05 1.68048e-05
-4.225 0.000172414 0.000168048
-4.175 5.17241e-05 5.04145e-05
-4.125 0 0
-4.075 2.58621e-05 2.52072e-05
-4.025 0.000189655 0.000127807
-3.975 0.00025 0.000170452
-3.925 0.000241379 0.000154885
-3.875 0.00025 0.000135471
-3.825 0.000525862 0.000376256
-3.775 0.000698276 0.000482678
-3.725 0.000456897 0.000197816
-3.675 0.000525862 0.000196005
-3.625 0.000801724 0.000310411
-3.575 0.00122414 0.0004631
-3.525 0.00109483 0.000426402
-3.475 0.00152586 0.00039018
-3.425 0.0019569 0.000392838
-3.375 0.00312931 0.000573425
-3.325 0.00413793 0.000806115
-3.275 0.00512069 0.000869716
-3.225 0.00614655 0.000857512
-3.175 0.00830172 0.00088808
-3.125 0.00988793 0.000892337
-3.075 0.0119224 0.000847662
-3.025 0.0165172 0.0012868
-2.975 0.0213534 0.00149843
-2.925 0.0280862 0.00191565
-2.875 0.0330517 0.00210122
-2.825 0.0372931 0.00250796
-2.775 0.0441897 0.0025207
-2.725 0.0513707 0.0025438
-2.675 0.0585948 0.00333027
-2.625 0.0641724 0.0030637
-2.575 0.0714655 0.00304847
-2.525 0.0778534 0.00306263
-2.475 0.0850776 0.00321972
-2.425 0.0954483 0.00341152
-2.375 0.0982845 0.00396948
-2.325 0.106845 0.00429345
-2.275 0.115819 0.00410002
-2.225 0.122353 0.00373184
-2.175 0.129853 0.00415899
-2.125 0.14375 0.00405858
-2.075 0.154966 0.00309901
-2.025 0.159216 0.00401214
-1.975 0.165905 0.00482705
-1.925 0.172147 0.00422425
-1.875 0.174836 0.00383921
-1.825 0.180621 0.00349867
-1.775 0.192207 0.00348983
-1.725 0.199112 0.00386869
-1.675 0.198655 0.004396
-1.625 0.200086 0.00398476
-1.575 0.206086 0.00428803
-1.525 0.206698 0.00432637
-1.475 0.207845 0.00443481
-1.425 0.212078 0.00415563
-1.375 0.216517 0.00485822
-1.325 0.216345 0.00518007
-1.275 0.222026 0.00558336
-1.225 0.225621 0.0065368
-1.175 0.230103 0.00581301
-1.125 0.224172 0.00479843
-1.075 0.217457 0.00416168
-1.025 0.218103 0.00413522
-0.975 0.220069 0.00471015
-0.925 0.219172 0.00499855
-0.875 0.219741 0.00423102
-0.825 0.216526 0.00375704
-0.775 0.211216 0.00337716
-0.725 0.210224 0.00499689
-0.675 0.209336 0.00544352
-0.625 0.208534 0.0058228
-0.575 0.207466 0.00581581
-0.525 0.202328 0.00487789
-0.475 0.205448 0.00511903
-0.425 0.204552 0.00496856
-0.375 0.209052 0.00345642
-0.325 0.206422 0.00225931
-0.275 0.204552 0.00260369
-0.225 0.206905 0.00377528
-0.175 0.210224 0.00479338
-0.125 0.210707 0.00499704
-0.075 0.20919 0.0040275
-0.025 0.206879 0.00406999
0.025 0.202155 0.00381682
0.075 0.199086 0.00488455
0.125 0.199931 0.00488893
0.175 0.200198 0.00387209
0.225 0.202733 0.00394291
0.275 0.203914 0.00423133
0.325 0.206069 0.0038812
0.375 0.206672 0.00476003
0.425 0.20531 0.00401142
0.475 0.205974 0.00367834
0.525 0.205905 0.00417775
0.575 0.211216 0.00434798
0.625 0.210612 0.0054861
0.675 0.20675 0.00580989
0.725 0.207336 0.00570047
0.775 0.213 0.00409735
0.825 0.211414 0.00405102
0.875 0.212716 0.00408899
0.925 0.213302 0.00346717
0.975 0.216078 0.00442365
1.025 0.214914 0.00388936
1.075 0.220207 0.00387647
1.125 0.224767 0.00391342
1.175 0.224069 0.00366833
1.225 0.221741 0.00465052
1.275 0.215267 0.00435794
1.325 0.214405 0.00353611
1.375 0.213052 0.00381606
1.425 0.209905 0.00453072
1.475 0.212802 0.00510937
1.525 0.215172 0.00464147
1.575 0.212845 0.00493768
1.625 0.204957 0.00468409
1.675 0.201948 0.00399541
1.725 0.197845 0.00333743
1.775 0.191138 0.00290082
1.825 0.183638 0.00391273
1.875 0.17406 0.0041854
1.925 0.163534 0.00528676
1.975 0.153741 0.00407834
2.025 0.149397 0.00346233
2.075 0.145181 0.00418565
2.125 0.13894 0.00526865
2.175 0.135422 0.00486498
2.225 0.12756 0.00473627
2.275 0.120112 0.00443022
2.325 0.111836 0.00361809
2.375 0.0986466 0.00334603
2.425 0.0886121 0.00307932
2.475 0.0804138 0.00312574
2.525 0.0730862 0.00319989
2.575 0.0703879 0.00266104
2.625 0.0658103 0.00267869
2.675 0.0593793 0.00237106
2.725 0.0509397 0.00214496
2.775 0.0405862 0.00176732
2.825 0.0336466 0.00170381
2.875 0.0289052 0.00170573
2.925 0.0229569 0.00172342
2.975 0.0185862 0.00142508
3.025 0.0153707 0.00115455
3.075 0.0136552 0.00143459
3.125 0.00956034 0.00114109
3.175 0.00706034 0.000814961
3.225 0.00585345 0.00100522
3.275 0.00409483 0.000801388
3.325 0.00331034 0.000604015
3.375 0.00226724 0.000545667
3.425 0.0020431 0.000454086
3.475 0.00196552 0.00039324
3.525 0.00155172 0.000404346
3.575 0.000862069 0.000319082
3.625 0.000439655 0.000196761
3.675 0.000560345 0.000275289
3.725 0.000439655 0.000219946
3.775 0.000267241 0.000135471
3.825 0.000172414 9.6767e-05
3.875 0.000181034 0.00012872
3.925 0.000112069 9.30675e-05
3.975 4.31034e-05 3.42123e-05
4.025 1.72414e-05 1.68048e-05
4.075 0 0
4.125 0 0
4.175 0 0
4.225 0 0
4.275 0 0
4.325 0 0
4.375 0 0
4.425 0 0
4.475 0 0
4.525 0 0
4.575 0 0
4.625 0 0
4.675 0 0
4.725 0 0
4.775 0 0
4.825 0 0
4.875 0 0
4.925 0 0
4.975 0 0
5.025 0 0
5.075 0 0
5.125 0 0
5.175 0 0
5.225 0 0
5.275 0 0
5.325 0 0
5.375 0 0
5.425 0 0
5.475 0 0
5.525 0 0
5.575 0 0
5.625 0 0
5.675 0 0
5.725 0 0
5.775 0 0
5.825 0 0
5.875 0 0
5.925 0 0
5.975 0 0
6.025 0 0
6.075 0 0
6.125 0 0
6.175 0 0
6.225 0 0
6.275 0 0
6.325 0 0
6.375 0 0
6.425 0 0
6.475 0 0
6.525 0 0
6.575 0 0
6.625 0 0
6.675 0 0
6.725 0 0
6.775 0 0
6.825 0 0
6.875 0 0
6.925 0 0
6.975 0 0
7.025 0 0
7.075 0 0
7.125 0 0
7.175 0 0
7.225 0 0
7.275 0 0
7.325 0 0
7.375 0 0
7.425 0 0
7.475 0 0
7.525 0 0
7.575 0 0
7.625 0 0
7.675 0 0
7.725 0 0
7.775 0 0
7.825 0 0
7.875 0 0
7.925 0 0
7.975 0 0
8.025 0 0
8.075 0 0
8.125 0 0
8.175 0 0
8.225 0 0
8.275 0 0
8.325 0 0
8.375 0 0
8.425 0 0
8.475 0 0
8.525 0 0
8.575 0 0
8.625 0 0
8.675 0 0
8.725 0 0
8.775 0 0
8.825 0 0
8.875 0 0
8.925 0 0
8.975 0 0
9.025 0 0
9.075 0 0
9.125 0 0
9.175 0 0
9.225 0 0
9.275 0 0
9.325 0 0
9.375 0 0
9.425 0 0
9.475 0 0
9.525 0 0
9.575 0 0
9.625 0 0
9.675 0 0
9.725 0 0
9.775 0 0
9.825 0 0
9.875 0 0
9.925 0 0
9.975 0 0
