-9.975 0 0
-9.925 0 0
-9.875 0 0
-9.825 0 0
-9.775 0 0
-9.725 0 0
-9.675 0 0
-9.625 0 0
-9.575 0 0
-9.525 0 0
-9.475 0 0
-9.425 0 0
-9.375 0 0
-9.325 0 0
-9.275 0 0
-9.225 0 0
-9.175 0 0
-9.125 0 0
-9.075 0 0
-9.025 0 0
-8.975 0 0
-8.925 0 0
-8.875 0 0
-8.825 0 0
-8.775 0 0
-8.725 0 0
-8.675 0 0
-8.625 0 0
-8.575 0 0
-8.525 0 0
-8.475 0 0
-8.425 0 0
-8.375 0 0
-8.325 0 0
-8.275 0 0
-8.225 0 0
-8.175 0 0
-8.125 0 0
-8.075 0 0
-8.025 0 0
-7.975 0 0
-7.925 0 0
-7.875 0 0
-7.825 0 0
-7.775 0 0
-7.725 0 0
-7.675 0 0
-7.625 0 0
-7.575 0 0
-7.525 0 0
-7.475 0 0
-7.425 0 0
-7.375 0 0
-7.325 0 0
-7.275 0 0
-7.225 0 0
-7.175 0 0
-7.125 0 0
-7.075 0 0
-7.025 0 0
-6.975 0 0
-6.925 0 0
-6.875 0 0
-6.825 0 0
-6.775 0 0
-6.725 0 0
-6.675 0 0
-6.625 0 0
-6.575 0 0
-6.525 0 0
-6.475 0 0
-6.425 0 0
-6.375 0 0
-6.325 0 0
-6.275 0 0
-6.225 0 0
-6.175 0 0
-6.125 0 0
-6.075 0 0
-6.025 0 0
-5.975 0 0
-5.925 0 0
-5.875 0 0
-5.825 0 0
-5.775 0 0
-5.725 0 0
-5.675 0 0
-5.625 0 0
-5.575 0 0
-5.525 0 0
-5.475 0 0
-5.425 0 0
-5.375 0 0
-5.325 0 0
-5.275 0 0
-5.225 0 0
-5.175 8.62069e-06 8.40241e-06
-5.125 3.44828e-05 3.36096e-05
-5.075 0.000198276 0.000193255
-5.025 8.62069e-06 8.40241e-06
-4.975 0 0
-4.925 3.44828e-05 3.36096e-05
-4.875 0.000137931 0.000134439
-4.825 7.75862e-05 7.56217e-05
-4.775 6.03448e-05 5.88169e-05
-4.725 0.000181034 0.000176451
-4.675 9.48276e-05 8.4002e-05
-4.625 6.89655e-05 6.72193e-05
-4.575 0.00012931 0.000126036
-4.525 4.31034e-05 4.2012e-05
-4.475 5.17241e-05 5.04145e-05
-4.425 6.03448e-05 5.88169e-05
-4.375 6.03448e-05 5.88169e-05
-4.325 0 0
-4.275 0.00012069 5.7313e-05
-4.225 0.000775862 0.000282385
-4.175 0.00122414 0.000356672
-4.125 0.00168966 0.000412822
-4.075 0.00241379 0.000475468
-4.025 0.00252586 0.00049885
-3.975 0.00317241 0.000615206
-3.925 0.00315517 0.000648457
-3.875 0.00373276 0.000543893
-3.825 0.00456897 0.000674676
-3.775 0.00612069 0.000882895
-3.725 0.00730172 0.00136622
-3.675 0.00925862 0.00131369
-3.625 0.0120431 0.00134462
-3.575 0.0129052 0.00116493
-3.525 0.0152414 0.00173481
-3.475 0.0180345 0.00173828
-3.425 0.0211121 0.00202777
-3.375 0.0254138 0.00229503
-3.325 0.0280776 0.00236933
-3.275 0.0287931 0.00225819
-3.225 0.0351121 0.0022206
-3.175 0.0376207 0.00253837
-3.125 0.0424828 0.00223279
-3.075 0.0484397 0.00201132
-3.025 0.052431 0.00311177
-2.975 0.0587672 0.00330237
-2.925 0.0684828 0.00291396
-2.875 0.0731034 0.00370224
-2.825 0.0761121 0.00367078
-2.775 0.0803793 0.00314596
-2.725 0.0855 0.00345955
-2.675 0.0887931 0.00342457
-2.625 0.0956293 0.00300862
-2.575 0.108379 0.00366874
-2.525 0.117647 0.0041013
-2.475 0.118397 0.00393567
-2.425 0.124664 0.00301205
-2.375 0.128983 0.00326937
-2.325 0.132767 0.00431044
-2.275 0.137009 0.00473164
-2.225 0.140095 0.00518131
-2.175 0.13925 0.00438303
-2.125 0.145397 0.00464202
-2.075 0.152284 0.00506965
-2.025 0.156569 0.00346669
-1.975 0.159741 0.0049762
-1.925 0.163914 0.00526582
-1.875 0.16606 0.00600576
-1.825 0.170216 0.00473295
-1.775 0.174328 0.00405433
-1.725 0.186647 0.00477859
-1.675 0.18394 0.00385832
-1.625 0.186241 0.00369974
-1.575 0.187879 0.00341975
-1.525 0.190138 0.004792
-1.475 0.193052 0.00586795
-1.425 0.194905 0.00499715
-1.375 0.191147 0.00491653
-1.325 0.18994 0.00546813
-1.275 0.191164 0.00539283
-1.225 0.190224 0.00376291
-1.175 0.186 0.00408904
-1.125 0.182207 0.00493357
-1.075 0.182052 0.00543376
-1.025 0.187569 0.00513412
-0.975 0.187147 0.00520039
-0.925 0.186681 0.00428688
-0.875 0.186905 0.00498619
-0.825 0.189621 0.0057833
-0.775 0.193483 0.00533232
-0.725 0.193345 0.00592788
-0.675 0.18881 0.00469268
-0.625 0.182526 0.00425854
-0.575 0.180836 0.00417955
-0.525 0.179224 0.00419649
-0.475 0.185681 0.00449365
-0.425 0.194655 0.00531351
-0.375 0.189181 0.00619318
-0.325 0.185483 0.00690053
-0.275 0.185138 0.0058307
-0.225 0.186672 0.00464877
-0.175 0.183009 0.00565248
-0.125 0.177155 0.00590934
-0.075 0.180957 0.00458459
-0.025 0.184078 0.00429172
0.025 0.177897 0.00408458
0.075 0.17619 0.00473123
0.125 0.175155 0.00489225
0.175 0.176466 0.00618761
0.225 0.172534 0.00497063
0.275 0.179741 0.0043079
0.325 0.185198 0.00502853
0.375 0.18006 0.00491222
0.425 0.182181 0.00495491
0.475 0.18419 0.00395106
0.525 0.17944 0.0043346
0.575 0.185879 0.00518365
0.625 0.197164 0.00589247
0.675 0.195328 0.00730929
0.725 0.191172 0.00554765
0.775 0.194733 0.00474186
0.825 0.194302 0.00451644
0.875 0.190871 0.00466057
0.925 0.192664 0.00422773
0.975 0.196922 0.0063039
1.025 0.201026 0.00592379
1.075 0.197224 0.00606843
1.125 0.187784 0.00598938
1.175 0.190026 0.00447325
1.225 0.188948 0.00469178
1.275 0.185345 0.00494473
1.325 0.181043 0.00311665
1.375 0.178672 0.00451166
1.425 0.179629 0.00560203
1.475 0.183802 0.00498458
1.525 0.186216 0.005135
1.575 0.179121 0.00442113
1.625 0.175724 0.00391574
1.675 0.180009 0.00467649
1.725 0.171983 0.005256
1.775 0.172948 0.00582858
1.825 0.174543 0.00474893
1.875 0.172267 0.00416921
1.925 0.169233 0.00346598
1.975 0.159647 0.00464569
2.025 0.156302 0.00312876
2.075 0.15519 0.00394609
2.125 0.150905 0.00385862
2.175 0.148052 0.0032818
2.225 0.147629 0.00407778
2.275 0.14331 0.00384986
2.325 0.135793 0.00387704
2.375 0.130871 0.0040007
2.425 0.123216 0.00475917
2.475 0.115784 0.00495427
2.525 0.107414 0.00482115
2.575 0.101647 0.00444135
2.625 0.0948707 0.00359337
2.675 0.0898621 0.00301178
2.725 0.0850603 0.00308869
2.775 0.0800862 0.00325749
2.825 0.0733276 0.00337947
2.875 0.064819 0.00311107
2.925 0.0592414 0.00314695
2.975 0.0613448 0.00335717
3.025 0.0554655 0.00301323
3.075 0.0517586 0.00321471
3.125 0.0451552 0.00240265
3.175 0.0380776 0.00221118
3.225 0.0355948 0.00274575
3.275 0.03225 0.00297351
3.325 0.0265172 0.00254784
3.375 0.0211293 0.00190119
3.425 0.0164741 0.00158431
3.475 0.0147241 0.00154589
3.525 0.0148534 0.00183729
3.575 0.0128966 0.00145512
3.625 0.00934483 0.000985598
3.675 0.00775 0.00110523
3.725 0.00744828 0.0011016
3.775 0.00568103 0.00122453
3.825 0.00481034 0.00103239
3.875 0.00523276 0.00102606
3.925 0.00415517 0.000784805
3.975 0.00332759 0.0006405
4.025 0.00282759 0.000701663
4.075 0.00182759 0.000578602
4.125 0.00128448 0.000403514
4.175 0.000741379 0.000362089
4.225 0.000431034 0.000262188
4.275 0.000275862 0.000215138
4.325 0.00025 0.000139791
4.375 0.000241379 0.000165104
4.425 0.000206897 0.000146602
4.475 7.75862e-05 7.56217e-05
4.525 1.72414e-05 1.68048e-05
4.575 0 0
4.625 0 0
4.675 0 0
4.725 0 0
4.775 0 0
4.825 0 0
4.875 0 0
4.925 0 0
4.975 0 0
5.025 0 0
5.075 0 0
5.125 0 0
5.175 0 0
5.225 0 0
5.275 0 0
5.325 0 0
5.375 0 0
5.425 0 0
5.475 0 0
5.525 0 0
5.575 0 0
5.625 0 0
5.675 0 0
5.725 0 0
5.775 0 0
5.825 0 0
5.875 0 0
5.925 0 0
5.975 0 0
6.025 0 0
6.075 0 0
6.125 0 0
6.175 0 0
6.225 0 0
6.275 0 0
6.325 0 0
6.375 0 0
6.425 0 0
6.475 0 0
6.525 0 0
6.575 0 0
6.625 0 0
6.675 0 0
6.725 0 0
6.775 0 0
6.825 0 0
6.875 0 0
6.925 0 0
6.975 0 0
7.025 0 0
7.075 0 0
7.125 0 0
7.175 0 0
7.225 0 0
7.275 0 0
7.325 0 0
7.375 0 0
7.425 0 0
7.475 0 0
7.525 0 0
7.575 0 0
7.625 0 0
7.675 0 0
7.725 0 0
7.775 0 0
7.825 0 0
7.875 0 0
7.925 0 0
7.975 0 0
8.025 0 0
8.075 0 0
8.125 0 0
8.175 0 0
8.225 0 0
8.275 0 0
8.325 0 0
8.375 0 0
8.425 0 0
8.475 0 0
8.525 0 0
8.575 0 0
8.625 0 0
8.675 0 0
8.725 0 0
8.775 0 0
8.825 0 0
8.875 0 0
8.925 0 0
8.975 0 0
9.025 0 0
9.075 0 0
9.125 0 0
9.175 0 0
9.225 0 0
9.275 0 0
9.325 0 0
9.375 0 0
9.425 0 0
9.475 0 0
9.525 0 0
9.575 0 0
9.625 0 0
9.675 0 0
9.725 0 0
9.775 0 0
9.825 0 0
9.875 0 0
9.925 0 0
9.975 0 0
