0.49657   0.46413   -0.489072
-0.322332   -0.362486   -0.496911
-0.491087   -0.349372   -0.362945
-0.324685   0.474303   -0.339778
-0.148371   0.489992   0.491379
0.000890548   -0.361776   0.481739
-0.164026   -0.353488   -0.33272
0.00264506   0.48107   -0.328257
0.165874   0.470994   0.492325
0.317451   -0.358172   -0.481643
0.157722   -0.356264   -0.336497
0.321567   0.453654   -0.347992
0.478045   -0.19206   -0.499336
-0.339026   -0.0303908   0.479886
0.494784   -0.0139195   -0.334493
-0.343389   -0.181711   -0.342699
-0.171774   -0.203969   0.487219
-0.00186698   -0.0134589   -0.49733
-0.181068   0.00541573   -0.341986
-0.00430554   -0.193281   -0.332549
0.181207   -0.192774   0.484439
0.34515   -0.019037   -0.49486
0.176917   -0.0297836   -0.349781
0.331577   -0.186927   -0.345641
-0.493445   0.134223   -0.498386
-0.315933   0.315657   -0.491776
0.496775   0.295588   -0.328966
-0.347052   0.143435   -0.338044
-0.178488   0.141649   0.493531
-0.000940915   0.321977   -0.491037
-0.164245   0.30653   -0.32914
-0.00310558   0.148511   -0.350469
0.18406   0.130326   0.497467
0.350616   0.288266   0.482707
0.172616   0.289974   -0.350988
0.338537   0.129326   -0.327598
-0.49515   0.4628   -0.189712
-0.339028   -0.346839   -0.175182
-0.474944   -0.350702   -0.000854533
-0.331265   0.477616   -0.00624634
-0.155886   0.473155   -0.169259
-0.0214052   -0.335859   -0.155392
-0.180498   -0.357166   -0.0122274
0.0075371   0.480567   -0.0220213
0.17045   0.463026   -0.174418
0.344942   -0.370481   -0.184641
0.16488   -0.351884   -0.0274977
0.354693   0.488019   0.00639326
-0.494423   -0.18984   -0.178692
-0.346506   -0.0104573   -0.165843
0.496875   -0.0345025   -0.00520243
-0.325844   -0.184786   -0.00163722
-0.197912   -0.178774   -0.18762
-0.00750958   -0.0331289   -0.179696
-0.160032   -0.0251382   0.000611298
-0.00121936   -0.170916   0.0137545
0.171311   -0.17748   -0.17306
0.340587   -0.0288121   -0.172865
0.157428   -0.0280824   -0.0288195
0.331848   -0.212212   -0.0212332
0.497419   0.149221   -0.163985
-0.324509   0.302095   -0.182913
0.498264   0.311061   -0.00135702
-0.306767   0.12758   0.000689718
-0.167833   0.141305   -0.166103
-0.0184753   0.298393   -0.171012
-0.16013   0.309567   0.00053684
-0.00770518   0.153346   0.00099031
0.161482   0.140651   -0.175136
0.338384   0.290702   -0.165125
0.163051   0.315206   -0.0220493
0.316716   0.147505   0.00419563
-0.483815   0.498068   0.196717
-0.318197   -0.342   0.152853
0.484943   -0.377073   0.36154
-0.311388   0.477303   0.363078
-0.156353   -0.498661   0.175963
0.0133718   -0.349816   0.175396
-0.167132   -0.353712   0.326967
0.0174432   0.489118   0.330868
0.174677   0.474087   0.15365
0.323113   -0.351296   0.16418
0.182976   -0.37182   0.322636
0.328049   0.458514   0.3316
0.49276   -0.195879   0.159696
-0.333075   -0.0324897   0.163418
0.498888   -0.0137696   0.326659
-0.338888   -0.193016   0.323633
-0.160311   -0.170624   0.165888
0.00937519   -0.0151685   0.157886
-0.163512   -0.0113841   0.322154
-0.00461691   -0.184254   0.33676
0.160144   -0.190993   0.16794
0.334309   -0.0128827   0.15478
0.164239   -0.0272281   0.322869
0.339091   -0.183396   0.322441
-0.490695   0.134906   0.149386
-0.34455   0.324875   0.162454
-0.481983   0.315097   0.323088
-0.330525   0.149874   0.32252
-0.162118   0.152759   0.177206
0.00998916   0.331706   0.147009
-0.161715   0.303123   0.339314
0.00303742   0.125726   0.337831
0.166851   0.148306   0.176338
0.345797   0.302723   0.171347
0.151401   0.293506   0.355206
0.328247   0.139678   0.329204
