0.958328
0.963942
1.06446
0.996525
0.857329
0.932927
1.2674
0.959942
0.969155
0.879412
0.891457
1.01835
0.845782
1.11355
1.122
1.08023
0.995514
1.01106
1.06742
1.05222
1.00564
1.01414
0.852148
1.01248
1.05098
0.990023
0.950931
0.922299
0.899014
0.956503
1.0681
0.982056
0.953444
0.922822
0.863148
0.965399
1.09195
0.980586
0.836343
0.837507
0.911077
1.16768
0.929008
1.02765
0.859769
1.08642
0.910098
0.986574
1.0206
1.04893
1.00892
0.852082
0.987945
1.08393
0.862484
0.865009
1.07927
0.996476
1.22453
0.955571
0.942555
1.01387
0.891666
1.15058
0.983428
0.996421
0.947149
1.00376
0.986437
1.09299
1.2377
1.17718
1.0305
1.07948
0.826419
1.10792
0.904687
0.787806
0.896606
0.860966
0.957762
0.957823
0.965396
1.02143
1.01033
1.03573
0.89453
0.955555
0.966558
1.00028
1.07065
1.02381
0.883485
0.908186
0.995785
0.948751
1.10819
0.907563
0.999968
1.00276
0.764949
1.04481
1.11151
1.09759
1.10511
1.0965
0.969391
0.938895
1.01367
0.97479
0.89518
1.08894
0.915536
0.868116
1.06785
1.00927
1.12072
0.827423
0.887931
1.03964
0.930546
0.917115
0.880526
0.979024
1.04659
1.00413
1.133
0.958535
0.858826
1.21428
1.07816
1.00927
0.921858
0.917757
1.15524
0.911158
0.885077
0.91782
1.04338
0.967366
0.913792
1.14888
1.22625
1.04667
1.00872
0.897925
0.950207
1.01229
0.96946
0.937664
0.78057
1.33878
1.0598
0.903402
0.938618
1.02153
1.0221
1.14182
0.847396
0.937856
0.960889
1.0293
0.9635
1.00008
1.30922
0.998152
0.946057
0.988043
0.983742
1.02005
0.886146
1.07617
1.0016
0.953571
0.878127
0.884175
1.04092
1.11412
0.910752
1.03319
0.864279
0.965946
0.957893
0.997432
1.22097
0.871812
1.08986
0.962115
0.949983
0.893098
1.15856
1.04021
0.800748
1.02277
0.932892
1.0922
0.919884
0.87379
1.08798
1.01962
1.00861
1.05781
1.0789
0.853604
1.10241
1.01514
1.03591
1.04354
0.979267
0.836222
1.11207
0.909765
0.884785
1.0618
0.94214
1.15007
1.06879
1.04526
0.972816
1.00926
1.01828
1.22057
1.13252
0.900699
1.08431
1.09632
1.0302
1.06179
0.996995
0.891548
0.904679
1.19002
1.04598
0.975627
0.914457
1.16031
1.07471
0.911034
0.91707
1.02327
0.855368
0.899347
1.03236
0.96908
0.890667
1.01638
0.998194
1.16281
1.01777
1.0445
1.02711
0.913834
0.979274
1.0458
0.950753
0.701384
1.06431
1.07405
1.06229
1.04294
0.919642
0.998715
0.843038
0.935647
1.0721
0.995648
0.948552
0.936371
1.28203
1.17235
1.01467
0.84133
0.932399
0.990019
1.03215
0.937227
1.01067
1.00872
0.939278
0.95726
1.06329
1.15097
1.21608
0.989445
0.99667
0.890105
0.883906
0.938459
0.967719
0.956045
1.00997
0.888347
1.0339
0.995772
0.906351
0.98566
1.14728
1.04682
0.892454
0.866751
0.895543
1.07708
1.06988
1.13492
0.8609
1.25651
0.88276
1.01332
0.96237
1.05379
1.01656
1.05445
0.994797
1.06755
0.902411
1.02884
1.08929
0.978892
1.18666
0.930785
1.08224
0.911107
0.990645
0.989943
0.985114
0.997265
0.956837
0.993344
1.00255
0.959429
0.963454
0.862693
0.799675
0.914196
0.811483
0.850134
0.844041
1.02599
1.01034
0.890409
0.850507
0.976102
1.03117
0.984822
1.10675
0.985442
1.18932
1.09436
0.995148
1.04623
0.897641
0.91153
1.06321
1.13907
1.05028
0.973893
0.895072
0.957786
0.927731
0.95558
1.03447
0.894796
0.957375
0.905239
0.978658
0.977064
1.03867
1.13069
1.17588
1.12174
0.906165
0.93384
0.858815
1.03066
1.00353
0.967017
1.09793
1.11123
1.03668
0.883692
0.974326
1.1272
0.924163
1.00991
1.03734
0.957105
1.01353
1.19377
1.00585
1.11295
1.01156
1.02389
0.963095
1.00239
1.01624
0.936432
1.13194
1.23307
1.08942
1.12888
0.872811
0.898778
1.03749
1.11839
1.05771
1.0724
0.836314
0.956839
1.05196
1.01075
0.96883
1.06315
0.899121
1.07116
0.939089
0.855834
1.03392
0.886165
1.093
0.958257
1.14307
0.918677
1.06058
1.21517
1.22218
0.911646
0.933658
0.979676
1.04559
1.06414
1.02095
1.29502
0.990023
1.05
0.915972
1.09494
0.944227
1.08097
0.945711
0.948994
1.11068
0.938737
0.999054
0.929674
1.08165
1.02334
1.05466
0.970874
1.01888
0.957216
0.945996
1.02922
1.12807
1.10472
0.983229
0.981765
0.964821
0.983521
1.0083
0.898317
0.948695
0.935015
0.921319
0.935719
1.05259
0.906816
0.986067
1.10535
0.905639
1.07045
1.07135
1.00691
0.955885
0.930898
0.938422
1.21803
0.84881
1.01289
0.975556
0.861644
1.22157
1.00924
1.13607
1.05167
0.969551
0.913957
1.10451
0.857
0.875291
1.01484
0.930822
0.914125
1.13761
1.16297
1.03653
1.00534
1.04125
0.935776
0.903582
0.992153
0.869693
0.923854
1.0317
0.92236
0.8975
1.04109
0.973193
0.894192
0.956746
0.946391
0.956316
1.01397
0.988475
1.05357
0.954669
1.12281
0.849039
1.05252
0.774938
0.909273
0.9143
0.994106
0.893131
0.968557
0.987191
0.808698
0.716994
0.911078
1.05823
0.94538
0.938405
1.06726
1.0713
0.968604
0.987824
1.02011
1.00691
0.885394
0.950114
1.04468
1.05232
0.928422
0.872373
0.945751
0.948733
0.96082
0.979825
1.04362
0.93665
0.958915
1.15369
0.894838
0.989739
1.13051
0.975575
1.00711
1.05607
0.88934
0.878297
0.953146
1.06277
0.957625
1.01574
1.1679
0.79876
0.960981
0.787405
1.00131
1.16592
0.97664
0.996989
1.11744
0.983076
1.06095
1.0155
0.98911
0.885854
0.942361
0.992843
0.930188
0.936602
0.830153
0.987157
1.12714
1.04901
0.986717
0.980202
1.03266
1.23376
1.02991
0.91729
0.937764
1.10597
0.928689
0.909806
0.994026
0.903155
1.03082
1.07024
1.13619
0.870171
0.983067
1.14774
1.0716
1.05001
0.980848
0.954545
0.952398
0.772768
1.00959
1.01148
1.11492
0.945465
1.04653
1.07061
0.785496
0.999688
0.96203
1.00431
1.16875
0.875309
1.1077
0.886889
1.04854
0.949567
0.923807
1.08901
1.01668
1.18444
0.921134
1.07929
1.16165
1.00422
1.00953
0.985212
1.00827
0.91931
1.06682
0.990466
1.04119
1.07388
1.01848
0.952119
0.990307
0.970397
1.02922
1.291
1.0024
0.971691
1.01805
1.05304
1.00311
0.995467
0.952933
1.2433
0.908083
0.998174
1.05821
1.07719
0.971835
1.16296
0.981616
1.04094
1.1995
1.13304
0.99902
0.985507
1.17943
1.04774
1.14986
1.21457
0.910994
0.89144
1.05344
0.984256
1.14226
0.984586
1.00286
0.89136
0.793602
1.18157
1.03463
1.03367
1.03824
1.06406
1.04801
0.835416
0.835283
1.10359
0.986124
0.917619
0.983213
1.02841
1.14624
0.986991
1.17032
1.12272
1.12182
1.0188
0.838616
1.14057
0.923159
0.95317
1.12328
0.918011
0.939957
1.03492
0.953686
0.993202
0.744886
1.10257
1.01989
0.922189
0.933219
0.948915
1.07188
1.07237
0.850451
0.894031
0.906957
1.07772
0.935972
0.851062
0.985752
0.782476
1.07482
0.971261
1.1804
0.928776
0.974004
0.835255
0.992204
0.973592
0.868438
0.822402
1.06523
1.10039
1.07066
0.989881
0.993194
0.925217
0.796562
1.12675
1.02409
0.988093
0.986399
1.05113
0.775563
1.1026
1.00661
0.885292
0.907509
1.0171
0.802059
1.11526
0.959576
1.0451
0.968344
1.02124
1.13847
0.982862
0.998736
0.961237
1.01939
0.953393
0.842053
0.97806
1.16463
0.829284
0.903445
1.16486
0.896874
0.841846
1.05555
1.01829
0.940946
0.847152
0.885497
1.07757
1.07163
0.867708
1.08223
0.994895
0.823202
1.04094
0.965047
1.11243
0.926211
0.986176
0.944446
0.899939
1.00952
0.975873
0.9386
0.91661
1.03155
1.15026
0.999227
1.16999
0.987779
1.13924
0.877305
1.08403
1.06979
1.02833
1.05219
1.01377
0.905245
0.981225
0.950133
0.880358
0.899014
1.0868
1.07724
0.928079
0.985551
1.07594
0.941234
0.841384
0.960537
0.963252
1.12515
0.805422
1.00763
0.947055
0.862487
1.02534
0.999604
1.05844
0.929684
1.00463
0.935309
1.02717
0.989132
0.896037
0.974882
0.983731
0.929859
1.07911
0.982241
1.00331
1.02878
1.1122
1.07602
0.898077
0.998034
1.05757
0.994653
0.825855
0.976656
0.876707
0.982655
0.991197
0.951885
0.848186
0.809329
0.969186
1.06734
0.976386
1.05314
0.938747
1.0383
0.952078
0.815698
0.988308
1.08001
0.948968
0.816523
1.0172
0.893152
0.984875
0.936699
1.14437
1.15829
0.859859
1.02294
1.01333
0.940015
0.911321
0.873406
1.11086
1.0197
0.882498
0.762815
0.838658
1.14996
1.00476
0.938894
1.15881
1.08531
0.970821
1.04798
0.937442
0.955125
1.04717
1.1051
0.930981
1.21396
0.913804
0.842624
0.929785
0.910073
1.00166
0.842763
1.02452
0.952989
0.835428
1.05873
0.903096
0.819016
1.03362
1.11173
0.944258
1.05996
1.00967
1.04888
0.985853
0.946408
0.949833
0.91364
0.898066
0.928702
1.0886
0.901096
1.04054
0.977452
1.07209
0.964331
1.0049
1.00798
1.08125
1.02153
0.888014
1.02844
1.12605
1.22881
1.00947
1.01174
1.25921
0.877293
0.899139
0.911762
0.969244
1.10964
0.995062
0.934288
0.88649
0.995027
1.23978
1.04138
0.793471
0.816554
1.02875
0.801928
1.12251
1.0107
1.09856
1.04592
0.930595
1.16612
1.06609
0.950488
1.16936
0.906415
1.10296
0.889268
0.9709
1.05896
0.790491
1.0558
1.18352
1.00602
0.99972
0.847518
1.214
0.959479
1.2144
0.963264
0.867354
0.961511
0.962178
0.92984
1.12341
1.02514
0.957723
1.04016
1.08244
1.03371
1.08818
0.997123
0.941802
1.1864
1.0274
1.092
0.95077
1.08666
0.940113
0.929162
1.09382
0.956831
0.96069
1.13335
1.15293
0.927878
0.993145
1.11588
1.07163
1.00685
1.07462
1.00651
0.969526
0.878204
1.02111
0.937451
0.923192
0.831735
0.875079
0.912441
1.00226
1.01011
1.00693
0.956092
0.888231
0.880915
0.997413
1.02474
0.894732
1.02362
0.931771
1.04387
1.13021
0.957952
1.06833
1.17154
1.13983
1.29068
0.963651
0.913558
1.1454
0.722719
0.944772
0.981666
1.12203
0.931324
0.987692
1.11339
0.941987
0.911133
0.990665
0.940203
0.884254
0.890143
0.958913
0.926055
1.11285
0.947239
0.779197
0.974153
0.890387
1.12501
0.833336
1.0329
0.950377
0.993635
1.00325
1.08899
1.03406
1.2343
0.864567
1.0245
0.985112
0.829096
0.971194
1.01524
1.03426
1.05633
1.03996
1.20201
0.94193
1.0855
0.956851
1.04379
0.77639
1.13863
0.826235
0.823839
0.898557
1.0426
1.15003
0.852273
1.03963
0.956485
1.13486
1.06182
1.08346
0.964993
1.00473
1.11069
1.0697
0.972748
1.136
0.972565
1.20103
1.13833
1.03397
0.946901
0.907553
1.05585
1.07463
0.965181
1.02827
0.902359
1.01873
1.07379
1.01332
1.04169
0.990345
0.977366
0.789753
1.00717
1.01241
0.906298
0.95661
1.02555
0.875315
1.01284
1.12253
0.959847
1.07323
0.990691
1.05749
1.05916
0.944671
1.21697
0.960348
1.04402
1.03169
0.965838
1.11861
1.12475
0.798213
1.27601
0.781188
0.891067
0.868457
0.935195
0.942626
0.872375
1.11094
0.687193
1.17095
1.17199
1.08985
1.12718
0.879257
0.997659
0.903811
1.02684
0.852491
0.925175
0.96256
1.01062
1.05203
1.07542
0.956149
0.990788
0.931885
0.926801
0.987738
1.02309
0.989626
0.882591
0.950817
0.844639
1.00928
1.05445
1.05537
1.00689
1.08616
0.958031
1.08898
0.887882
0.989576
1.04082
1.01981
0.956764
0.918727
1.0713
1.1596
0.974485
0.913348
1.04548
0.964379
0.991956
0.865892
1.09468
0.954386
1.12297
1.00279
1.01677
0.945286
0.970325
0.863561
0.918514
0.925592
0.821012
1.16883
1.02727
1.2981
0.899617
1.05445
1.02735
1.10195
1.00595
1.08713
1.00144
0.923359
1.0185
1.14325
0.872202
0.907488
1.01047
1.14587
1.27652
1.17697
0.972932
1.12091
0.998864
1.0673
0.988694
1.02034
1.00831
0.93711
0.956277
0.886005
0.805836
1.06439
0.928255
1.08525
0.924336
0.989929
0.952303
1.00539
1.15165
1.07171
1.07118
0.948115
0.982252
1.06885
0.918247
1.20862
0.973017
0.983115
1.09094
1.07141
0.798782
1.00403
1.16554
1.01884
0.958347
1.10768
1.06453
1.03853
0.910706
0.981951
0.91567
1.06604
0.830646
1.27366
0.882698
1.07345
0.858007
0.955137
1.11695
0.870561
1.24772
0.806304
0.991393
0.954635
0.935356
0.943768
0.884333
1.1415
0.964828
1.08009
0.990535
0.987901
1.03132
0.994153
0.995595
1.0286
1.02332
0.922149
0.885298
0.995313
1.01323
0.933112
1.23055
0.967233
1.08739
0.864696
0.760944
1.00042
0.933669
1.12246
1.13879
0.935097
0.907376
0.960929
1.04251
0.845577
0.986521
0.913136
0.960448
1.04413
1.12527
0.954498
0.922277
0.895764
0.993193
1.10368
1.01182
1.01372
1.00004
0.985034
0.962371
0.943184
0.991815
0.856442
1.33197
0.807533
0.972935
1.26628
0.972426
1.06963
1.1192
0.965261
0.904952
0.985548
0.904044
0.972457
0.994345
0.942034
1.13526
1.06496
1.01084
1.03942
0.995559
1.0141
0.920257
0.93441
0.989488
1.02134
0.909292
0.964478
0.943313
1.07354
1.06941
0.940287
0.888221
0.851917
1.09269
1.0612
0.894581
1.00379
0.882806
0.911782
0.881544
1.03251
1.10355
1.10099
1.04659
1.03738
0.957347
1.16711
0.855897
1.03526
0.956975
1.0185
0.962199
0.976386
0.904018
0.985505
1.17951
1.03281
0.901848
0.873831
1.04888
0.945251
0.983153
1.00579
1.00791
0.916507
1.17411
1.06979
0.894814
0.923075
1.0451
1.02569
0.938824
1.05604
1.17731
0.962113
0.945477
1.09423
0.979068
0.907385
0.944898
1.06136
1.04238
1.0068
1.02815
0.779316
0.94474
1.02686
1.23739
1.12738
0.988089
0.863435
0.957055
0.913692
0.863724
1.04672
0.85901
1.06608
1.19327
0.997624
1.07914
1.10793
0.950514
0.987683
0.960163
0.978986
1.02596
0.873686
1.1768
1.00554
0.849202
0.96343
1.13502
1.08149
0.832341
0.944889
1.12672
0.900729
0.997024
0.807086
0.881333
0.924186
0.894888
0.990714
0.980306
1.04496
1.12279
0.808657
1.27284
0.97122
0.880494
1.17862
0.930051
1.09166
0.883329
1.04911
1.16463
0.886449
0.926099
1.0977
1.05466
1.07384
1.01528
1.00973
1.25449
0.996193
1.0061
0.945473
0.987464
0.940872
0.928125
1.01155
1.11377
0.898784
0.967334
1.12094
1.04717
0.988406
0.959178
1.09903
0.958757
0.878594
1.11542
0.839671
1.24336
1.09202
1.08378
0.830548
0.914159
1.06688
0.956372
0.917087
0.826127
0.939683
1.06853
0.90364
0.91373
0.925476
1.07066
0.918197
0.899684
1.24249
0.834127
0.98421
1.16841
0.847391
1.0562
0.950174
0.96972
0.951986
1.13578
1.02313
1.05625
0.962821
1.01392
1.09253
0.904981
0.892122
0.791096
0.958586
1.11657
0.924431
1.07725
1.08144
0.904574
0.886397
0.996771
0.990857
1.09209
0.932919
0.991252
1.15531
0.898604
0.954449
0.887593
0.910227
0.815148
1.12209
1.04087
1.04158
1.09174
1.05354
1.04147
0.975984
0.938186
1.10027
1.06154
0.861435
1.01426
0.988096
0.933687
1.14672
0.963936
0.792155
0.985974
0.833852
0.843729
1.17734
0.884064
0.919718
0.890945
0.80642
1.1694
0.897155
1.14095
1.01082
0.966349
1.07812
1.11508
1.08427
1.17085
0.930137
1.10011
1.07801
0.949456
1.08299
0.999345
0.870497
1.02537
1.13006
0.955685
0.868881
0.969695
0.879077
0.967985
0.967361
0.922864
0.941625
1.10311
0.912122
1.2455
0.902932
0.966371
0.914035
0.90779
0.869967
1.07282
1.06614
0.880646
1.00257
1.03567
0.912399
0.986248
0.977626
1.02
1.03421
0.8821
1.13261
1.02724
0.909227
0.992723
0.823818
1.09587
1.21233
1.06801
1.09379
1.00445
0.94921
0.96787
1.1024
1.19366
0.883322
1.08377
1.04502
0.862728
0.928644
0.909677
0.983425
0.991625
1.15168
1.00207
0.936484
1.00081
0.920623
1.08128
1.00161
0.999715
0.903331
1.00101
0.912674
0.967723
0.847076
0.974352
0.967186
0.874433
1.16366
0.956739
0.951236
1.0175
1.02023
0.911678
1.2239
0.947739
1.05119
0.888438
1.10895
0.99649
0.975422
0.984498
0.959966
0.990206
1.19327
1.11277
0.9907
1.01552
1.18422
0.909437
1.028
1.21864
0.941739
0.937977
0.990491
0.857163
1.16572
0.901723
0.950537
0.983006
1.14414
1.09701
1.09579
0.829701
1.06873
0.877827
1.05277
1.25965
0.829965
0.798591
0.942931
1.01737
0.889369
0.946697
0.914946
0.988383
0.926841
1.01822
1.02407
0.789712
1.03996
0.904565
0.959451
0.983845
1.04364
0.950591
0.912553
0.99837
0.924202
1.10028
0.966334
0.837042
1.06941
1.13171
0.944487
1.02656
1.06608
1.03086
1.11708
1.04048
0.874213
1.05844
0.963112
0.793293
1.12413
1.10444
1.07652
0.819412
0.995891
0.980041
0.94472
0.969858
1.01524
1.1307
1.0103
0.990593
1.08149
0.935912
1.04273
1.10555
1.10995
1.13998
1.15955
0.855854
1.07699
1.17616
1.06405
1.06358
1.18305
1.07613
0.981253
0.978105
1.04115
0.909804
1.06855
0.932986
1.03647
1.00163
0.968961
0.881795
0.926181
0.939178
1.16762
1.07373
1.14909
0.949733
1.08733
1.0078
0.920429
1.03489
1.17981
0.932716
0.971372
1.11565
0.989622
0.989977
0.874173
0.974509
0.994261
1.04764
0.957171
1.01105
0.951458
1.00368
0.907422
1.05755
0.815376
1.14406
1.04318
0.951948
1.09496
0.867865
1.03407
1.08745
1.29358
1.03969
1.0631
1.0075
1.03411
0.940376
1.11563
1.07017
0.858169
1.19626
0.749692
1.29282
0.887616
0.8771
0.981786
0.982553
0.873531
0.969129
1.02005
1.09094
0.858987
0.929881
0.989668
0.949462
1.06411
1.10147
0.997874
1.05873
0.90019
0.791053
1.21563
1.06779
0.861414
0.970199
1.13065
1.03979
0.981021
0.893453
1.08261
0.968039
1.18247
1.02833
1.08031
1.11446
0.990005
1.01283
0.95687
1.03586
0.957638
1.17375
1.03615
1.06957
0.931297
1.11851
1.12266
1.21791
0.97433
0.842145
0.908093
0.845136
1.15809
0.931864
1.16234
1.04949
1.02973
1.17795
0.925207
0.95653
1.11807
0.937103
1.14701
1.21855
1.07262
1.1021
0.841973
0.935727
0.83829
0.920838
0.958042
1.00179
1.10673
0.897607
0.962177
1.02279
0.919292
0.993355
0.939686
1.18558
0.941651
1.08224
1.06552
1.07478
1.05438
0.954582
0.942234
0.779637
0.866455
1.1104
0.975807
1.11258
0.90128
0.89109
0.949837
1.13283
1.01367
0.96781
1.15037
0.859614
1.28823
1.03441
0.963208
1.13306
1.06344
1.00707
0.999845
1.08657
0.922271
1.06207
0.952996
1.08568
0.947712
0.99583
1.01149
0.985784
0.997667
1.11071
0.84341
1.0477
0.961214
0.989077
0.898024
0.912609
0.935338
0.86729
0.88474
1.13794
0.8769
1.01256
1.1597
1.18651
1.06592
0.934317
1.04157
0.993337
1.04035
1.13042
1.06156
0.992312
0.964147
1.01529
1.09204
1.06454
0.978852
1.00166
1.0046
1.02738
1.00282
0.885697
0.885696
1.04418
0.945074
0.898501
0.962688
1.03892
0.882965
1.09543
1.04081
0.812415
1.00997
0.992163
0.89725
1.21453
0.761182
0.988011
0.990527
1.02119
0.836496
1.16416
1.07545
0.910119
0.914246
1.0406
0.971565
0.892644
1.00602
1.02425
0.973764
1.11598
0.989426
0.957407
1.03035
0.988611
0.965338
0.993322
1.04375
0.89135
1.05743
1.02387
1.15974
0.85825
0.879996
0.820699
0.804773
1.02223
0.842494
1.16597
1.08327
1.07302
0.855882
0.908836
1.0905
0.970453
0.800484
1.07479
1.04487
0.993177
1.08696
1.1561
0.917149
1.10773
1.04437
0.931954
1.08752
1.00722
0.934462
1.02685
1.18983
1.14267
1.03849
0.899026
0.995215
0.909896
0.94207
0.954097
1.24088
0.992892
1.2
1.02687
1.18274
0.914361
1.03235
0.877037
0.837917
1.03544
0.87089
1.21125
0.786594
0.896683
1.04526
1.11881
1.0248
0.821248
0.894645
0.948972
1.05297
0.958984
1.0228
0.844708
0.848673
1.04003
1.10945
1.13991
1.02499
1.1249
1.08242
1.104
0.85593
0.923829
0.90957
1.04255
1.0207
0.848833
1.0799
1.20962
1.09695
0.878385
0.993197
0.833335
0.994108
1.00448
0.872674
1.06695
1.07364
1.20552
0.866542
1.01084
0.96428
1.06326
0.900379
0.823118
1.15926
1.00033
0.903899
0.960005
1.00094
0.787353
1.11648
0.953209
0.970954
1.04491
1.15963
1.03358
1.0184
0.985174
0.967363
0.823841
0.826924
1.12087
0.894053
0.976437
1.01913
1.08713
1.12856
0.978204
0.989142
0.987553
0.922029
1.0397
0.948183
0.942121
0.953454
0.920475
1.03852
1.06077
0.828503
0.985477
1.0724
0.9061
1.00449
0.941574
0.89991
0.938547
0.929927
1.15369
0.926967
0.950585
1.01869
0.875072
0.958778
1.01926
0.89495
1.02622
1.14519
1.03282
1.05769
1.09288
0.858531
1.08104
1.0775
1.0382
1.11276
1.07881
0.869778
0.891819
0.912255
1.05274
0.916938
1.07089
0.903966
1.06995
0.996016
0.929811
0.948595
1.04544
0.74276
1.01968
0.921832
1.01352
1.17263
1.05115
0.934996
1.12993
1.06934
0.991581
1.07011
0.99766
1.08028
0.895642
1.01165
1.09427
0.968473
0.988879
1.03472
0.863391
0.935889
0.959654
0.865246
0.90667
1.01072
0.895367
0.893688
1.18357
0.936919
0.976439
1.24583
0.921889
0.909144
0.930579
1.02001
1.09458
1.06164
0.907889
1.05744
1.10419
0.958124
0.906643
0.905398
0.945453
1.04218
0.901718
0.929156
0.909552
0.928604
0.915961
1.01035
1.02511
1.10134
1.04418
0.982778
1.03137
1.06746
1.04939
0.980659
1.0036
0.919825
0.954809
1.20727
0.91791
0.900662
0.971226
1.01231
0.933598
0.883158
0.798468
1.05368
1.03373
1.0578
1.04838
1.04514
0.863696
0.985536
0.957865
0.848295
1.052
1.09592
1.03519
0.907081
0.905935
0.956288
0.894443
0.883921
1.01188
0.997213
0.95738
1.03999
1.10006
1.1328
0.970592
1.07236
0.816817
1.1066
1.12622
0.927724
0.833619
0.931616
0.985401
1.12292
0.962104
0.95893
0.92818
0.835093
1.074
1.07005
1.02279
0.941247
1.17647
1.11718
0.853603
0.98518
0.990173
1.03122
0.983348
1.05488
1.14472
0.985341
1.03654
0.997458
1.17512
1.0305
1.13387
0.787244
0.949952
1.15144
1.03595
0.910521
1.14246
0.802295
0.950408
0.993046
0.928267
1.12995
1.00736
0.99991
0.922338
0.972696
0.87625
0.90756
1.01484
1.0679
1.06165
0.932226
1.17574
1.13151
1.06742
0.950095
0.966895
0.919562
1.03085
0.956481
1.07626
0.951446
0.892059
1.07463
0.957023
0.825616
0.911691
1.07343
0.971255
1.03794
1.09981
1.05437
0.854681
0.963277
0.865757
1.04831
0.849032
1.07437
0.968069
1.04678
1.06532
1.22616
1.107
0.981872
1.11792
0.919227
0.833912
0.976132
1.11629
1.00957
0.992024
0.936487
0.982041
1.04208
1.02147
0.939471
1.02652
0.892824
1.1418
0.909229
1.01614
1.02772
0.984868
1.0765
1.18452
1.19973
1.02377
1.07031
0.966621
0.87329
0.889912
0.956879
1.15958
0.914588
0.90321
0.993132
0.975488
1.17281
0.880959
1.05234
0.881011
0.883044
1.11211
1.13729
0.979075
0.912685
1.05698
0.990148
0.90129
0.88652
0.969845
0.970831
1.02466
0.914201
0.851177
0.957859
1.18147
1.04294
1.1247
0.95713
1.11042
0.901964
0.741524
1.06618
0.952402
0.954162
1.07862
1.09698
0.954805
0.907767
1.08967
1.08621
1.08127
0.992435
0.96655
0.873215
1.06487
0.919104
0.9934
0.920776
1.07396
1.07082
1.05872
1.09267
0.884167
1.09137
0.971496
0.840252
0.981774
1.10485
0.979745
0.811435
0.927557
1.0052
0.871285
1.02245
0.97084
0.978727
1.06322
0.912989
0.966765
0.947137
0.954733
0.950577
1.09769
0.97943
0.975291
0.950301
1.19676
1.06053
1.08726
0.945682
1.00275
1.06696
1.0064
1.02873
0.872314
1.1101
1.06402
0.905729
1.10057
0.872482
0.96305
1.23991
1.02288
0.875584
1.10975
1.05581
1.14248
1.13837
0.948107
1.01714
0.976451
0.950558
0.937677
1.00592
1.07956
1.01652
1.13143
0.811431
1.02986
0.848852
0.828634
1.05753
1.09669
1.04852
0.784339
1.01031
0.935848
1.08265
0.942985
0.894193
0.826458
1.16656
1.09569
0.86729
0.984416
0.933363
0.886955
0.99338
0.858812
0.959707
1.04306
0.960364
1.10086
1.07368
0.895546
0.977232
1.04563
1.06417
0.952507
0.937587
1.03068
0.922053
1.19863
1.10108
0.915727
0.910932
0.860725
1.00143
0.938228
0.952173
0.841337
1.08088
0.956052
0.967292
0.948849
0.809743
0.978397
1.23504
0.985458
1.01397
1.17791
1.01761
0.978003
0.878363
1.2135
0.985704
0.977739
1.19403
0.82618
1.00536
0.998804
0.891285
0.999727
1.12325
1.10238
1.06954
0.734554
0.939608
1.2648
1.11911
0.924973
1.05904
1.05025
1.23725
1.0183
0.946481
1.0559
1.0592
1.00842
0.999733
0.901838
0.913047
1.11527
0.962665
1.01451
1.10671
0.888346
1.07333
0.977645
0.900345
0.915437
1.03667
1.23659
1.00738
0.84859
0.992573
0.997799
0.960692
1.19034
1.04396
0.981771
1.11224
0.90558
0.867007
1.17811
0.904019
0.861351
1.06826
1.02841
1.02263
0.89825
1.0209
1.01802
0.965998
1.07383
1.16807
0.981727
0.95067
0.963183
0.90605
0.881494
0.987908
0.874816
1.07388
0.82221
0.94503
1.10531
0.90496
1.08174
0.783564
0.986719
1.22125
0.977819
1.15213
1.19356
0.93152
1.01275
0.999632
0.996828
1.00801
0.921487
0.930639
1.21552
0.943599
1.0671
0.988935
0.984825
0.83864
1.06264
0.996183
1.05816
1.03613
0.939295
0.912997
0.946729
1.05309
0.985303
0.950211
0.767091
0.868389
0.99446
0.898397
1.03501
0.990057
1.02515
1.02534
1.13812
1.00571
1.06491
0.936293
1.06383
0.895218
1.01731
0.82952
0.88047
0.951155
0.851856
1.14875
0.949223
1.08418
0.988013
0.915927
0.916431
1.16432
1.18259
0.879655
0.929494
0.923894
0.951233
0.903638
0.969423
0.872477
0.964253
0.930509
0.81646
1.07665
0.975563
1.00859
1.06142
0.946738
0.92487
0.939836
1.02014
0.931474
0.825368
1.09544
0.985544
0.976152
0.967297
1.13142
0.886718
0.927739
1.06186
0.862831
0.899987
1.10564
0.845837
1.08761
0.904383
1.02958
0.977847
0.915383
0.953424
0.954454
0.883512
1.03943
0.967354
0.997875
1.2445
0.905267
1.04122
1.13788
0.946369
1.21077
0.993334
1.07638
1.2328
1.0648
1.06562
0.958205
1.02115
1.07585
0.870667
1.1697
0.863705
0.983349
0.947835
0.996069
0.885533
1.14983
0.971249
0.775784
1.14405
1.01283
0.942407
0.967683
1.01218
1.01471
0.86309
1.07694
1.00541
0.998839
1.11205
1.02451
0.903014
1.08859
1.05666
1.13441
1.05493
1.03413
1.11876
0.944833
1.17064
1.09115
0.955261
0.973544
0.765896
0.883359
0.949961
0.995759
0.866668
0.950573
0.803965
1.10789
0.818532
0.829368
1.17916
1.16491
0.982729
0.912051
0.997939
0.942703
0.930248
0.923012
1.04434
1.06391
0.99444
1.02059
0.927596
0.818551
1.04592
0.941769
0.747918
1.07791
1.05531
0.884764
0.838765
1.10054
0.896903
0.901676
0.895304
0.818601
0.990282
0.865023
1.11692
0.990824
0.938838
0.837642
1.1292
0.895901
1.19228
0.869223
0.958104
1.0681
0.922235
0.831959
0.844364
1.07788
1.04943
1.16725
1.03498
0.993856
1.00192
1.00048
0.875951
1.00659
0.920403
1.02397
0.952753
1.05667
0.994558
1.00993
1.11491
1.06515
0.874057
1.04232
0.973881
1.04431
1.01825
0.729431
0.939523
0.99742
0.984451
0.839708
1.02881
1.14557
1.0809
0.956954
1.0787
0.802059
0.961283
0.921016
0.959159
0.997062
0.8844
1.21418
1.07764
1.03892
1.0213
1.01418
0.965875
1.00943
0.967238
1.05863
0.96435
1.04299
1.0161
1.1157
1.01841
0.988316
0.817026
0.968388
0.956885
1.13685
0.897586
1.00783
0.853128
1.02592
0.945445
1.09583
0.934524
1.0402
1.17221
0.934834
1.04554
0.866047
1.05112
0.986712
0.987136
0.816765
1.03055
0.898596
0.974201
1.15936
0.973741
1.00715
0.987868
1.07719
1.04156
1.05703
1.06959
1.14398
1.11568
1.1282
1.01121
1.11995
1.09908
0.844336
1.00334
1.22795
1.02642
0.938321
1.07548
0.880834
1.10703
0.970652
1.01436
0.974013
0.919466
0.923237
1.04675
1.01652
1.13298
0.997295
0.917557
0.873792
1.09224
1.11137
1.06225
1.01905
1.07305
1.04998
0.881418
0.928897
1.00487
1.13255
0.935441
0.733323
0.971677
1.08791
1.04926
0.912529
0.837104
0.910864
0.981024
1.19876
1.01011
1.05937
0.934039
0.948996
0.929103
1.03802
1.03986
1.08288
1.05781
1.01136
0.947505
0.938617
0.925004
0.992558
0.96051
0.972261
0.770306
1.37954
1.12733
1.09964
0.821773
1.16753
0.995735
0.926985
0.957558
1.07464
1.17602
0.908695
0.941604
0.876587
1.22368
1.19013
1.19123
0.863511
1.12907
0.948422
0.946111
0.980913
1.03841
1.05953
1.15444
0.960536
0.993798
0.904149
0.93334
0.886143
1.00033
1.12436
0.90657
0.997075
0.964801
0.742183
1.05904
1.19719
1.10574
0.88419
0.976981
0.964449
1.03146
0.881351
1.0558
1.00459
0.864876
0.922127
1.02508
0.989151
1.05826
1.06776
0.958386
1.12438
0.988791
1.08907
1.02116
0.826918
1.12055
1.11536
0.914062
1.13506
0.94316
0.966917
1.05699
0.83228
1.26617
1.07186
1.11634
0.873258
0.982255
1.02742
1.05672
0.842432
1.11275
0.874319
1.10087
1.19819
1.04689
1.31139
0.841267
1.09955
1.03688
0.863279
0.986124
1.07097
0.943673
1.13174
1.03261
1.21061
0.874403
0.970632
0.878212
1.15561
1.05862
1.07071
1.01628
1.03972
0.951739
0.984137
0.857996
0.938074
1.05288
1.03963
0.81544
1.05665
1.15843
0.862204
1.20631
0.921654
1.05349
1.11958
1.03664
0.995942
0.94849
1.33499
1.05342
1.0842
1.00679
1.05984
1.04308
0.846165
1.00251
1.12108
0.872977
1.05623
1.00388
1.05334
1.07136
0.957009
0.87249
0.883997
0.815089
0.946384
0.866914
1.16236
1.1295
1.17248
1.1781
0.969369
1.10708
1.03485
0.873202
1.11136
0.991721
1.09039
0.943986
1.12105
0.969377
0.952425
0.923888
0.894844
1.05766
1.05438
1.08471
0.826239
0.918089
1.01687
1.19155
0.951435
0.932876
1.0667
1.1169
0.937731
1.01597
1.03406
1.0054
1.04107
1.02802
0.973436
0.932432
1.1186
1.08968
0.910128
1.09527
1.06192
0.964162
1.00689
1.01921
1.09014
0.961033
1.05871
1.02935
0.841146
0.995042
1.04518
0.992521
1.02818
0.994007
0.998441
0.999194
1.14286
1.0074
1.17196
1.17086
0.995007
0.902861
0.959792
0.90282
1.12542
1.18233
0.971545
1.00685
0.955715
0.979723
1.07179
1.10701
1.0848
0.96434
1.0666
1.00129
0.910181
1.09021
1.03932
0.99303
0.866761
0.994744
1.00822
1.02168
0.959355
1.03791
0.975806
1.00023
1.0672
1.12578
0.911311
1.07195
0.858244
1.03574
1.10294
1.07922
0.990004
0.988122
1.05265
0.915261
1.08364
0.919797
0.901287
0.780211
0.973826
0.99798
1.03639
0.908543
1.05168
1.07579
1.07999
0.96541
1.15701
1.02861
0.905132
1.10912
0.911298
1.02271
1.15494
1.11516
0.969082
0.948023
1.02174
0.927415
1.01527
0.894951
0.983279
1.05712
1.06526
1.13602
1.07623
1.01138
0.941264
1.00536
0.982908
0.96378
1.00816
1.01035
0.978302
1.06587
0.924368
1.06338
1.00975
1.06586
1.12872
1.03546
1.25152
0.886838
1.1256
1.07274
0.996489
1.10375
0.995834
1.10432
0.862523
0.969965
0.964415
0.860268
1.02286
0.837815
0.959848
1.09495
1.11063
0.984821
0.960945
1.15725
1.09694
0.898668
0.811866
1.0802
1.36349
0.889305
0.859497
1.10025
1.00833
0.991504
0.858601
0.946113
1.09698
0.822709
1.06363
1.08462
0.822614
0.947899
0.968759
0.888313
1.16374
1.04348
0.862486
1.03465
0.962965
1.1055
1.02275
1.04709
1.10625
0.891632
0.897239
0.986505
0.987698
0.893258
1.01538
1.2721
1.10117
0.889089
0.984298
0.914538
0.93977
0.989231
0.93776
1.15544
0.871759
1.07952
0.961779
0.932196
0.93969
0.993378
1.15668
0.925851
0.976398
1.05326
0.858099
0.825281
0.986228
1.16581
0.904541
1.1696
0.992189
0.829215
0.838459
0.954898
0.892134
0.977322
0.982371
0.880637
0.938093
0.915395
1.02507
1.0228
1.26338
1.24562
1.0549
0.97334
0.910639
1.15667
0.803783
0.963169
1.10622
0.983028
1.04462
1.05224
1.19298
0.912722
1.0074
1.12773
0.973801
1.05116
1.11073
0.984666
1.06738
1.02119
0.960333
1.09006
1.00022
0.96959
1.02553
1.10792
0.937928
0.951603
0.96617
1.02596
0.950671
1.02119
1.18584
0.87029
1.07072
1.14964
1.07342
0.990256
0.989305
1.01822
1.14251
0.901258
0.925648
0.915201
1.00128
1.08682
1.05861
1.01602
1.03053
1.0578
0.91911
0.965271
1.08897
0.917115
1.12797
0.947847
0.895511
0.889299
0.907172
1.00342
1.08298
1.1572
1.12218
1.05535
1.11865
0.888951
0.909402
1.16663
0.934086
1.04164
0.833347
0.995046
0.857109
1.05724
0.995903
0.917188
1.03395
1.12448
0.949288
1.02273
0.920236
1.09775
0.964278
0.971635
0.988744
1.12576
0.961463
0.886455
1.0677
0.995497
0.998691
0.906999
0.972401
1.01386
1.20589
0.799464
0.858861
1.06654
0.906571
0.994918
0.988841
0.928749
0.935591
0.959587
0.819259
1.02688
1.11614
0.992068
1.038
1.14474
0.933898
1.17479
0.935388
1.02923
0.893791
0.784028
1.0567
1.04576
1.06494
0.86268
0.930979
1.00646
1.14618
0.992151
0.882034
0.969977
0.983137
1.01485
0.899451
1.0996
0.955974
1.13077
0.916251
1.01607
0.98533
0.920017
1.0267
1.03156
1.0048
0.996979
0.924482
1.00798
1.05893
0.980808
1.15181
0.967205
1.04906
1.22727
1.05801
0.969302
1.29808
0.990578
1.18591
1.10128
0.9748
0.875047
0.879789
0.913025
0.846454
0.931597
1.10037
0.978194
1.02723
1.04804
1.00974
1.13936
1.12256
1.06693
0.935752
1.12903
0.965583
0.99346
1.11339
0.977287
1.17915
0.810089
0.995174
0.897387
1.01413
0.875965
0.998627
1.11623
0.950267
0.96409
0.886563
0.864838
0.936697
0.949098
0.932305
0.881784
0.789838
0.937692
1.00137
1.01438
1.03895
0.917587
1.06161
0.965422
0.999234
1.06258
1.09073
1.02995
1.04887
0.98327
1.05945
0.971871
0.958022
1.08378
1.02602
1.15859
0.929151
1.03914
1.00202
0.990474
1.0271
0.951724
0.993117
1.2203
1.14681
0.831175
1.02668
1.03227
0.928137
0.786998
1.28624
1.00647
1.19058
0.91695
0.963163
1.03811
1.05401
1.03798
1.08795
0.860203
0.996476
1.01053
0.970366
0.904681
0.827951
0.976703
0.874309
0.896445
0.989346
1.07467
0.981202
0.965222
0.976478
1.11871
1.06126
1.17713
0.918914
1.302
0.866481
0.89361
1.07401
0.966996
0.885334
1.04478
0.953067
0.917359
1.01434
1.31146
1.05998
0.879998
1.12143
1.08387
1.06386
1.30971
0.943863
0.876567
1.10011
0.932299
0.902296
0.91765
1.24802
0.914249
0.941896
1.06955
0.945338
0.996607
1.06635
0.963461
0.969987
1.13271
0.894887
0.976431
0.967234
0.886424
1.01853
0.996999
0.983239
1.01205
1.15513
1.12157
0.893919
0.877279
1.11842
0.967223
0.929556
0.949152
1.0719
1.00302
1.07301
1.00876
1.03051
0.941295
0.939137
0.828844
1.07314
0.955681
0.982739
0.979303
0.874586
0.875863
0.989007
0.983019
0.961842
0.754854
0.956591
1.18373
1.08955
0.967829
1.00495
0.932499
0.95217
1.13277
0.969916
1.00276
0.917227
1.02269
1.14394
1.01694
1.1632
1.00957
0.916798
0.887765
1.01651
0.91175
0.969746
1.09625
0.921195
1.05861
1.10087
0.976146
1.01799
0.927208
1.05147
0.997271
1.0061
0.819638
1.0591
1.15197
0.930345
1.02864
0.862977
1.06838
1.05065
1.12105
1.09793
1.10868
0.907431
1.00033
1.0563
1.1393
0.912805
0.989663
1.07261
1.11186
1.03401
0.930188
0.958431
0.858348
1.17664
1.17394
0.922812
1.10287
1.00604
0.892799
1.10586
1.15662
1.15253
0.847
1.01739
0.908115
1.08238
0.810114
0.87308
1.06142
1.01525
1.10778
0.895932
0.845188
1.00168
0.966582
0.817325
0.980279
0.930986
1.10603
0.855292
0.883063
0.886859
1.13693
1.0391
1.03071
1.12565
1.06796
1.01032
0.936109
1.01723
1.02152
1.06157
1.16228
1.15717
1.17795
1.17677
0.884979
1.03052
1.01235
1.09899
0.889546
0.885544
0.905477
1.00769
1.01469
1.06017
1.04022
1.00862
1.21369
0.941193
0.94351
0.970292
1.13289
0.957547
1.01811
1.03474
0.943164
1.08526
0.977941
1.10722
1.03328
1.06143
1.08076
1.21087
1.06914
0.865838
1.08376
0.963155
1.0481
0.956071
1.03451
1.00138
1.19788
1.02882
1.01373
0.970594
1.02435
1.17339
0.939153
1.01979
0.92454
1.02954
0.972004
0.916508
1.00548
1.15533
0.942566
1.00242
1.08077
0.986016
0.877014
1.00741
1.19137
1.12209
1.0252
1.06226
1.0195
0.985175
1.15472
1.03321
1.04341
0.951764
0.967842
0.9161
1.11449
0.87384
1.16539
1.12399
1.08393
0.896875
1.16458
0.948106
0.907407
0.956968
1.008
0.952958
0.980739
1.0142
0.662709
0.942859
0.947309
0.978586
1.09195
0.863825
1.13031
1.20129
0.95159
1.09241
1.01263
0.929807
1.01366
0.916107
0.866391
1.02838
0.965964
0.995441
0.92277
1.01073
0.864045
0.942986
0.888144
1.0436
0.867591
0.771079
0.98972
0.865018
1.00524
0.982621
0.939944
1.02999
0.932623
0.978745
1.00995
0.929933
0.954605
1.06582
1.00799
1.00651
1.08583
0.939712
1.13
1.04841
0.97921
0.915931
0.884482
0.965656
1.02789
0.807936
0.928879
0.962347
1.21176
1.14297
0.870264
1.12799
1.15897
1.05308
1.16022
0.994651
1.15009
0.933038
1.01495
1.06367
1.07114
0.916647
1.01691
0.921926
0.98943
1.05567
0.929148
1.03903
1.20665
1.02876
1.01923
0.942014
1.0511
0.889345
1.05205
0.968183
0.920184
1.10036
0.999712
1.16315
1.00223
0.887585
1.16651
0.922495
1.08904
1.07556
1.03044
1.08997
1.10341
1.037
0.942496
0.933304
0.971933
1.0166
0.85346
0.914751
0.757359
0.995193
0.962192
0.979827
0.912225
1.01406
0.921383
0.801832
1.13942
0.875862
1.14391
0.944953
0.921781
0.972293
0.913932
1.11432
1.06536
1.01651
1.14687
1.06256
0.867292
0.967964
0.805114
0.907826
0.963567
1.19053
0.904456
0.990326
0.874637
1.01408
0.874674
1.07863
0.912604
1.0092
1.11984
0.818169
0.932215
1.12654
1.12759
0.978184
1.04023
0.817055
1.0119
1.08218
1.14439
1.08697
0.928707
1.01974
0.984126
1.00979
0.890642
1.1505
1.14938
1.16001
0.89805
0.844197
1.04464
0.917899
1.07586
1.24235
0.940421
1.13914
1.14572
1.0813
1.00825
0.933683
1.15487
1.04032
0.994645
0.911488
1.08431
0.90032
0.968016
0.790829
1.08191
0.948711
1.09848
0.95551
1.02077
0.931243
0.836023
1.03467
0.92142
0.875796
1.05263
1.0845
0.943115
1.01533
1.27243
0.999848
0.978352
0.902326
1.00474
1.00653
0.961873
1.03627
1.00906
0.983474
0.943697
0.913426
0.919966
1.10383
0.963291
1.13784
1.11143
0.891916
1.05825
1.09024
1.21008
1.09831
1.00162
0.889264
0.915178
1.11466
1.00652
0.908172
0.86612
0.891623
0.907318
1.00921
0.855988
0.807398
0.921658
1.05067
1.00759
0.920497
1.0762
0.90056
0.987131
0.930911
1.05063
0.880045
1.01878
1.17733
1.10699
0.986435
0.923746
1.36789
0.861831
1.05733
1.19859
1.16406
0.982321
0.955944
0.964083
0.910469
1.09892
0.957674
1.01526
1.07189
0.930679
0.928188
1.0359
0.859746
1.07835
1.02769
0.983124
1.07636
1.21711
1.03875
0.986009
1.09493
0.978198
0.942091
1.07024
1.17336
1.05183
1.01541
0.990881
0.859085
1.11911
0.794157
0.893881
0.824917
0.868556
0.949349
1.01842
0.742861
1.0183
0.88998
1.04652
1.01867
1.08856
0.918201
0.987125
1.03893
1.07479
1.1118
0.947889
1.06732
0.979498
1.01376
0.891605
1.09624
0.935894
0.949925
0.949441
1.06762
0.95977
0.858497
0.903996
1.08569
0.905749
1.04939
0.932268
0.913935
0.970303
0.970441
1.00131
1.19329
0.976591
0.880285
1.11297
1.20845
1.00407
0.885536
0.93827
0.962392
1.08461
1.00148
1.02776
1.19467
0.883352
0.857948
0.860581
0.918849
1.0215
0.9832
0.894631
0.949022
0.948798
1.09782
0.857751
0.94168
0.967607
0.934501
0.952096
0.937728
1.11087
0.805903
0.964745
0.988112
0.834097
0.945739
0.876798
0.884865
1.03762
1.23231
1.11394
1.04063
1.00694
1.13852
0.904553
1.11248
1.05344
0.989731
1.11506
0.959586
0.897289
0.916448
0.957299
1.14337
0.921171
1.04668
1.05789
0.986862
1.17511
0.998897
0.961863
0.883327
0.946895
1.05934
1.06472
0.88581
1.13765
1.08025
0.962893
0.842106
1.09375
0.980363
0.962799
0.925952
0.830041
1.10078
1.04157
0.814407
0.979411
0.93356
0.775875
1.28928
1.08229
1.07528
1.05019
0.931383
1.00179
0.986967
0.934913
0.839664
1.09817
1.05229
0.970182
0.997756
0.916721
1.07592
1.04941
0.994947
0.959515
0.922013
0.974738
0.915731
1.18487
1.13758
0.954802
0.951564
1.0862
0.920279
0.896398
0.971016
1.04127
0.86891
0.987401
0.962777
0.777117
1.00589
0.931826
1.01623
1.01267
0.82652
1.03925
0.894978
0.977606
1.03483
0.95952
0.961207
1.06109
0.953623
0.955793
1.04037
1.08054
1.0076
0.951714
1.04869
1.05981
1.085
1.06892
1.09107
1.05308
0.841454
1.06531
0.878285
0.994802
1.02448
1.07761
0.910828
1.08368
0.84636
1.04195
1.08745
1.04968
0.936768
0.925611
0.968596
0.974005
1.25262
1.05056
0.826649
0.823134
0.935518
0.843263
0.969364
0.935662
0.970594
1.10121
1.0371
0.808482
1.01092
0.877243
1.01736
0.929028
0.921009
1.13893
1.02991
0.880643
0.912942
0.896137
0.951476
1.01421
1.05744
0.878974
1.01236
1.01442
0.996476
1.05186
0.939192
0.895071
1.07208
1.06237
1.00385
1.03339
0.890977
0.876862
1.14831
1.04136
1.0486
1.04404
1.0023
0.879354
0.823701
0.917141
0.968392
1.00843
0.910198
1.10884
1.27745
1.10622
1.04318
1.19167
0.908057
0.940123
0.924787
0.970344
1.10495
0.96502
1.18216
0.93667
0.9055
1.18299
1.08386
1.24819
1.12965
0.968479
1.02477
1.02901
1.12503
1.00432
1.08435
0.905655
1.12231
0.99103
1.1558
0.971249
1.03897
1.09271
0.89147
0.897952
0.816192
1.01676
0.85303
0.970516
1.06036
0.942497
1.16191
0.998946
1.02154
1.04085
1.014
0.89428
0.943874
1.06886
0.979778
1.08914
0.977265
1.05831
0.991019
1.03877
0.951004
1.04337
1.13922
1.00809
0.976099
0.918292
1.03344
1.03402
1.1109
0.97821
0.976309
0.935064
1.01918
1.26861
0.969762
0.913526
1.05041
1.10096
1.04931
0.696418
1.01542
1.03467
1.14721
1.10583
0.971881
1.14059
1.13107
0.934787
1.0459
0.95359
0.933218
0.927727
1.18741
0.866767
1.02687
0.94922
1.09196
1.03468
0.961719
1.01994
0.966791
0.988996
1.08556
0.866289
0.839016
0.899663
1.05383
1.0979
1.05602
0.959416
1.15901
1.03631
0.952868
0.912765
0.897652
0.882597
0.869482
0.894373
0.900377
0.749681
0.834414
1.20389
0.893741
0.850373
0.933588
0.928386
1.08497
1.01524
1.00366
0.901498
0.925107
1.14127
1.07836
0.946564
1.05955
1.18963
1.15428
0.968061
0.96817
0.724022
1.01063
0.917331
0.790288
0.976742
1.12335
0.946353
0.962306
0.987877
1.12496
0.925064
1.01421
0.940522
1.17687
1.14459
0.977497
0.968183
0.92535
0.798731
1.04104
0.887023
1.03845
1.01915
0.832022
1.00245
0.972054
0.920787
0.996828
0.854849
1.15178
0.953424
1.15563
1.00087
1.11247
1.04195
0.982669
1.02656
0.886644
0.92426
0.982376
1.03828
1.03474
0.889131
0.870188
0.977758
1.06832
1.1204
0.823443
0.88566
1.20304
1.04353
0.992622
1.20723
1.1103
0.874489
0.986433
1.01755
0.773026
0.977882
1.08539
0.97335
0.838553
0.925627
0.908131
0.89787
1.01407
0.921399
0.972517
0.915307
1.11661
0.860455
0.938077
1.0388
1.07627
1.10167
0.905241
1.02881
0.905014
1.14801
1.18816
0.845957
1.00891
0.891513
1.07813
1.10995
0.991729
0.977026
1.11384
1.0104
1.15138
0.949345
0.936241
0.906591
1.16038
1.15123
1.05176
0.857096
1.12619
0.925355
1.0678
0.917394
0.916133
0.839791
0.981356
0.986576
1.02314
1.05017
0.795484
1.06465
1.11163
1.0004
1.02592
0.974279
0.851537
1.0084
0.971056
0.982315
0.93239
0.933965
1.2161
1.00119
1.03507
0.847571
1.0472
1.01366
0.960249
0.992482
0.996029
1.02739
1.08425
0.998522
0.94703
1.155
1.05496
1.09935
0.919241
1.05579
0.930193
0.900983
1.04756
0.873392
1.01684
1.04786
1.08752
1.00078
1.112
1.05214
0.933101
0.944268
1.11351
1.11691
0.932425
1.04811
0.9027
1.05374
1.00385
1.06236
0.988929
0.862288
0.948429
0.853172
0.865189
1.24662
0.71633
1.00243
0.955782
1.00604
0.894118
1.13218
1.12831
1.03748
1.07489
1.09952
1.07285
1.06082
1.03161
0.974779
1.16641
1.02928
1.03592
0.771833
0.907909
1.2182
1.02994
0.831639
1.11773
1.09464
0.899849
1.0949
1.01817
1.10361
0.820435
0.958558
1.01014
1.06475
1.00567
1.05727
1.00555
0.979833
0.983032
0.892948
0.863447
0.897449
1.03821
1.08685
1.03378
0.801996
1.02832
1.05382
0.930677
0.896938
1.10718
0.955676
1.01614
1.01037
0.838325
0.974363
0.833512
1.03015
0.826195
0.931988
0.975647
1.12536
0.906516
0.963597
1.14028
0.91322
1.0456
0.991126
0.998996
1.03278
1.02367
1.05697
0.84278
0.786005
1.09471
1.18384
0.962231
0.960631
1.06893
1.15922
0.977166
1.05782
0.940399
1.1285
1.14761
0.989554
1.09058
0.938864
1.00116
0.992927
1.13174
0.822628
0.901495
0.895234
1.04806
1.09688
1.11717
1.08228
0.875508
0.993632
0.82219
0.995942
0.849465
1.00546
1.05009
0.994124
0.957954
1.02742
0.958313
1.18413
1.10286
1.06304
0.832902
1.04682
1.18263
0.916314
1.00045
1.12994
1.07785
0.97352
1.15991
1.06477
1.13729
0.914354
0.992513
0.967899
0.93109
1.21626
0.788763
1.21883
1.16992
1.19013
1.07116
0.912234
0.814713
0.75174
1.03929
1.00221
0.969981
0.908724
0.96146
0.968091
0.806699
1.0762
1.14886
0.995447
1.08209
1.05693
0.882474
1.0267
0.946815
0.937961
0.969381
1.19536
0.905432
0.859316
1.15258
1.01028
1.09799
1.07998
0.896591
1.18727
0.949139
0.880678
0.971307
0.941008
1.12321
1.13838
0.925099
0.784336
0.915261
0.932545
1.0894
1.05674
0.946239
1.05061
1.07369
0.971928
1.08629
1.03602
1.04315
1.04107
0.900303
1.01119
1.11702
1.15869
1.13853
1.11805
0.828596
1.05244
0.951483
0.99392
0.801179
0.740983
1.03239
0.956598
1.081
1.03415
1.14115
0.877999
1.01591
1.02091
1.01523
0.879428
1.02662
0.815752
0.858086
0.717925
1.05036
0.912507
0.94183
1.07579
1.18285
1.1214
1.01359
1.11221
1.04459
0.776917
0.890179
0.952372
1.1908
1.0365
0.974386
1.16617
1.02231
1.00709
0.940916
0.939578
1.02972
0.966727
0.968607
1.12447
0.794368
0.803305
0.967363
1.04141
0.788347
0.948854
1.01263
1.09195
1.06229
0.957319
1.06823
1.03285
0.933314
1.18233
0.978138
1.03747
1.16312
1.14221
1.05838
0.956796
0.878181
1.22567
1.15293
1.01379
1.09591
0.959274
1.10574
1.14721
0.917568
1.07092
1.05861
0.850416
1.21183
1.10932
0.85241
0.934381
1.04735
0.744119
1.07863
0.926928
1.14014
1.11179
0.81689
1.06362
1.13066
0.902493
0.830424
0.897047
1.01266
0.870572
0.933139
0.941785
1.00169
1.07786
1.04753
1.07851
0.814043
0.888143
0.78924
0.979026
1.07307
0.900024
1.02206
1.0312
0.981034
1.04731
0.853591
1.01299
1.04658
0.934445
1.05958
1.03552
0.998942
0.949973
1.03219
1.28289
0.928985
0.891811
0.836806
0.84877
1.04511
1.08555
0.857034
0.967793
1.03251
0.923697
0.93825
0.951547
1.14756
0.909443
1.05125
0.910327
0.874989
1.17672
1.07109
0.896016
0.94152
1.01891
0.840338
0.931339
0.867172
1.03469
0.967069
0.986397
0.974547
0.90992
0.812681
0.770064
0.866824
0.931508
1.05444
1.10668
1.04533
0.860528
1.04984
0.934414
1.08458
1.04636
0.913798
1.03306
1.03577
1.10825
1.05569
1.0751
0.903552
1.02259
0.962046
0.894137
1.18645
1.09674
0.948369
1.03645
0.917686
1.00221
0.831836
1.02356
1.07048
0.930156
1.13005
0.872953
1.04629
1.04017
0.957819
0.742296
1.09453
1.07393
0.997235
1.02357
1.20132
0.993407
0.981575
1.01599
0.856133
1.0175
1.07891
0.988185
1.05104
1.18286
0.923336
0.950459
1.2775
0.999
0.911692
0.756411
0.84872
1.08718
1.22386
1.14905
1.11315
0.908383
1.0507
1.09005
1.17179
1.08613
0.911122
1.11386
1.04553
0.994693
1.05193
0.871771
0.933672
0.940965
0.92853
0.885161
0.988725
1.05748
0.872743
0.869953
1.16534
1.03864
0.891153
0.897019
1.09311
0.936627
0.900713
1.0855
0.877805
0.964965
1.00226
1.08169
0.984526
1.03648
0.944387
0.914659
0.933424
0.989749
0.913255
1.01857
0.883381
0.748814
0.962032
1.06342
1.08005
1.02363
1.03619
0.889669
0.809047
0.969218
1.10623
0.964575
0.8969
1.08869
1.1635
1.03455
1.00394
0.938033
1.1169
0.906428
0.919996
0.874974
1.07934
0.770927
1.15127
0.992617
0.925273
1.15628
0.854644
1.09308
0.938908
1.04448
1.08564
0.97669
1.2502
1.0314
0.947811
0.917471
0.869048
1.05464
0.998095
0.960589
1.04858
0.85049
1.07486
0.952412
1.11188
0.939776
1.08908
1.13912
1.00069
0.867994
1.17053
1.23407
1.0777
1.0736
0.938174
1.01297
1.07808
1.06201
1.06531
0.805795
0.900748
0.994221
0.798777
1.0625
1.04173
0.83771
0.900661
1.14242
0.844609
1.04076
0.888903
1.00192
1.06025
1.10767
0.94407
0.907211
1.22602
0.922344
0.974093
1.10844
1.11059
1.101
1.06182
1.00472
1.04089
1.01533
0.910174
1.01598
1.0496
0.837676
1.08352
0.921943
0.959957
0.928448
1.31465
0.823681
1.03399
0.986665
1.13034
1.10996
1.06486
0.925666
1.02282
0.829938
0.864077
0.991654
1.08313
0.940912
1.07555
0.994913
1.03945
1.05117
0.99401
0.945869
0.953835
0.855669
0.879637
0.97979
1.15332
0.98849
0.993379
0.949258
0.854626
0.914956
0.982214
1.0695
0.937243
1.03751
0.989086
0.944371
1.18281
0.958131
0.94467
0.788882
0.84574
0.99869
0.986221
1.09571
0.893339
0.993378
0.940525
1.02428
1.07793
0.931919
0.860547
0.884483
0.99851
1.08184
0.946365
1.04711
0.828998
1.05025
0.956252
1.0441
0.839466
0.884039
1.1076
1.11193
0.894151
0.842483
1.12892
1.01934
0.91426
0.939053
1.14043
0.912716
0.916718
1.00196
1.038
1.07113
0.905553
1.01102
0.812495
0.933635
1.24552
1.02637
1.18117
0.911556
0.990844
0.992793
1.04543
1.00212
1.21677
1.04289
1.02387
1.00312
1.00414
0.766725
0.896132
0.966315
0.80473
1.11133
1.00326
1.09399
1.06545
0.902862
0.994518
0.969864
1.13637
0.895956
1.30919
0.943943
1.08193
0.928005
0.870859
1.03724
0.946285
0.990365
1.0295
0.908143
0.890262
1.10918
0.806745
1.10075
0.87887
1.01461
1.00313
1.00586
0.998364
0.968283
0.941053
0.997648
0.982574
1.09311
0.937358
0.952644
0.95859
1.04333
0.960154
0.995662
1.1624
0.782675
0.980347
0.902619
1.02301
0.872701
1.1995
1.11981
0.949548
1.07695
0.839186
0.969927
1.0029
0.912693
0.999117
0.963285
1.05784
1.31733
0.926349
1.05233
1.10247
1.06505
0.95909
1.06553
0.963565
0.976518
0.913583
1.24986
1.02286
1.08895
0.795201
0.914086
1.14795
0.901806
0.973545
0.899722
1.12799
0.906916
0.962366
1.1953
1.03777
1.02873
1.08703
0.893856
1.13845
1.11649
1.10985
0.942517
0.826252
0.971487
1.09467
0.982343
0.978103
1.06783
0.959133
0.983563
0.987324
0.941712
0.796399
1.04341
0.882465
0.805526
0.984465
1.05434
1.0121
0.862286
0.952298
1.03647
1.06504
1.11181
0.875144
1.00463
0.907375
1.02839
1.17506
1.03025
1.07998
1.04568
0.903191
0.898687
1.11188
1.00978
1.08591
0.933118
1.03349
0.89987
1.05183
0.920561
1.06065
1.02923
0.950619
0.938858
1.08787
0.967295
1.13488
0.94576
0.956251
1.02454
1.00344
1.12669
1.06093
0.886203
0.988705
0.95528
1.03442
0.901335
1.13632
1.0402
0.952442
0.956058
1.09073
1.03546
0.904724
0.981804
1.10858
0.864688
0.845626
0.829784
1.1588
1.17099
1.06813
0.926871
1.00235
0.848073
0.929873
1.10707
1.06113
0.997601
1.16432
1.09755
0.885319
1.07494
0.916978
0.858626
0.830786
1.11783
0.938022
0.979931
1.0035
0.90319
0.938201
0.919888
0.888656
0.848256
0.973827
0.873161
0.8835
0.967497
0.963567
1.18144
0.956865
0.922697
0.991629
0.921634
0.877232
1.16596
1.04466
0.946212
0.99259
1.05575
1.10789
1.06848
0.963261
0.792167
0.796204
1.04651
1.0241
0.928195
0.834784
0.968672
1.01309
0.930367
1.00628
0.996679
0.895497
0.972168
1.13489
0.905097
0.874547
0.938657
1.00138
1.01761
0.915612
1.15141
0.904191
0.991717
0.953131
0.876497
0.966947
1.10549
0.882801
1.05213
1.14456
0.985871
1.0734
1.03673
1.08227
0.964349
0.985347
0.832384
0.877471
0.953265
0.844536
1.12234
1.10819
0.928133
1.08488
0.913481
0.911447
1.06233
0.860798
1.08696
0.963729
0.993848
1.05661
1.15935
1.34417
1.06393
1.04971
1.0792
0.958578
0.903897
1.09211
1.01428
0.936423
1.08329
0.929027
0.95729
1.00797
0.881271
0.86358
1.01947
1.07835
1.03059
1.20193
1.0759
0.879103
1.05087
1.08406
0.982254
0.955622
1.04258
0.826468
1.13242
0.990983
1.04619
1.04534
0.862992
0.902856
1.04039
0.939179
1.04264
0.94937
1.01214
0.854819
0.870368
1.05286
1.27691
1.06884
0.965294
1.09569
0.919132
1.03676
1.19455
0.913137
0.974408
1.02401
1.03727
0.863622
0.937075
1.07839
1.0062
1.01785
1.00618
1.14376
1.02086
0.959176
1.10875
0.880477
0.924834
1.02287
0.92266
0.964051
0.892525
0.835959
1.09414
1.1397
0.993808
1.10006
1.14166
0.936971
1.05327
1.11112
1.06531
0.939598
0.970057
0.95197
1.00679
0.961713
1.03837
1.10368
0.915859
1.07594
1.0873
0.979309
0.855009
0.93632
1.13536
0.972578
0.967405
1.02064
0.864736
1.00995
1.01031
0.911791
0.961916
1.03616
1.10086
1.11109
1.09265
1.01895
1.06588
1.00304
0.884844
1.09594
1.14527
0.943009
1.03817
1.30742
1.04984
0.932881
1.0573
0.956096
1.03828
0.996223
0.949522
0.959414
1.04629
0.971003
0.987827
1.06033
1.01457
0.918244
1.03152
0.92263
0.983972
1.08284
0.891582
1.06138
1.05064
0.915251
0.931661
1.18191
0.749286
0.883221
0.975732
0.871805
1.04053
1.0228
1.01898
1.06603
0.942503
0.898804
0.986277
1.03907
1.01394
0.881179
1.04616
0.881409
0.814736
0.923004
1.17964
1.04193
0.978086
1.01621
0.91899
1.03673
1.17553
0.966178
0.899821
1.00682
0.963597
1.27778
1.0507
1.01755
0.857771
1.03865
0.840837
1.01339
1.09012
0.920021
0.907838
1.01682
0.888898
1.18934
0.970061
0.856661
0.94419
0.793908
1.0798
0.849967
0.858732
1.01868
0.970667
0.907311
0.886697
0.925892
0.987813
0.989998
1.23203
1.29225
1.13495
1.20704
1.02477
0.963326
1.00315
1.01254
1.09301
1.19554
0.95167
0.953387
1.16142
1.21228
1.04773
0.851752
0.983478
0.999563
0.958011
0.943422
0.935715
1.14367
0.981182
0.836277
1.06662
1.0573
1.07608
0.973645
1.04155
1.0698
0.925827
1.08464
0.967802
0.974326
1.03199
0.98682
0.962033
0.957058
0.862456
1.06776
1.03048
1.00318
1.14112
1.02235
0.788515
0.941387
0.815116
0.963078
0.980865
1.14512
1.2471
0.985389
0.951691
0.838578
1.00771
1.10567
0.91927
0.943562
0.885411
0.93534
1.10733
1.14431
1.14116
1.0384
1.03881
0.957765
0.993801
1.02491
0.968089
1.12498
1.07674
0.909548
1.09379
0.975653
0.921744
1.01493
1.16137
0.880312
0.959335
0.931137
1.00814
0.879555
0.891569
1.04329
0.843743
0.947758
0.949755
0.937201
1.07566
0.982287
1.0661
1.04306
0.884477
1.06446
1.03313
1.03188
1.06983
0.949276
0.993308
0.979037
1.02226
0.864065
1.00276
0.988752
0.927118
0.941243
1.13508
1.10069
0.900735
1.14278
1.00033
1.04086
0.978838
1.11907
1.31642
0.976393
0.975206
1.21581
0.944158
0.931634
1.0685
0.988284
0.978462
0.779412
0.947379
0.99214
1.04773
1.09246
1.20208
0.907143
0.822407
0.913166
0.912191
0.948835
0.96492
0.841021
1.06266
1.05168
1.10112
1.16316
0.976347
1.10399
0.999609
0.915665
1.1635
1.03688
0.846977
0.945159
1.02533
0.821269
1.14227
0.836156
1.01487
1.22717
0.895873
1.12251
0.96127
0.792094
1.07109
0.916223
0.78226
1.08617
1.10399
0.969494
1.20306
0.911014
1.01302
0.979717
1.04096
0.898713
0.994677
1.06804
0.943392
0.979334
0.977021
0.977234
1.02952
1.15807
1.02477
0.891142
1.00324
1.01887
0.755308
0.914507
1.03059
0.924178
0.977977
1.02899
1.13769
0.934869
0.922171
1.04798
0.829962
1.1101
1.02814
1.07045
0.968379
1.00452
1.05237
1.03264
0.956932
0.999274
0.974273
1.06389
1.11907
1.0727
1.07489
0.930598
0.865728
0.945934
0.871491
1.0859
1.016
1.07521
0.911274
1.08156
0.865045
0.934112
0.922303
1.01556
0.891988
1.05287
1.1172
0.90022
0.952861
0.924269
0.893747
1.08751
0.963813
0.997523
1.05658
0.986819
0.948777
0.941441
0.950145
1.04402
1.04662
0.962792
1.05838
1.06798
0.924856
1.04422
0.954065
0.971853
0.91541
0.994703
1.04227
0.946074
1.1817
0.95649
1.13443
1.07826
0.932625
0.875374
0.910126
1.20007
1.07689
1.08533
0.947344
1.23034
0.954846
0.952159
0.997574
0.86083
1.13104
1.08694
1.03853
0.887912
1.02656
0.97986
0.999246
1.09047
1.04562
1.01527
1.06844
1.13594
0.919986
0.811427
1.1105
1.02639
0.923909
1.12406
0.938842
1.06686
1.01602
0.806598
0.911199
0.918746
1.06123
1.04982
0.941092
1.10736
1.07648
0.822189
0.908473
0.93076
1.09707
0.883432
1.10582
1.12398
0.818267
0.929838
0.915137
0.987072
1.04636
0.912294
0.991105
0.993222
1.05806
1.10397
0.956244
1.01851
1.2316
1.07816
0.933162
1.04003
0.915667
0.981842
0.97669
1.02136
1.15863
0.925709
1.02426
0.750023
1.18933
0.985948
1.01492
1.0391
1.01242
1.06284
0.939507
1.06927
1.04856
0.851264
0.922247
0.849043
0.786884
1.10637
0.975942
0.855575
0.974827
1.02526
0.863544
0.981373
0.911107
1.08947
0.986374
0.98063
1.02056
1.0916
1.05274
1.08126
1.03885
0.835909
0.841965
1.18889
0.925367
0.885014
1.04573
1.17467
0.926778
0.989613
1.11535
1.01965
1.09736
1.02129
0.903131
1.12231
1.15718
0.966224
1.0511
0.933834
1.07702
0.982536
0.861202
0.930693
1.13347
1.04283
0.965261
1.22154
1.00796
1.09281
1.17087
0.961074
1.02077
0.951436
0.918768
0.918908
0.90425
0.949886
0.977279
1.08332
0.949867
0.997492
1.05462
1.15371
0.947833
1.13677
0.988293
1.05376
0.998042
0.987951
0.991268
0.882562
1.01177
0.905157
0.988024
1.02001
1.11764
0.916823
1.21409
1.12262
1.02452
0.999278
1.07425
1.03881
1.03535
0.806998
1.07041
0.887593
1.05193
1.07494
0.880464
0.992069
0.987968
1.04774
0.831833
0.88179
0.950554
0.993472
1.00416
1.04335
1.06194
1.06508
1.04269
1.08055
1.06624
0.981816
1.00825
1.01955
1.10728
1.06823
0.981456
1.21169
1.07984
0.949066
1.01262
1.03259
1.11308
0.852614
1.02713
1.10705
0.932458
0.997795
1.05337
1.25114
1.18583
1.06948
0.867498
0.880705
0.877729
1.11442
0.912309
1.04203
0.855229
1.19651
0.970684
0.91546
0.928908
0.936925
1.00323
1.01129
0.963657
1.11716
1.07809
0.891232
0.949316
0.829019
0.976324
1.11187
0.941961
1.12928
1.04249
1.05413
0.916046
0.948369
1.21333
1.04948
0.980223
1.18237
1.04799
1.04809
1.02511
1.06049
0.887991
1.05456
1.03242
0.914972
0.905826
1.065
0.880165
0.955399
0.967039
0.997422
0.937039
0.989267
1.00609
0.88987
0.996676
0.942245
1.04974
0.96983
0.885754
1.04371
1.23625
1.10599
0.845385
0.895995
1.00692
0.967822
1.20733
1.06361
0.95302
0.969022
0.863189
0.819363
1.11305
1.07721
0.843763
1.04871
1.07719
1.0175
0.966034
0.835224
0.973413
0.996783
0.843881
0.862633
0.99729
1.00175
0.892829
1.0684
1.18895
1.20998
1.19982
1.19297
1.09532
1.07439
1.04596
1.05296
1.1316
0.987844
1.05676
1.08634
1.04503
1.22878
0.952471
0.908114
0.956676
0.865138
0.87756
0.757811
0.900659
1.05078
1.09653
0.681302
0.990918
1.02591
1.06378
1.21101
0.715043
1.03293
0.931071
1.07936
0.969898
0.874475
0.998557
1.02033
1.05593
1.0245
0.821399
1.13728
1.01195
0.933939
1.04016
1.1659
0.943701
0.939121
0.966151
0.984011
0.879909
0.882853
1.0989
1.08002
0.943326
0.953269
1.04499
0.854279
0.94673
1.2073
1.01836
1.01157
0.868699
1.09381
1.10223
0.827272
1.00866
0.97946
1.09013
1.08761
1.01022
0.963243
0.915662
0.842963
0.97451
1.0777
1.0822
1.02387
1.2244
0.995804
0.857152
1.18137
0.865995
0.88133
1.03861
1.10368
0.972763
1.05657
1.03251
1.0206
1.0069
1.14268
0.96939
0.943527
1.1175
0.853674
0.88845
0.988793
0.967596
0.966434
0.802249
1.06093
0.918516
1.06075
1.15416
0.919252
1.1406
0.936001
0.853208
0.79334
0.93952
1.07612
1.05291
1.02486
0.979564
0.852158
1.07751
0.944371
0.931725
0.920738
0.962305
0.933768
1.02023
0.9787
1.11923
0.872591
0.996931
0.912973
0.837209
1.02236
0.996602
0.963658
1.17073
0.914201
0.848647
0.840606
0.849553
0.909607
0.837882
1.06113
1.01748
1.27859
0.91004
1.01793
0.871786
1.00418
1.09684
0.949846
0.913083
1.00283
0.962957
1.01355
0.92417
1.16245
0.872683
0.898534
0.993832
0.963745
0.963171
0.918328
0.856913
0.86709
0.858317
1.0783
0.958832
1.06597
0.873618
0.907256
1.07555
1.10228
1.15892
1.26032
0.931064
0.979167
1.03729
0.880527
1.00159
0.908929
0.923126
0.974419
0.937323
0.987841
0.886479
0.957218
0.958756
0.975498
1.09303
0.957881
1.00781
1.12723
1.06318
0.958545
0.965936
0.902602
0.915512
1.12394
0.872125
0.965124
1.11295
1.06452
1.04465
1.13572
0.991669
0.947765
0.971685
0.864421
1.06029
1.10941
1.09786
0.906972
0.976748
0.98733
1.02565
0.857344
0.95988
0.935247
0.971081
1.0361
0.859738
0.944506
1.19109
0.962908
0.869696
0.974339
0.881117
1.20499
1.02905
0.829687
0.991796
1.05669
0.946731
0.950178
1.02333
0.973964
0.959369
0.935654
0.765443
0.975342
1.24905
0.93397
0.949141
1.0037
1.03659
1.01112
1.02007
0.968042
1.06262
1.15833
0.853566
0.921154
1.17504
1.03885
1.06784
0.949263
0.980494
1.01353
0.917681
1.01641
1.08248
0.968155
1.03832
1.14073
1.07075
1.0874
1.02754
0.920704
0.970736
0.999172
0.924649
0.976905
1.08419
1.0804
0.950543
1.03624
0.943408
1.07598
0.933998
0.890002
1.04732
0.925887
0.90125
0.892005
1.00913
0.994372
0.955233
0.972648
1.0419
0.949904
1.05879
1.08142
1.04359
1.13214
1.09456
1.1174
0.907578
0.895295
1.03431
1.0477
0.944704
0.938871
0.918694
0.897978
1.01175
0.88069
0.9591
1.13556
1.027
1.00708
1.01681
0.917046
0.881742
1.0273
0.897093
0.92679
0.822192
0.850508
0.942117
0.971388
1.08407
0.95092
0.988652
0.859731
0.929614
0.960498
1.02261
0.951857
1.09808
0.91127
0.866395
0.838201
0.943139
0.885743
0.943162
0.998451
1.15535
1.0266
1.02661
1.00466
0.994362
1.0133
1.09675
1.00732
1.0953
0.984119
0.910518
0.948079
1.08772
1.08786
1.15681
0.922907
0.883896
1.05002
1.02507
1.08648
0.777469
1.01797
1.01583
1.01474
1.0167
1.10355
1.27026
0.937024
1.12971
0.960901
0.957911
0.898201
0.964638
0.948751
1.01327
1.01235
0.966513
0.952662
0.944812
0.888687
0.968014
1.04138
1.07796
1.0693
0.958576
1.12987
0.946596
0.887151
1.00337
0.895429
0.815945
1.06084
1.04156
0.929668
0.987055
0.96634
1.01774
1.06618
0.993374
1.12629
0.99196
1.00004
1.02802
1.04144
1.07617
0.81315
0.988021
1.00487
0.99116
1.08016
0.906138
1.14839
1.17101
1.0442
0.871964
1.1473
1.033
0.940965
0.877837
1.13488
0.738872
0.90397
1.00687
1.03608
1.0698
0.935128
0.96999
0.988833
1.23295
1.10276
0.860375
0.989834
0.992621
1.08276
1.00243
1.07725
1.11735
1.0199
1.21607
0.809875
1.1486
1.01077
1.00469
1.01562
1.09821
1.10227
0.966551
1.01226
0.833
0.866071
1.02325
0.956835
1.03102
1.02079
0.975829
1.02995
1.00271
1.11562
1.04092
1.07017
0.947272
1.11626
0.882217
1.0162
0.89539
0.868667
0.906209
0.986823
1.0314
0.963385
0.929817
1.10649
0.932383
0.914053
1.22063
1.07991
0.933876
1.18307
1.11059
0.929629
0.898049
0.908433
1.02736
1.3093
0.865765
1.10893
1.1411
1.05132
0.873219
0.997939
0.97421
0.974159
0.952699
0.850505
0.936611
0.928687
0.933414
1.1213
1.03047
1.00641
1.1248
0.865702
1.14999
0.947531
1.09369
0.945217
0.861487
0.934004
0.955556
0.96195
0.95613
1.11664
0.949256
1.13108
0.900489
0.858456
0.995538
0.80592
0.961747
1.04855
0.995342
0.862305
1.18867
0.99306
1.00436
0.97593
1.10847
1.08631
1.03235
0.921503
1.03261
0.851781
0.977869
1.13735
0.993632
1.09056
0.710859
0.991366
0.932336
0.982841
0.980273
1.08247
1.07133
0.991505
0.951777
0.837178
0.827114
0.838195
0.97624
1.0664
1.02736
0.907151
1.15231
0.950821
1.05757
0.8929
1.04419
1.11396
1.03923
1.00632
1.06965
1.02779
0.837774
0.814386
0.834234
0.982305
1.0472
0.886709
1.00352
1.17478
0.879025
1.10195
0.976175
0.967042
0.891101
0.869411
1.0194
1.03458
1.02785
1.06648
0.919851
0.822014
1.04306
1.17552
1.13998
1.13146
0.917988
0.986049
0.831414
1.06586
1.15907
1.15132
0.984695
0.976955
0.94618
0.95803
1.02704
1.07535
0.984762
1.14978
0.85523
1.06127
0.973593
0.954375
1.00315
0.8854
1.06297
1.0354
0.906031
1.02822
1.01688
0.963678
0.938176
0.891347
0.931582
0.963853
0.960633
0.990674
0.916331
0.924987
1.0681
0.791785
1.10036
1.09711
1.1286
1.07367
0.982856
0.90083
0.99064
0.958854
0.952632
1.0566
0.94111
0.873542
1.01263
1.02321
1.17589
0.971724
0.975316
1.00111
1.04796
1.08323
0.995268
1.08278
0.990866
0.902643
1.03089
1.02461
0.916497
0.929871
0.922955
0.9184
1.12564
1.13187
1.14592
0.93362
1.14477
0.926299
0.860738
0.888519
0.910357
0.757416
1.11179
0.904907
0.906044
1.03914
0.834211
0.907115
1.04171
0.940979
0.895883
1.03731
1.14408
1.14463
0.940784
0.978043
1.02478
0.893076
1.03585
1.12722
1.04096
1.07843
1.14683
1.01117
1.28569
1.02557
1.05984
1.19476
0.995248
1.06813
0.998202
0.90419
0.918821
1.11932
0.970535
0.990053
1.08357
0.792419
0.986798
0.936854
0.754659
0.778464
0.879631
0.885629
0.918351
1.03764
1.00193
0.857628
0.971299
0.875395
1.07363
1.06591
1.05938
0.890935
0.97688
0.861668
0.987926
1.09742
0.7475
0.92918
1.09038
0.934022
0.92027
1.11121
0.985318
0.934296
1.0707
0.93191
1.11254
0.959021
1.08614
0.950654
1.05879
0.943066
0.891001
1.19266
1.13184
1.06912
0.983528
1.11215
1.15462
1.11157
1.03928
0.997063
1.17674
0.885223
1.1042
0.957773
0.995746
0.904131
1.14592
0.990498
0.931789
1.14033
1.08397
1.10205
1.16446
1.01018
0.830899
0.875939
1.14227
0.965291
1.12514
0.75748
0.804147
1.11173
1.07877
0.865758
1.03193
1.09915
1.03169
1.17689
1.04264
1.07781
1.07034
1.00741
0.798832
1.09835
0.957325
0.894733
1.03686
0.990703
1.12021
1.06293
1.00691
0.980085
0.947728
1.03951
1.02827
0.888972
1.10667
0.984018
1.01368
1.00741
1.01663
0.934136
1.05208
0.891576
0.814516
0.858041
0.976084
0.8992
0.812957
0.838844
0.947077
0.968193
0.796598
0.863183
0.845555
1.1281
0.992973
0.978965
0.934027
1.11314
1.15029
0.938293
1.08179
0.945578
0.789395
0.999328
0.876128
0.93408
1.02071
1.08839
1.14181
0.945973
1.12326
0.999876
0.87898
0.99485
0.977214
1.1313
1.14973
0.978039
1.01376
1.00769
1.24975
0.994988
0.970039
0.983013
0.881968
1.08837
1.05426
1.01364
0.716892
0.886979
1.07836
0.985037
1.09588
1.04831
1.05109
1.03057
1.05967
0.90867
1.1078
1.00026
1.0266
0.913619
0.973648
0.876541
1.02321
1.15439
1.06845
0.896445
1.01358
0.799483
1.24915
0.872058
1.09683
0.982306
1.18519
0.948191
0.977761
0.889563
0.995703
1.06942
0.965661
0.707141
0.981302
1.03965
1.10169
0.973415
0.911325
1.08422
0.924971
0.964094
1.09118
1.03691
1.16821
1.06928
0.962346
1.03454
0.913475
1.09396
1.01129
1.00953
0.952436
0.890567
0.849615
1.13406
0.92972
0.986862
0.985753
0.855774
1.00961
0.893184
0.920602
0.908965
0.952714
1.14999
0.990258
0.856771
0.975341
1.11731
1.00506
0.827538
1.11288
0.958294
0.998953
0.952898
0.937944
1.12929
0.932048
1.06176
0.949705
1.0381
0.934738
0.931359
1.07578
1.05896
1.05798
1.01226
1.11554
1.17001
0.947113
1.12469
1.13574
0.87084
0.902957
1.11694
1.11465
0.938533
1.06887
0.969894
1.19937
0.95616
1.04817
0.949868
1.10763
0.952924
0.99783
0.993499
1.06155
1.17878
1.06015
1.02181
1.03951
0.964643
0.885544
0.957908
0.913852
0.859128
1.01177
0.924374
1.05764
0.98693
0.961284
1.00399
0.990553
1.02091
1.12492
1.00575
0.945146
1.06504
0.998574
0.884537
1.05243
0.948678
1.06182
1.081
0.902991
0.935548
0.947234
0.977462
1.11393
0.97791
1.06974
0.811134
1.02823
0.956816
0.886553
0.972415
0.969902
0.922426
0.895375
0.989095
1.04493
0.949983
1.11144
0.983338
1.09314
0.978337
0.98685
0.995339
1.22307
0.939712
0.858134
1.18944
1.03532
0.928027
0.963497
0.999314
1.03897
0.98913
0.963025
0.781342
0.970372
1.00525
1.03447
0.797117
1.16125
1.07472
0.867305
1.06148
1.1334
1.0319
1.09934
0.900209
0.858801
1.04782
0.994903
1.08763
0.92788
1.02202
0.972475
1.08014
0.99365
0.855549
1.05256
1.03123
0.966699
0.907208
0.813843
1.05397
1.18567
1.1942
1.07686
0.920595
1.06044
0.88627
1.04577
0.904365
1.00668
0.954404
1.00622
1.08512
0.91003
1.00288
1.01509
0.92169
1.1356
1.02008
1.15653
1.06793
0.950355
1.05013
0.928383
0.835607
1.09859
1.14836
1.05411
1.12448
1.12688
0.794304
0.886816
0.878202
1.05323
1.24039
1.04186
1.16201
0.941481
0.882782
0.886727
0.82878
1.02741
1.00334
0.952776
1.1294
0.949985
1.1419
1.08769
1.04056
0.928581
0.994996
0.979563
1.13564
1.05475
0.919609
0.871063
1.13294
0.89823
0.979328
0.925677
0.946513
0.997818
0.896672
0.900926
1.08037
0.89596
1.07441
0.980214
0.953984
1.00968
0.993498
0.906856
1.17728
0.984764
0.940087
1.10313
1.04322
1.06101
0.865287
0.922958
1.00129
0.92293
1.0892
0.901455
0.979651
0.946939
1.06041
1.26679
1.08088
0.947731
0.958477
0.883272
0.884529
0.890327
0.863406
0.998536
1.0528
0.937294
0.829893
0.998068
0.955907
1.01828
0.944837
1.11923
1.21429
0.915668
1.02333
1.11689
1.02402
1.13843
1.00986
0.989014
0.996816
0.832675
1.10568
1.112
0.903311
0.928543
0.991832
1.02808
1.03619
0.885598
0.814627
0.912929
1.06704
0.913775
0.888777
1.11277
1.10137
0.98453
1.04261
1.11098
1.08657
1.12126
0.956656
1.0052
1.10251
1.06441
1.06198
1.08155
0.936437
0.975426
1.00932
0.903677
1.15475
0.932818
0.955075
1.10534
0.963509
1.1984
1.06174
0.842534
1.01605
1.25019
1.05093
1.06039
1.03032
1.03151
1.28315
1.21924
1.13142
1.0018
1.06352
0.890895
0.875987
1.08004
0.911238
0.953513
0.96385
0.801582
1.01472
1.00875
0.862096
0.94065
0.761965
0.939184
0.974439
0.934774
1.17027
1.2043
1.09857
0.969705
0.956723
0.986307
1.27904
0.974351
1.0052
1.06983
1.07897
0.809463
0.990917
1.14969
0.970587
0.95084
0.930147
0.783421
0.958328
1.0345
1.1045
0.86272
1.04659
1.07522
1.00371
0.854784
0.860523
0.916803
1.10582
0.966825
1.10129
1.1137
0.963213
1.11885
1.00984
1.01848
1.17332
0.7391
1.08578
0.981816
0.899726
1.18766
0.915769
1.16599
0.977902
1.07323
1.07348
0.992347
0.953408
0.935527
1.15663
1.12149
1.00424
0.832544
1.05756
0.975345
1.06903
1.02165
1.22925
1.23152
1.02399
0.960633
0.946548
0.785606
1.11721
1.05405
0.896409
1.07464
1.14451
0.784406
0.975019
0.868708
0.938106
0.914334
0.924609
0.920848
1.07182
1.02687
0.903221
0.98747
1.07798
0.982618
0.87619
0.917674
0.842195
1.16288
0.7568
1.0864
0.93212
0.96715
1.04443
0.865917
0.985904
0.989346
1.0246
1.01164
1.15784
0.951365
0.962316
1.0256
1.09042
0.819061
0.907723
1.09133
1.0398
1.02641
0.869914
0.90269
1.09445
1.03167
0.938941
0.972707
1.00544
1.0103
1.06307
1.12506
0.918977
0.992024
1.11175
1.02836
0.97591
1.05184
0.957508
1.05187
1.04896
1.09802
1.00289
1.24184
1.05375
1.03772
1.10068
0.970538
1.02707
1.10317
0.975244
1.24382
0.906053
1.06689
0.936163
1.15598
1.09732
1.23872
0.977041
1.0849
0.953102
1.06784
0.982243
0.948779
0.957964
0.998217
0.98098
1.03338
1.21202
1.20251
0.928816
0.976602
0.89714
0.953119
1.05522
0.956961
1.03787
1.09653
1.19021
1.01334
1.04258
1.02255
1.02733
0.910186
1.03335
0.948052
1.08891
1.05901
1.08588
0.996773
0.996203
0.95956
1.10902
1.03859
1.03544
0.904753
0.976976
1.01235
0.922884
1.15019
1.03399
1.00421
1.04851
1.03564
1.10916
0.930682
0.985486
1.01386
0.962616
0.995804
0.906612
0.874634
0.951352
1.05487
1.04007
0.994102
0.987283
1.08811
1.00561
1.08597
0.938484
1.03966
1.01891
1.0501
1.0409
0.867356
1.03235
1.14026
1.16765
1.01513
0.956265
0.945775
1.3083
1.0093
0.862544
0.984265
0.902419
0.925295
0.973547
0.976172
0.999937
0.981094
0.943187
0.993235
1.09449
1.05675
0.837775
1.09593
1.11589
0.92239
1.08889
1.02106
0.982317
0.956981
0.982274
1.02487
1.00034
1.08296
1.1478
0.861808
0.986704
1.05372
1.34245
1.09368
0.93069
0.899509
0.992207
1.09325
0.989479
0.890788
0.995999
0.987678
1.00753
1.01736
1.04287
0.97187
1.06416
0.961641
1.09775
0.948671
1.02642
0.998693
1.02008
1.14515
1.00867
0.996624
1.07732
1.22806
0.902935
1.09837
0.840747
0.983995
0.898771
1.06205
0.906282
0.861625
1.13639
1.08064
1.10044
0.846405
0.926917
1.1992
1.03015
0.886557
0.831776
1.13267
0.98058
0.997799
0.962906
1.04404
1.05714
1.13067
0.954672
0.984181
1.01277
0.946183
0.988435
1.03657
0.954166
0.91627
1.23982
0.91265
0.99166
0.754034
1.06865
0.96596
1.02742
0.844253
0.886476
0.990349
1.0013
0.970068
0.901389
0.908168
0.899228
0.994927
1.12357
0.949765
1.10482
1.01204
0.914078
0.967007
0.996406
0.814141
0.905669
0.998542
0.932555
0.936331
0.798779
1.05951
0.984719
1.06262
1.11229
1.04267
1.0684
0.97469
0.942966
1.02813
1.05725
0.842351
0.851557
1.01688
1.09651
1.35512
1.02103
1.06163
0.83347
0.932156
0.879588
0.926192
0.880063
0.949326
0.875924
1.01938
1.0528
0.964108
0.852278
0.925997
0.956551
0.901063
0.940629
0.941712
1.17235
0.964431
1.10339
1.04335
0.91172
1.07643
0.789239
1.03539
0.933375
0.80864
1.05938
0.888936
1.02572
1.20503
1.00887
0.903325
0.937457
0.888375
1.07161
1.02285
0.834848
1.06578
1.16632
0.997751
0.881202
0.972421
0.914356
0.928519
1.13258
0.936256
0.972829
0.926617
0.901404
0.996078
0.943848
1.05545
1.00244
1.12035
0.783736
0.938548
1.08797
0.94129
1.04004
1.19987
1.03127
1.00783
1.11998
0.918116
1.34776
1.00633
1.02125
0.909472
0.920897
0.759152
0.993965
0.940223
0.928849
0.955033
0.962989
1.07907
1.07569
1.12065
1.13135
1.03494
0.870675
1.09078
1.05927
0.913593
0.826862
1.11772
0.93659
0.987536
0.939489
0.956702
1.02581
0.902932
1.12921
1.18151
0.965566
1.17113
1.02919
0.988157
1.0549
0.950076
1.03746
1.02247
0.978024
0.993744
0.839379
1.1179
1.03863
1.01033
0.959538
0.964041
0.978505
1.08386
0.845827
0.961047
0.923052
0.910378
0.99356
1.05115
0.960368
0.949468
1.05443
0.842479
1.11034
0.807841
0.990507
0.950327
1.02337
0.968089
0.803449
1.04565
1.01019
0.979386
1.06983
1.09675
1.02025
1.10339
0.891921
0.97401
0.875861
1.04885
0.983001
1.04851
0.874581
1.01965
0.990092
1.06234
0.974934
0.884652
0.951229
1.00053
0.899656
0.80562
0.918576
1.10197
0.899928
0.897498
0.971931
0.955275
0.946442
0.721921
0.952821
0.95127
0.979765
1.00696
1.04719
1.06384
1.2061
1.15563
1.06835
1.06021
1.06987
1.05065
0.918656
1.00943
1.00425
0.84807
0.981215
0.902264
1.03468
1.24178
1.26645
1.01092
0.895753
1.08469
1.28331
0.837706
0.98066
1.09264
1.04887
0.869413
1.08791
1.05601
1.03477
1.02272
0.9277
0.946809
1.12752
0.970257
0.829002
1.01511
0.880273
0.936102
1.19225
0.839291
1.07993
1.10924
1.11292
0.768706
1.05926
0.965697
0.927653
0.971405
0.966819
1.06682
0.886924
0.915846
1.173
1.01728
1.35547
1.09969
1.1898
1.02865
0.93937
1.10896
0.9617
0.923244
0.872414
0.909568
0.839385
1.03975
1.05148
1.00177
0.96265
0.920768
0.915754
0.944714
1.04385
0.985731
1.14277
1.19275
1.10111
1.10162
0.885107
1.15231
0.974035
0.891122
1.19429
1.06978
0.904236
1.0096
0.91526
1.11114
0.95612
0.921415
1.00899
1.1035
0.901108
1.14752
1.01046
1.16849
1.21871
1.1432
1.13039
1.0104
0.954601
1.01865
1.06768
0.965132
1.06345
1.00108
1.04045
1.02983
0.928779
1.00797
1.02739
1.07144
0.918427
0.964474
1.18787
0.972108
1.02325
1.13587
0.854743
1.0134
0.949085
1.00084
0.869726
1.10818
1.05309
1.02824
0.868789
1.02817
1.02962
1.02462
0.990435
0.996017
1.09276
0.964082
1.08604
0.963429
0.979626
0.973672
1.09107
1.04118
1.17994
1.12919
0.894357
0.872434
0.928604
0.918463
1.01481
0.935853
0.977859
0.850943
0.80867
1.02593
0.879853
0.92305
1.06215
0.849234
0.923863
1.00805
0.836325
1.1224
1.02851
1.05006
1.04984
0.837945
1.10056
0.902711
0.895585
1.17771
1.07808
0.985445
0.850249
1.13628
1.00438
0.852772
1.14429
0.927717
0.983307
0.774935
0.973018
0.886441
1.03512
0.894403
1.05889
1.04604
0.962281
0.945521
0.902957
0.999079
1.00104
1.07127
0.893371
1.07688
0.846151
0.939121
1.06483
1.03751
0.927538
0.97124
1.12398
0.911784
0.991262
0.964345
0.907338
0.926014
0.979422
1.02235
0.944806
1.23494
1.15378
0.993336
1.04382
1.44815
0.9661
1.03885
0.841575
0.884028
1.11601
0.798978
0.997378
1.03287
0.964356
0.929154
1.01778
1.24765
0.997422
1.06305
1.00582
1.05181
0.957214
1.00438
0.956057
0.89331
1.04287
1.15744
1.04339
1.07057
1.04962
1.00263
0.959562
1.07315
0.749773
0.86801
0.9925
0.91709
0.965337
1.05593
1.10336
1.00233
0.916852
1.05692
1.08271
1.02142
1.01759
0.709998
0.917748
1.16308
1.0063
0.975644
0.953717
1.06511
1.00451
0.952055
1.02446
1.06451
0.888192
1.08293
1.02411
1.05235
1.06214
1.17439
0.857972
0.99208
0.924873
1.09969
1.01005
1.11401
1.02244
0.900573
1.14208
1.06372
1.0454
1.10366
1.05163
1.10574
1.13601
0.949072
1.00821
0.954019
1.01993
0.984398
1.13818
0.952164
0.906733
0.960774
1.0779
0.976904
1.08823
1.17194
0.992747
0.905603
0.782697
1.06928
1.03244
0.970473
1.15527
0.852344
1.00171
0.958345
1.10609
1.06701
1.01787
0.947135
0.918548
0.98451
0.993143
1.10485
1.06399
0.980504
0.943514
1.0135
0.880588
1.03916
1.10809
0.908905
1.01462
1.03043
0.864673
1.00504
0.849568
1.09303
1.16145
1.00614
0.892623
1.03755
0.982063
1.10397
1.0873
1.08651
0.845423
0.985303
0.86914
1.14152
0.904305
0.859908
0.804732
0.935401
1.00366
1.00539
1.07594
1.10855
1.02716
1.25869
0.940178
1.00656
1.08234
1.02972
1.10163
1.02005
0.893743
1.05845
0.78072
0.971097
1.03918
1.01842
0.956791
0.878992
1.03364
1.08013
0.831397
0.950167
1.11481
1.03544
1.06697
0.970223
0.85583
0.788569
0.83145
0.939595
1.10179
1.12725
0.849049
1.02014
1.07939
1.10827
0.871635
1.18121
0.948288
0.986023
1.17252
0.947973
1.09537
1.01614
0.942323
0.855616
0.953068
1.01928
0.873479
0.80123
0.995127
1.06947
1.04505
0.756104
0.939217
1.00085
0.955921
0.960182
1.09948
1.03096
0.787821
1.07888
0.940803
1.05489
0.848626
0.955093
1.11524
1.00306
1.09349
1.06157
1.18398
1.04068
0.922599
0.933317
1.15747
1.07104
1.04956
0.976192
1.06705
1.09263
1.01388
0.88417
0.945087
0.916153
1.01798
0.988692
1.0028
0.956502
1.08851
0.901869
1.06647
1.12545
0.881046
0.806581
1.08695
1.11576
1.10059
1.22034
0.815724
1.0296
0.90836
1.01288
0.777307
1.11812
1.00802
1.0804
0.988887
0.902381
0.941455
1.10131
0.857146
0.944666
1.16188
0.961611
1.06615
0.760588
0.861183
0.935564
0.907351
1.01327
0.918709
1.00452
0.884866
1.21267
0.895221
1.00021
0.923643
0.876657
1.05717
1.02765
1.08001
0.855042
0.898112
1.06944
0.96753
1.09056
1.00179
1.06188
1.12022
0.974729
1.05243
0.875774
0.976466
0.88413
1.08916
1.11139
1.15725
0.813764
0.92536
1.04992
0.956469
0.991053
0.951253
0.989802
1.06749
0.975362
0.920801
0.887816
0.892285
1.04927
1.11697
0.98283
1.23307
0.978054
0.837152
1.02737
0.851539
1.09465
1.15864
0.825234
0.947461
1.10672
0.942684
1.07681
0.917955
0.812589
0.923731
0.955155
1.07435
0.831783
1.01395
0.964793
0.857713
1.01904
1.03477
1.05026
0.991406
0.985342
1.15643
0.831054
0.999484
1.09643
1.13405
0.920583
1.0688
0.944091
0.95144
0.906662
1.04246
0.927995
0.788471
1.00261
0.843919
1.03051
1.16439
1.01343
0.96669
1.19204
1.02021
0.909648
0.86019
0.937275
0.962056
0.942273
0.904746
0.711558
1.01927
0.977071
0.988215
1.03938
0.99722
0.852762
1.05496
1.10396
1.05851
1.04103
1.05512
0.939087
0.955627
0.944512
1.06473
0.953918
0.852593
0.994003
1.08773
0.846061
1.05651
1.03668
0.965546
1.11536
1.05472
1.01263
1.05852
1.25174
0.802743
0.906662
1.07044
0.890269
1.076
0.754614
0.934619
1.00422
1.15558
0.864029
0.980123
1.07911
0.867331
1.19754
1.04878
0.961184
0.914681
1.05942
0.959617
1.19184
1.07131
0.917506
1.0025
0.98176
1.07443
0.994099
0.999703
1.06838
1.11202
1.03902
1.01127
1.00784
1.01275
0.992464
1.11721
1.06071
1.0308
0.960203
0.932717
1.23335
0.86848
0.938547
0.858488
1.01445
0.990859
0.995577
0.809572
1.19676
0.877814
0.973056
0.884413
1.09967
1.01087
1.09781
0.934811
0.915309
0.883802
0.942093
0.997139
1.02593
0.854088
1.13033
1.0941
0.856162
0.956343
0.842455
0.89605
1.16922
1.05777
0.902861
0.808048
0.998115
0.937384
1.04166
0.92006
0.957461
0.947495
1.08275
0.945483
0.970659
0.97435
0.999446
0.932905
1.00324
0.893647
1.0227
1.09192
0.995006
1.02157
1.11004
0.8509
1.26461
1.19756
1.10692
0.998799
1.00571
1.05684
1.20716
0.83976
1.00039
0.850996
1.13739
1.03392
1.18626
1.1974
0.880284
0.892274
1.14488
0.840764
1.07361
1.00107
0.901427
0.914382
1.12588
1.07445
0.896509
0.965836
0.94145
0.89126
1.1677
0.95039
0.877194
0.891881
0.82908
1.17639
0.955664
1.10782
0.931236
0.94281
0.973795
1.08106
0.972008
0.955551
0.98229
0.850368
1.11142
0.886909
0.922757
1.01659
0.968599
1.04638
1.00254
0.992205
0.968003
0.949408
1.0189
1.02008
1.02551
1.06962
0.87869
1.05672
0.906863
1.31815
0.986244
1.09222
1.08449
1.0052
1.05878
1.12896
1.08434
1.09628
1.04877
0.928471
1.02412
0.882325
1.04444
0.943678
0.91208
0.993029
1.07942
0.987724
0.922865
1.07206
1.11577
0.902165
0.977393
1.01005
1.09686
0.835499
0.971916
1.02979
1.09639
1.03072
1.20739
1.19199
0.98456
0.878125
1.05193
1.03816
1.00815
1.01649
1.04519
0.976944
0.92031
0.931916
0.974663
0.967574
0.957817
1.00206
0.997589
1.13672
1.1197
1.10211
0.952064
1.00433
1.13282
0.939573
0.847782
1.16945
1.06624
1.07946
1.00713
0.976503
0.892444
1.24089
1.15327
0.939545
0.91196
0.916039
1.04884
0.87077
1.21856
0.971694
0.921979
0.944588
0.901114
1.07376
1.11384
1.02535
1.07077
0.924451
1.014
0.818693
0.971892
0.916202
1.24395
1.13761
1.2567
1.0305
1.19602
0.991432
0.910482
0.85536
0.927859
0.949764
0.993298
1.1138
0.896491
0.885255
0.97279
1.28413
1.07766
0.901439
1.13997
1.16805
1.0539
1.04082
0.961493
0.955849
0.882484
1.06125
1.02633
0.860304
0.979776
0.902835
0.935879
0.889444
1.01106
1.03093
0.988413
0.946945
1.05584
0.969677
0.973568
1.09809
1.08958
0.857212
0.971805
0.975633
1.24872
0.958632
1.00878
1.01085
1.1531
0.940389
1.06311
1.09993
1.03868
1.10219
1.01098
1.06023
1.14398
1.01269
0.972335
1.23079
1.02969
1.0713
1.02908
0.828675
0.906445
0.907916
0.978016
0.823469
0.996443
1.15008
1.10374
1.09904
0.917243
1.16358
0.899476
0.949602
1.01612
0.93225
0.936858
0.980393
1.24425
1.01642
0.916208
1.24097
1.27292
0.922419
1.18544
0.882099
1.05211
1.23076
0.977858
0.961003
1.17254
0.905623
1.1487
0.858605
1.04285
0.911672
0.961989
0.885802
1.03216
0.974349
0.901513
1.0438
1.10704
1.20124
0.949815
1.08671
0.894851
1.0036
1.02885
1.13944
1.02505
0.970758
0.983739
1.16187
1.01843
1.07437
0.893569
1.08963
1.0965
0.891825
1.18635
1.2394
1.11097
1.02162
1.16189
0.929362
1.18234
1.09362
0.992263
0.932593
0.833824
0.905011
0.899073
0.937271
1.04251
1.00764
0.908653
1.039
0.904847
1.1469
0.868274
0.853988
1.01696
1.01938
1.00559
0.93326
1.0101
1.0341
1.03934
1.0734
1.04327
1.03343
1.03559
1.14114
1.00515
0.882338
1.08472
1.03939
1.05335
0.952508
0.987564
1.04623
1.2643
1.0083
0.87781
0.90733
0.958162
1.03835
0.974844
0.823056
1.15319
0.987393
1.00549
1.09854
1.08123
0.904325
0.865731
1.14414
1.01341
1.069
1.00785
0.899264
0.971702
1.15327
1.13867
1.0031
1.11314
1.06576
0.975153
0.943157
1.23131
0.958004
0.987755
1.07345
0.773687
0.970024
0.978101
0.85817
0.860644
0.939099
0.971014
0.996506
1.01737
1.12401
1.07196
1.0369
1.03099
1.00288
0.950622
1.07925
1.05621
1.00347
1.07602
1.04013
1.07034
0.808637
1.01374
0.988741
0.943493
0.903889
1.02227
1.03291
0.988465
1.03271
0.917607
0.990492
0.923557
0.953636
1.07601
0.935295
1.00331
0.722707
0.914612
1.19019
1.14092
0.909324
1.17596
1.04281
1.04702
1.05798
0.959028
0.844182
0.864146
0.76499
0.931815
0.932125
0.864192
0.949279
0.998717
0.962076
1.08472
1.11277
1.02571
1.00299
0.885627
0.975075
1.10172
0.775136
1.1347
1.03672
0.958728
0.92829
1.07402
0.9488
0.961033
0.96244
0.948253
0.907343
1.00722
1.04359
1.01387
0.890513
0.802098
0.995044
0.838842
1.03982
0.983769
0.947073
1.17745
0.964441
0.973763
0.910588
1.06946
1.08903
0.8838
1.13525
1.13602
1.05483
0.798074
0.82882
1.00143
0.953943
1.07546
0.809536
0.967141
0.742849
1.00667
1.02832
0.884744
1.07989
1.04578
0.94185
0.963563
1.07025
0.830916
1.08378
0.885574
1.00267
0.90565
0.981902
1.08806
0.903999
0.886752
1.01687
0.912097
0.872404
1.03195
0.856063
1.03913
1.02987
0.96591
0.890922
0.955775
0.936534
1.08544
1.03752
1.00723
1.00511
0.8574
1.08529
0.923944
1.19788
1.12638
0.933983
1.10637
1.0911
1.04511
1.06867
0.948701
1.06875
0.983341
0.95996
1.12371
0.913694
1.02213
1.00499
0.903664
0.923583
1.14828
0.974851
1.0171
0.915779
1.19776
1.11127
0.859209
0.912165
1.04418
1.00332
0.971262
1.05028
1.04303
1.06698
1.03101
0.83187
1.14974
0.842211
0.951154
1.20267
1.20457
1.01606
1.06596
0.991479
0.941966
1.02193
0.904525
1.02212
1.09421
0.995463
1.00357
1.00251
1.01876
0.993685
0.928819
1.11661
0.87535
0.997639
0.976174
1.12635
1.06027
0.907315
0.867017
1.06818
0.955415
1.3033
0.871148
1.0733
1.00452
1.10764
0.942037
0.844251
0.979136
0.839747
1.08955
0.924658
0.898202
0.941969
1.06062
1.08826
0.928967
0.97476
1.06029
0.914603
1.01862
1.07852
1.03799
1.17545
0.971424
0.99384
1.10754
1.10042
0.941526
1.05977
1.08533
1.06969
0.841691
0.989955
0.928853
0.837234
1.0133
1.00306
1.18189
1.04925
1.00506
1.04232
0.989953
0.948175
1.09038
0.987711
1.05434
0.9068
1.05386
0.930411
0.994931
1.02809
1.05395
0.941425
1.00081
1.15959
1.0009
1.03072
1.01252
1.07684
0.897936
0.975369
1.0785
1.0464
0.944824
0.977829
0.867343
0.770016
1.06609
0.963338
0.929892
0.804563
0.960652
0.989258
0.962436
1.07572
1.05375
1.05223
0.940287
1.00848
1.07666
1.07483
0.939369
1.03576
1.1196
1.06886
0.997377
1.10642
0.992482
1.05578
0.927896
0.969557
1.09013
1.1845
1.05228
0.968674
0.846495
0.885197
0.918269
1.02135
0.967111
1.08348
0.849888
0.942969
1.05385
0.956328
0.862423
0.729162
1.11265
1.17989
1.03517
0.956704
0.951244
0.978982
0.904845
0.964583
0.830337
1.15054
0.89571
1.12099
1.09148
0.920309
0.864699
1.00485
1.07498
1.13258
0.974541
1.16028
0.96268
0.95413
0.845612
1.06009
1.01761
1.16321
0.950708
1.01796
0.801702
0.997127
1.0082
1.12105
0.975488
1.12029
0.954571
1.02954
0.974127
0.873027
0.894245
1.05826
1.01154
0.934078
1.25115
0.693497
0.949357
1.02375
0.872111
1.02579
1.09133
1.02555
0.955063
0.947912
0.861062
1.11671
1.08419
1.0904
1.04592
0.941063
1.0313
1.07098
1.18087
1.0479
0.874928
1.0394
1.09928
0.973444
0.999257
0.883849
1.02783
1.11796
1.0098
1.16102
1.05019
0.982303
1.19176
1.03261
0.97853
1.14344
0.954054
1.09389
0.902907
0.873832
1.03219
0.864959
0.982257
1.13318
1.12788
0.971996
0.813024
0.956505
1.02665
1.01361
0.928329
1.0123
0.985417
1.02597
0.869108
1.05286
0.883002
0.958214
1.02646
0.89411
1.01624
1.02932
1.09727
1.03536
1.00986
1.11611
1.02524
1.06535
1.11639
1.01876
0.808485
0.997532
0.799665
0.973371
1.08508
1.25961
0.987878
1.07981
0.862644
1.07771
1.10619
0.919279
0.947968
1.0008
0.947808
0.916598
1.03109
0.96751
1.09769
0.989966
0.980082
1.09227
0.957072
1.12122
0.764022
1.00889
0.743551
1.00343
0.971365
1.09214
0.990722
0.878165
0.944108
0.891254
1.13907
1.25248
1.10919
0.861663
0.866831
1.18028
0.809664
0.972954
1.07474
1.02122
0.99115
0.882991
1.0845
0.903983
0.743108
0.921812
1.11525
0.968949
0.948177
1.22439
0.878367
1.02392
1.06192
0.918091
1.24529
1.03651
1.04558
0.860917
1.00149
1.0734
1.0329
1.02615
0.962825
0.88361
1.03248
1.11182
0.944424
1.00938
0.976336
1.07227
0.746128
1.10789
0.937171
0.819498
0.992493
0.879195
1.12234
1.10344
0.956417
0.988776
1.13744
1.01404
0.883391
0.876069
0.841764
1.08535
1.01836
1.09676
0.884695
1.07722
0.881789
0.98091
1.0086
1.13786
0.88645
0.963015
1.04837
0.831488
0.903961
1.07682
1.08087
0.881141
0.759766
1.01978
0.936341
0.832763
0.942756
1.06836
1.02576
1.1047
1.04084
0.879227
0.997555
1.08306
1.04861
0.933737
0.958918
1.11891
0.914419
1.05738
0.970013
1.02248
1.09237
1.02105
1.08643
1.06424
0.994571
1.12723
0.885693
1.00829
0.952306
1.13777
0.910162
0.838171
1.04042
0.9125
0.955397
0.930703
0.931094
1.14969
0.825472
1.08542
1.16002
0.90253
1.24694
0.912073
1.14353
1.03004
1.19801
1.05719
0.952287
0.947672
0.944318
0.840241
0.971542
1.0797
0.863789
1.17847
1.01562
1.03608
0.987058
0.914387
0.926974
1.12852
1.06274
1.02324
1.18685
0.802717
0.805268
1.13
0.993928
0.908067
0.941829
0.810262
0.938558
1.00506
1.07032
0.969227
0.99997
1.00424
0.983352
1.03074
0.839745
1.07828
1.38454
0.869491
1.03299
0.907325
1.08806
0.778889
0.973565
1.01578
1.04335
1.03418
0.961638
0.988031
0.973681
0.875837
0.795696
1.04613
0.908238
0.913782
1.11632
1.08524
0.878722
1.05511
0.920402
1.00293
0.913197
0.967167
0.93363
0.988324
0.971977
1.06047
1.00547
0.903005
1.07505
0.853715
0.863261
1.12707
0.99081
1.06322
0.995849
1.10427
0.951866
1.24713
0.980903
0.976838
1.07982
1.0299
0.938333
1.09296
0.850981
1.05092
0.839087
1.02833
0.82074
1.05505
1.01704
0.875763
0.839293
1.10326
1.0274
0.886069
0.957912
0.905408
1.08399
1.16379
0.973621
1.00308
1.09884
0.908416
0.984912
0.877927
0.916697
0.898024
0.961863
0.997088
1.02786
1.09415
0.980513
0.821812
1.12864
1.10138
1.12203
0.856623
0.972168
1.01961
1.00603
0.961585
1.14577
1.01781
1.00828
1.0948
0.899547
0.910867
1.11126
1.1255
1.0269
1.16049
0.991877
0.81971
1.01131
1.10143
0.998354
0.852693
1.10046
1.11826
1.05763
1.01253
1.22708
0.972262
0.981919
1.06491
1.18881
0.894629
0.904719
0.976853
1.06533
1.02894
0.942346
0.973951
1.05784
1.08895
0.86377
1.05825
1.02038
1.08275
0.856069
1.03884
1.12451
0.817563
0.942678
0.865618
0.983473
0.997344
0.891832
0.878634
1.02693
1.12366
1.14897
1.22794
0.973313
0.902981
0.897158
0.965019
1.18452
1.01793
1.03748
1.08426
1.01922
1.03211
0.947537
0.890999
1.12497
1.03226
0.905819
0.937931
1.02142
1.05575
0.942993
1.08832
1.09074
0.950716
1.02554
1.06803
0.913877
0.904578
0.932255
0.956482
0.929423
1.02478
1.10628
1.03421
1.12473
0.859745
1.20146
0.99003
1.06194
1.08792
0.964899
1.14761
1.08081
1.01675
0.83808
0.903262
1.13377
0.927365
0.97037
1.10637
1.01104
1.0253
0.859252
0.954455
1.092
0.956791
1.03161
0.905553
1.08518
0.92588
0.971029
1.00015
0.949695
1.11166
1.06505
0.963164
1.07017
0.910749
0.938963
0.950111
1.14069
0.993598
1.04118
1.03067
0.949955
1.22856
0.906347
0.938979
0.873644
1.00193
0.911524
0.947337
0.938177
1.03403
1.145
0.88797
0.884179
1.11889
1.39944
0.998845
1.06967
0.886792
1.07214
1.14228
1.03291
1.1748
0.980286
1.02541
0.972547
0.997618
1.06761
0.892775
1.06606
1.04711
0.978097
0.98409
1.056
0.964828
0.975185
0.860516
0.909202
0.99859
0.991304
1.02488
1.04923
0.880897
1.11153
0.932892
0.984925
0.963652
1.03467
0.923423
1.00891
0.9756
0.974793
0.989849
1.24919
1.07072
0.735936
1.07706
0.943927
1.34211
1.12519
1.03392
0.952758
0.923302
1.03701
0.882191
1.09119
1.00873
1.26221
0.901403
0.915807
1.09244
0.826605
0.992482
1.01452
1.03793
0.981661
0.94927
0.912831
0.915325
0.990307
1.0128
1.09727
1.09467
0.920059
0.87521
0.902014
0.949612
1.10309
1.15236
1.00862
0.846358
0.901811
0.777758
1.00757
1.11872
1.04063
0.965252
1.01447
0.89906
1.20028
1.07459
1.10042
0.889308
1.02623
0.911823
0.839975
0.984938
0.905525
1.15235
1.00947
1.03773
0.99547
0.88691
1.10608
0.890091
0.931408
1.00302
0.848138
0.854004
0.867096
1.01897
0.937582
0.746855
0.937255
1.05917
0.930887
0.97357
0.866531
1.13197
0.895365
0.914051
1.13078
0.971919
0.998694
0.925962
1.00701
0.886421
1.27753
0.888296
0.94821
1.05327
1.00186
1.06774
1.07678
0.956181
0.997319
0.957187
1.23672
0.942048
0.941551
1.02649
1.09824
0.877569
1.12071
1.02719
1.11193
1.04448
0.907684
1.10561
0.994985
0.973441
1.11019
1.04226
1.00053
0.900032
0.979346
1.0996
1.08924
1.23339
1.07002
1.07402
0.894526
0.859789
0.958737
0.974097
1.00324
0.887442
0.940536
0.978767
1.03611
1.06626
1.22307
0.821625
1.05977
