1.11729
0.907412
1.03609
0.650996
1.05396
0.989514
0.501921
1.59026
0.884569
0.851264
1.58783
0.842754
0.829787
1.20946
0.453442
1.77362
0.921355
0.636118
0.727776
0.657274
1.05412
1.11433
1.05813
1.05668
0.838739
1.5355
1.34157
1.15604
0.950001
0.539521
1.17385
0.715448
0.862757
1.32527
0.925056
0.826394
0.867656
1.10181
1.00341
1.1636
0.57134
0.49436
0.969
0.527814
0.584239
0.674867
0.852102
1.0862
0.954427
1.85895
0.816478
1.18271
0.591753
0.945899
1.04234
0.7113
0.664305
0.690516
1.46643
1.21753
1.33554
1.38375
1.229
0.931328
1.14052
1.1059
1.5252
1.18287
1.45615
1.38375
0.580482
1.05747
1.01902
1.05278
1.34927
0.612529
1.10009
1.06046
1.13944
0.627888
0.79053
1.00627
1.07177
0.751366
1.67933
0.98759
1.16408
0.748595
0.736003
0.756022
0.719271
1.29286
0.518267
1.18164
0.674338
0.844379
0.668651
0.635137
1.21724
1.04233
0.644607
0.855885
0.928857
1.19985
0.501169
0.633903
0.964404
0.552694
1.81575
0.817449
0.682219
1.18144
1.2655
0.961979
0.839103
1.30934
0.750832
1.09499
0.702843
1.39525
0.597924
0.766577
0.803178
1.27559
1.05284
0.842774
0.998767
0.600525
0.775042
0.744609
1.23779
1.16691
0.543692
0.815059
1.10176
0.887973
2.17078
0.720703
0.816849
1.674
1.70118
1.17527
0.901781
0.902103
1.0853
1.38919
1.42331
1.10737
0.55023
0.984276
1.356
0.706242
1.14463
1.6377
0.804684
0.9664
1.39758
0.678093
1.2921
0.81892
0.953917
1.045
0.724438
0.854432
0.485257
1.78581
0.612337
1.11134
1.32338
1.05923
0.70645
1.0739
0.873581
1.02191
1.04415
1.7558
0.756972
1.16428
0.575645
1.13792
0.457984
1.51389
1.20964
0.865118
0.738313
1.14867
2.18055
0.722978
0.568455
1.26866
1.11725
0.882692
1.78636
0.791902
1.16634
0.707729
0.593284
1.09685
1.09829
1.2815
1.77212
1.04121
0.986912
0.887393
0.73068
0.918185
0.645194
0.937388
1.27807
0.859252
0.876024
0.335183
1.1477
1.13435
0.941317
0.89123
1.45518
1.04142
1.42998
0.888976
0.8206
1.18652
1.07425
0.851625
1.23698
0.653111
0.498823
0.655948
0.970936
0.572693
0.627562
1.40661
0.718645
1.38361
1.10569
1.31116
1.06941
0.707353
1.16423
0.63052
1.04631
1.48446
1.20313
1.01344
0.801771
1.38446
0.999816
0.468702
1.17957
0.928184
0.777717
0.724627
0.533979
1.3042
0.860012
1.12976
1.10214
1.49811
0.920913
1.04878
0.847432
1.21306
1.38441
0.719637
1.27336
0.969354
0.684981
0.792359
0.58487
1.03985
0.854768
1.24705
0.8202
0.862664
0.76734
0.853305
0.892998
0.644603
0.894609
1.38545
0.691808
0.797918
0.628328
0.984083
0.966423
0.932168
0.710577
1.04502
0.810483
1.42334
1.36473
0.965077
1.36761
0.640092
0.792529
0.79912
1.19088
0.812824
1.07246
0.559709
0.735368
1.34743
0.698955
1.01896
1.06572
1.4213
0.92583
0.504451
1.70933
1.25364
0.993431
0.573389
0.56955
1.52402
1.28818
0.820892
1.27743
1.3058
0.895018
0.572849
0.701187
1.1624
0.916393
0.835313
0.947722
0.758869
0.93346
0.924131
0.829477
1.5255
0.771815
1.215
0.684476
1.0196
0.629748
0.921656
1.0897
0.869634
0.69436
1.33224
1.12381
0.978564
0.930475
0.852308
0.975823
0.689757
0.796219
0.705584
0.440131
1.13881
1.17291
0.977947
0.652638
1.13476
0.936367
0.605061
1.26584
0.968255
0.834754
1.10545
1.0543
0.746465
1.02675
0.952413
1.04261
1.61653
1.23399
1.64598
0.963888
0.636571
0.604067
0.925418
1.24
1.33382
1.4378
0.980973
0.983179
1.11792
0.58966
0.593018
0.558451
0.623057
0.742992
0.907757
1.13648
1.11001
0.760551
0.726629
0.613399
1.1841
0.449371
0.850901
0.850136
0.450955
0.7998
0.459755
1.14937
0.873962
1.57085
0.919978
0.534429
1.17741
0.84137
0.741719
1.04557
1.21963
0.571774
0.721321
0.998204
1.25934
1.67237
0.922582
1.23544
0.941851
1.196
0.822473
1.56626
1.03327
0.795763
1.49083
1.3969
0.579785
1.02122
0.786531
0.921017
0.867257
0.582535
0.902581
1.29037
0.941892
0.85483
0.827237
1.32601
0.93842
0.802866
1.14334
0.897115
1.302
0.776726
1.40793
0.881939
0.573438
0.683845
1.02217
1.20822
0.870327
0.40487
1.43312
0.793182
0.726572
1.40174
1.24449
0.593961
0.613342
1.49802
1.07323
1.07361
1.62544
0.771252
0.969113
1.0894
1.13877
0.816813
0.519187
0.646664
0.737992
0.963893
0.953211
1.07217
1.16289
0.788847
0.498809
0.580387
1.38877
1.29551
0.871321
1.04799
0.749131
1.36291
1.28206
0.787781
0.905379
0.786179
0.611515
1.58991
0.839574
1.30548
1.43073
1.37343
0.576064
0.987104
0.629637
0.485534
0.894841
1.15742
1.62411
1.23202
1.41532
0.881077
1.18229
1.05488
1.07288
0.945899
0.876799
0.867762
0.845209
1.24568
0.537667
1.39
1.25239
1.05882
1.24316
0.567642
0.700086
0.56807
0.944597
0.969438
0.612738
0.730751
1.12552
0.683829
1.03621
1.00918
0.621134
1.40316
1.0992
0.840652
1.64774
0.754633
0.783719
0.955537
1.79507
1.14344
0.846402
1.01349
1.43603
0.458036
0.803319
0.778811
1.60912
0.660538
0.859779
0.772997
0.617275
1.03452
0.658775
0.87113
1.35219
0.805061
0.992579
0.464759
0.799249
1.05805
0.796804
0.775051
1.06266
0.882153
0.719096
1.01758
1.07469
0.826106
0.757857
1.09964
0.820717
1.01577
1.55019
0.918701
1.39959
1.36005
1.04407
0.665194
1.25549
0.975805
0.963702
1.27586
1.36236
0.653684
0.534019
1.13186
1.14679
1.39624
0.543299
1.28484
1.22537
1.65712
1.38001
1.62864
0.870276
0.928188
1.33131
1.42942
0.901054
1.07558
1.22787
0.773665
1.11141
0.449472
0.654325
1.07851
0.854402
1.77817
0.611997
0.548645
1.37709
1.0031
0.916779
0.75695
1.33162
0.520315
0.58088
1.16494
0.459866
1.38658
1.3383
0.868306
1.26895
1.02456
1.26339
0.588072
0.775774
0.858789
1.20334
0.952662
0.512969
1.06393
0.987424
1.0566
0.723934
0.743382
0.813634
1.20237
1.11115
0.901974
1.25182
1.23525
1.44256
1.11756
1.08153
1.1413
1.02032
1.30007
0.738481
0.988662
0.770525
1.18541
1.21412
1.06084
0.791982
0.95961
0.824583
0.924271
0.596306
1.24896
1.04585
1.49647
1.07472
0.932674
0.736688
0.944557
0.963712
0.478434
1.05265
1.21675
1.33589
0.786466
1.08891
0.671926
0.764598
1.00982
1.06604
0.968095
0.886107
1.37786
0.73858
0.79581
1.15843
0.6317
1.38049
1.23493
0.86559
0.942143
1.51034
0.768259
0.432543
1.4086
0.794466
0.727038
0.888948
1.17581
1.21621
0.446019
1.60126
0.916723
0.997935
1.17948
1.29143
1.1927
0.82336
1.41749
1.06354
1.41107
0.83391
1.5815
1.67455
1.27685
1.37433
0.969395
1.4982
0.724367
1.03283
0.647956
0.78606
1.04083
0.871443
2.17782
0.974525
1.7033
0.96819
1.88332
0.71836
0.671067
1.50636
0.978677
1.09976
1.36727
0.692294
1.07543
0.950927
1.49317
0.470079
1.23303
1.42093
1.16057
0.757687
0.698036
0.995137
1.57066
0.779579
0.922278
1.25685
0.694312
0.470036
0.591468
1.07196
0.931977
0.701832
1.05505
0.951183
0.888422
0.907954
1.39653
0.716081
1.27493
1.02714
1.6445
0.802534
0.246812
1.08119
0.835886
2.05355
0.937986
1.12606
0.498081
1.32769
1.37778
0.653106
0.805343
0.63731
0.762138
0.921386
0.604389
0.959771
0.727143
0.733018
0.988435
0.84118
0.787199
0.587904
0.811007
0.838018
0.849311
1.51247
1.14649
0.637813
1.2399
0.922242
0.637578
0.768647
0.400505
0.851097
0.747444
0.50334
1.65814
0.642337
1.06383
0.74262
0.961486
0.573849
0.937099
0.779516
0.819004
1.32638
0.752884
1.05529
0.896619
1.6103
0.695316
0.947008
0.643607
0.831207
0.834534
0.700774
0.777458
0.791392
1.27436
1.16553
0.852736
1.40066
1.1161
0.664682
0.840388
0.829047
1.33901
0.831923
1.29379
0.879229
0.526987
1.79437
0.701411
0.617809
0.790486
1.22224
0.795087
0.8841
0.815819
1.29218
1.12525
1.6891
0.835374
0.764665
0.832645
1.48667
0.595623
1.1306
0.741568
1.38211
0.87735
0.727836
1.11338
1.21555
0.99939
0.872955
1.03981
0.609152
1.44585
1.21353
0.917462
1.19983
0.511003
1.54834
0.650859
1.05219
0.637229
0.777562
1.74638
0.889242
0.821172
0.549497
1.06832
0.752845
0.745053
0.698246
1.33367
0.850723
1.14401
1.20712
1.40788
0.767007
0.306369
1.09547
0.712472
0.614021
0.510255
1.55015
1.11577
1.39097
1.22974
0.876124
0.565498
1.10057
0.9613
0.663009
0.593618
1.51928
1.17624
1.56833
0.596717
1.47837
0.631734
0.814225
1.26768
0.976102
1.24737
1.13843
0.724631
1.05687
0.76184
1.35222
1.06069
1.12064
1.17289
0.620569
0.95009
1.68102
0.621219
0.987286
0.966086
1.00351
1.28805
0.947427
0.858479
1.04017
0.826204
1.33466
0.431339
0.805982
0.72994
1.1734
0.857667
0.777002
0.629303
0.922195
0.888815
0.564374
1.23904
0.776508
1.26893
1.00599
1.09512
0.691581
0.778452
0.824553
0.97873
1.32498
1.11185
0.846455
1.05964
0.595209
1.19797
1.24002
0.854372
1.24339
1.38567
0.695507
0.965096
1.16361
0.612283
0.575233
1.05084
0.941504
1.21812
0.907507
0.908851
1.15195
1.30886
1.16207
0.878056
1.19695
1.014
1.33551
0.768101
1.57485
0.476606
0.769032
0.860808
0.466501
0.739226
1.32179
1.0791
1.01962
0.799849
1.25381
0.874548
0.792925
1.65947
1.15779
1.00556
0.712953
0.667278
1.07549
1.73117
0.635219
1.06536
1.27957
0.870613
0.729562
1.83457
0.448763
0.77235
0.660454
0.484615
0.715208
1.03683
0.820021
1.37772
0.510098
0.670022
0.514302
0.795856
0.724823
1.24208
1.77235
0.8357
1.25329
1.47502
0.660561
0.767662
0.843255
0.547997
1.05022
1.28224
1.69724
0.804685
0.701103
1.26452
1.17449
1.56878
0.981946
0.670363
0.969743
0.982822
0.817353
1.19041
1.02935
1.07474
1.27165
1.19573
1.4874
0.59231
1.33411
1.62321
0.795267
0.899188
0.860473
0.938869
0.852156
1.24051
1.12032
1.70132
1.01975
0.677887
0.688337
1.41508
1.04486
1.80362
0.760446
0.713575
0.842212
1.59222
1.42675
0.779948
1.39699
0.699001
0.653631
0.95739
0.990466
0.86282
0.488776
1.4416
1.42329
0.865134
0.632039
0.894961
1.02864
1.10272
0.745742
1.44127
0.850285
1.0209
0.807252
0.96324
0.771239
1.77026
1.01278
1.05298
1.05581
1.10176
0.509474
0.99623
0.902912
0.948416
1.54758
0.883446
1.60179
0.996933
0.613391
0.937969
0.622379
0.772616
0.823379
1.65598
0.791732
0.62905
0.564526
0.916307
0.92453
0.903062
0.681262
0.568076
1.31727
0.743415
1.47624
1.67023
0.860326
0.603765
0.613216
0.757383
1.98759
1.17241
1.00484
0.845149
0.695263
0.716864
1.0215
0.863561
0.980438
0.823969
1.12715
0.995516
1.08596
0.696474
0.594898
1.0606
1.1756
0.939694
1.08239
0.844271
0.806569
1.01347
0.467184
1.04528
1.66913
0.902423
1.21987
0.903973
0.582088
1.06984
0.916721
1.30241
1.06677
0.541699
1.94677
0.694557
1.13112
0.743219
1.54342
0.826727
0.753523
0.805864
1.10578
1.43523
0.98281
1.53371
0.80987
1.02489
1.33631
1.22488
0.724507
0.826861
1.30808
0.77817
0.809849
0.711648
0.819098
0.965886
0.821383
1.23768
0.510517
0.64029
0.979711
0.974638
0.906751
0.97665
0.754986
1.04248
0.989697
0.898097
0.939045
0.894516
0.502444
0.550572
0.975017
1.69836
1.18249
0.65456
0.953268
1.61772
0.932868
0.8609
0.970637
0.793692
1.0676
1.36491
0.968881
0.558793
0.826729
0.903014
0.741496
1.32934
0.750995
0.873637
0.517586
0.95743
0.774103
0.877848
1.08488
0.903078
0.927422
0.731535
1.52364
0.898182
1.20487
0.893935
1.28034
1.05972
0.804791
0.861827
0.629328
0.746597
0.42566
1.0772
0.687967
0.907486
0.878878
1.78482
0.617461
1.02964
0.76029
1.02134
1.02516
1.13009
0.897759
0.600114
1.54062
1.08833
1.15506
1.25814
0.946203
0.81085
1.03873
0.576316
0.97785
0.597747
0.927658
1.07005
0.694163
1.29627
1.28686
0.975381
1.63906
0.715837
0.83851
0.848213
0.945595
1.66813
1.36408
0.850736
1.12426
1.90597
1.06867
0.761722
0.986557
0.82722
1.22134
0.678193
0.825085
1.07513
1.28086
0.935345
0.993902
0.893781
1.16498
0.609136
1.18734
0.863065
0.776918
0.748896
0.474635
0.995961
0.873551
1.28978
0.769716
1.21958
0.782139
1.80698
1.23462
0.977235
1.29302
1.03954
1.73021
1.51195
1.06504
1.13469
1.12232
1.33207
0.862912
1.06605
1.17251
0.581194
0.932832
1.19928
0.641564
0.940733
0.883528
0.928777
0.924258
1.60243
0.889855
0.92241
1.15988
0.5068
1.25225
0.30699
0.66333
1.29004
1.05633
0.715111
1.20133
1.12676
1.09964
0.59038
1.31499
0.603238
1.27677
1.13799
0.712072
0.831953
1.12764
0.968298
0.614235
1.77935
1.19304
0.786577
1.56177
0.901241
0.497562
1.49279
1.62386
0.839757
0.876469
1.22333
0.877764
0.767115
0.631514
0.634337
0.834385
0.900419
0.642195
0.933965
1.66656
0.589314
0.881978
0.981821
0.776937
1.16056
0.547505
0.921205
1.03354
1.36875
0.589152
1.22365
0.744437
0.84657
1.2492
0.641833
1.09623
0.593405
0.894417
0.924262
0.964202
1.01392
1.07954
0.930131
1.04062
0.892638
1.02013
0.543703
1.52134
1.05155
1.34021
0.875683
0.807041
0.771869
1.35234
1.38965
0.973663
0.54589
1.00427
0.717623
1.23563
0.93877
1.00551
0.642321
0.653159
1.16302
0.641326
0.313291
1.03184
1.65776
1.09092
1.09155
1.36567
1.32445
1.49006
1.23246
0.80865
0.680744
0.968865
1.06453
1.46187
0.916442
0.908412
0.639054
1.07673
0.643408
1.77768
1.46631
0.75196
2.03699
2.04556
0.887811
1.06127
0.896348
0.580622
1.36181
0.624052
1.79532
0.813119
0.964217
1.48216
0.804253
0.824634
1.09538
0.900472
0.708314
1.03901
1.03895
1.06004
1.35025
1.26586
0.758779
1.21323
1.23136
1.29065
0.714118
1.29693
0.537533
0.465516
0.78157
0.689546
0.509377
0.432857
1.12279
1.04052
1.43303
0.673256
1.23954
0.901738
1.4942
0.654756
1.4422
0.529766
1.01141
1.02218
0.632063
0.976002
1.54108
1.38146
0.705218
0.881561
0.862665
1.02952
1.04781
0.668957
0.839574
1.20262
0.554645
1.12335
1.25796
1.1075
0.924334
0.993399
0.620829
0.97576
0.855866
1.12756
0.713737
1.42319
1.04582
0.696135
1.12764
0.697429
1.01318
1.22015
0.619008
0.83523
0.56195
0.632781
0.374122
0.724208
1.27313
1.48971
1.21766
1.51199
1.14205
1.77667
0.915852
1.23073
1.6327
1.19735
1.05062
1.18766
0.726219
0.871772
0.562309
1.25201
2.00521
1.44361
0.951383
0.547248
0.61912
0.917015
1.18156
0.909798
1.29552
0.933321
0.794955
0.721184
0.681884
0.979663
0.833176
0.974666
0.519931
1.04436
0.779147
1.39008
0.930978
1.16514
0.944767
0.803934
0.797941
1.49407
0.842958
1.04106
0.877025
1.3014
0.743606
1.47315
0.91722
0.726854
0.863174
0.764057
1.22425
0.712305
0.960066
1.66122
1.17689
0.919201
1.07771
0.862083
0.969348
1.13652
1.0239
1.08219
1.21351
0.834302
0.919138
0.810753
1.03355
2.39497
0.570957
0.737431
1.5064
1.11676
0.551913
1.32439
0.332533
0.969785
0.658098
0.705696
0.773869
1.17393
0.464291
0.876789
1.1776
0.742194
1.14757
0.841288
0.69129
1.48974
0.877205
1.10533
1.32476
1.34096
0.373276
0.802378
0.939395
1.51161
0.75717
0.576804
0.733747
1.06378
1.21346
0.712028
1.26861
0.883047
0.625117
1.88856
1.10067
0.803974
0.661494
1.2541
1.21982
0.654123
0.774171
0.991293
0.699377
1.6173
0.729009
1.03431
1.42629
0.854934
1.07427
0.880511
0.940358
1.40307
0.62855
1.01689
0.547683
1.22822
1.83301
1.73328
1.3897
1.37933
0.676244
1.00757
1.1384
1.08495
1.52805
1.32163
1.24948
0.463151
0.941151
0.665984
0.532003
1.28626
0.626921
1.82473
1.59481
0.797034
1.13681
0.943139
0.949421
0.897309
0.618843
1.17526
1.08285
1.16852
0.712239
0.776186
1.1162
0.971304
0.574433
0.975801
0.787449
0.946144
1.06754
0.941081
1.05627
1.4442
1.35003
0.684299
0.810951
0.94725
1.07138
0.755939
0.58049
1.19356
1.29481
1.14872
1.20207
1.86812
0.449363
0.801098
0.780114
1.18524
0.712625
0.624429
1.63997
0.937429
0.72872
1.02536
1.1503
0.447097
0.912816
0.91681
1.70705
0.655787
0.786609
0.530911
0.946043
1.54585
0.872781
1.06964
0.874803
1.67768
0.612437
0.824136
0.926983
1.41137
0.994638
1.36758
1.34872
1.02621
0.710224
0.934043
0.598647
0.435198
1.58335
1.0174
0.576313
0.555819
0.887048
1.21061
0.689625
1.32698
1.0545
0.933679
1.38398
0.917153
0.86981
1.17979
0.832661
0.89728
0.812981
0.911379
0.708515
0.927615
0.921807
0.719432
0.841556
0.901728
1.22764
0.989139
0.635408
1.27196
1.22655
0.761832
0.319898
0.666029
1.28359
1.15471
0.561103
0.990025
1.50245
1.08357
0.711899
0.949843
1.04941
1.1226
1.42788
0.556604
0.868886
1.74764
0.808886
0.985214
1.66699
0.887135
1.03898
1.153
0.87005
0.854026
0.948301
0.901423
0.865365
0.999922
0.877489
1.02303
0.89942
0.868499
0.676134
1.77639
0.363463
1.26961
0.932223
1.39292
0.797329
1.4245
0.616857
1.08251
0.75231
0.755321
0.610635
1.08677
0.462071
0.793959
1.75732
0.765936
0.847007
0.811469
0.980048
0.877265
1.04704
0.721777
0.50613
1.43794
0.898965
0.633215
1.00057
1.55651
0.964872
0.732176
0.882748
0.966952
0.690692
1.20044
0.885274
0.671816
1.69272
0.89124
1.36853
0.714327
0.48163
0.600166
0.982789
0.560543
0.652014
1.22231
1.88514
1.50688
1.36779
1.38199
1.23652
0.488199
1.74776
1.1752
1.08275
1.23452
1.14813
1.34684
0.716227
0.950878
1.07232
1.3833
0.720081
0.965517
0.697427
0.74447
0.845476
0.622421
1.24041
1.51527
1.22587
0.836228
0.802366
0.930743
1.19175
0.937952
1.40583
0.812186
1.70383
0.90816
0.932719
0.678735
1.0727
1.01031
0.992445
0.498293
1.15668
0.667283
0.804966
0.467999
0.776908
1.43201
1.1877
0.794068
1.50061
0.774763
0.803824
0.956984
1.60726
0.911318
0.842643
0.685322
0.6524
0.793356
0.521767
1.23824
0.85305
0.82563
0.569005
1.50451
1.02294
1.20135
1.3798
0.87943
0.86771
0.724281
1.62356
1.81303
1.3009
0.755561
1.53517
1.18044
0.912229
0.472889
1.10056
1.15336
1.05506
0.935889
1.19212
0.493802
0.59022
0.801022
0.755017
0.911085
1.37649
0.702244
0.714281
0.471199
0.600112
1.04957
0.881744
1.23409
0.854402
1.36157
1.46523
0.798981
0.975112
1.00694
1.00259
0.805668
1.04253
1.25804
0.640568
0.865379
1.26298
0.709474
0.937934
0.803757
1.3151
1.7749
1.48155
0.83434
0.906544
0.733719
0.659841
1.07023
1.01307
1.13267
1.26328
1.2793
1.0307
1.00717
0.804149
0.4623
0.390287
1.26759
0.995807
0.698255
1.32072
0.569156
0.815168
0.661524
0.7533
0.828534
1.6356
0.777002
0.587853
0.789042
0.687453
1.03276
0.955989
1.06885
0.572108
0.697876
1.84501
1.05537
1.47578
1.48864
1.1556
1.30236
0.632592
0.982861
1.17428
1.16781
1.38603
0.965646
0.586892
0.842108
1.25551
1.10254
0.787125
1.06043
1.27619
0.349201
1.45217
0.623714
0.556298
1.62289
0.789908
0.928184
1.01302
1.24963
0.834151
0.452745
1.0459
1.48942
1.14253
1.63259
1.25919
0.817589
0.920681
0.815336
1.35807
0.950318
0.829411
1.0321
1.96713
0.839227
0.865181
0.458665
0.786389
0.537211
1.236
0.831712
0.480106
1.49372
0.798678
1.04838
1.48924
1.07985
0.83231
1.41752
0.534646
0.992951
1.31753
0.74155
1.43728
1.18123
0.790244
1.00037
0.740817
0.990797
1.55575
0.819051
0.794816
0.950315
1.78326
0.726
1.17344
0.739352
1.00007
0.551836
0.520027
1.25685
1.62053
1.5494
1.10598
0.841623
0.378089
1.85965
0.806254
0.865421
0.629671
1.71355
1.52653
1.13446
0.798208
0.723558
0.747333
1.15647
1.04819
0.681847
0.704262
0.83287
0.884546
1.44313
1.18016
1.11387
0.650883
0.533325
0.876397
0.796053
1.00165
0.759305
0.781433
1.4015
0.624073
0.937605
1.28933
1.27277
1.29049
0.840951
1.23496
1.04094
1.20449
0.51978
1.26942
1.15755
0.740084
1.38521
0.605025
0.868788
1.08759
1.26174
0.794446
0.776792
0.773371
0.804605
0.545188
0.793553
0.733447
1.3059
0.680936
0.866272
1.09957
0.846085
1.08694
0.889956
1.2568
0.814666
1.66262
0.556367
1.18028
1.21155
0.710751
0.766826
1.38163
1.07654
0.618859
1.42415
0.512667
1.11323
0.942913
0.748958
0.547292
0.891036
1.42492
1.19737
1.44706
1.23406
0.582077
0.863857
1.29616
1.46354
0.999128
1.08906
1.11253
1.41327
1.29014
0.795169
1.03979
0.826082
1.40468
0.983902
1.37494
0.951365
1.24449
0.777365
1.17358
0.891142
1.11075
1.32766
0.588886
1.45879
0.516193
0.961144
1.36734
1.05715
0.693427
1.07717
0.655762
0.65165
0.90414
1.38668
0.926526
0.98361
1.14221
1.30698
0.91012
0.85473
1.86801
0.751143
1.16307
1.35711
1.05775
0.955563
0.4173
0.757806
0.989754
1.37965
0.720106
1.1347
1.4599
0.853735
0.876807
0.702519
1.19774
0.867936
1.08853
1.10237
1.55454
1.27511
1.29164
0.907034
1.14385
1.43306
1.52042
0.889149
0.916748
0.867917
0.86608
1.36076
1.47494
1.36764
1.08127
0.967111
1.40268
1.02
0.999856
0.681869
0.833312
1.10799
0.835685
0.797603
1.34564
0.744853
0.653606
1.00658
1.331
1.52492
0.749124
1.31366
0.768766
1.32369
1.23472
0.994667
0.918108
0.684413
1.05102
0.678698
0.759684
1.8024
0.629063
1.61432
0.786252
1.04286
1.70864
0.890297
0.758253
1.43943
1.00105
1.06021
1.054
1.00949
1.00275
0.8994
0.827377
1.25007
0.454834
1.09941
0.9628
1.09023
0.660473
1.16374
1.37506
1.28113
1.11999
1.41024
1.22025
0.847649
1.21026
1.24802
0.989965
0.588602
0.637117
0.716677
1.32709
1.18433
0.924054
0.548278
1.01156
0.917954
0.839512
0.915739
0.851447
1.27473
0.962991
0.669217
0.965243
1.47406
0.857907
0.761115
0.888026
0.588325
1.24074
0.701707
0.747199
0.822463
1.6536
0.838787
0.937062
1.49069
1.87116
1.19729
1.298
0.6612
0.838675
1.11367
0.665855
1.00297
0.894797
0.917444
1.30023
1.12998
0.64361
0.938575
1.56212
1.40427
0.905904
1.25847
0.597149
0.839638
1.28986
0.649975
0.567726
1.41634
0.876133
1.35507
1.34728
0.783769
1.18222
1.35464
0.528594
0.89036
0.609019
0.954204
0.607865
0.886619
1.06926
0.947936
1.56277
0.96544
0.648938
1.03441
1.33616
1.17748
1.43984
1.42084
0.863666
1.24099
1.25867
1.04251
1.05579
1.18166
1.16647
0.870699
0.873463
1.19315
0.966131
1.06663
0.711841
0.868824
0.744929
1.11139
0.549105
0.642178
0.7354
1.71391
0.899947
0.985478
0.554844
0.852052
1.09918
0.648907
0.916912
0.863668
0.962015
1.38769
0.764567
1.15618
1.16798
0.726341
1.60209
0.928787
1.0479
1.03118
0.800045
1.00765
0.736789
1.03778
0.79182
0.601299
1.39676
0.609546
1.15101
0.644621
1.06436
0.519695
0.981453
1.00572
1.16418
1.22996
0.715991
1.05443
0.722248
0.631264
0.800059
0.688158
1.10371
1.15968
0.855422
1.08571
1.16169
0.940294
0.544689
1.28143
1.12847
1.06254
1.06168
1.30785
0.807607
1.0285
0.934681
1.04754
1.27814
0.646636
0.857758
0.720424
0.49103
0.911497
0.430667
0.723096
1.17361
1.08605
0.581872
0.94878
0.799525
1.76054
0.863618
0.959295
0.656243
1.16299
0.835915
1.67204
1.06999
1.56637
0.596622
0.780674
0.992856
0.805735
0.785476
1.08499
1.1032
0.697528
0.608367
1.51573
1.18046
1.20759
0.614069
1.13639
1.30875
1.17532
1.315
1.37387
1.09051
0.891887
1.57855
1.14371
0.955578
1.15366
0.561729
1.34992
0.69649
1.26247
1.25625
0.717525
1.21433
1.00972
1.40288
0.926153
1.42836
0.891549
1.29359
0.973023
1.09128
0.722181
0.837857
0.878175
1.00012
1.36061
0.675259
0.818211
0.921352
2.0191
0.704383
0.901193
0.794332
1.07658
1.31466
0.750623
0.895039
0.510736
0.52973
0.789438
1.27295
0.95102
0.849575
1.27456
1.15049
1.10013
0.470613
1.14569
0.852636
1.26475
0.551202
1.00288
1.00508
1.24926
0.755493
1.39903
0.533106
1.16646
1.04326
1.50783
1.29349
0.905861
0.813868
1.0396
1.11465
1.08786
0.629496
1.09155
1.28276
0.468491
0.665878
1.04351
0.935401
1.18793
0.415172
0.765855
0.816849
0.528675
0.300787
0.721936
0.915014
0.693369
0.952307
0.903876
1.46239
0.870205
1.28518
0.906742
1.38447
0.51153
0.838404
0.941212
1.11523
1.32773
0.73225
0.982443
1.92766
1.23424
0.771927
1.20291
0.313255
0.881929
1.77357
0.920322
1.09046
1.28139
0.916944
1.45026
1.51348
0.360878
1.62686
0.680618
0.665331
1.03669
1.33719
1.13036
0.769688
1.00269
0.981435
1.52157
0.672337
1.10337
1.05641
0.854396
0.535745
1.07112
1.06565
1.00528
1.19148
1.35077
0.311285
0.918799
0.782411
0.963874
1.04097
1.14801
1.11279
0.892105
1.39436
0.536646
1.17417
1.00515
0.907885
0.775065
0.445045
0.954644
1.36262
1.35867
0.606985
0.97698
0.847844
0.600921
0.735553
0.541125
0.962901
0.918902
0.793213
0.746983
1.08569
0.990772
0.363608
0.623478
1.28815
1.58278
0.984032
0.830369
1.03359
0.633982
1.72322
1.17948
1.6358
0.692916
1.12184
0.885809
1.01844
0.768288
1.16727
1.11928
0.930871
0.511775
0.950541
0.849214
1.52968
1.11113
1.41258
0.72125
0.958164
0.961421
1.0627
1.23851
0.897838
0.965589
0.494941
0.772532
0.660333
0.518328
1.35637
0.802826
1.02185
1.23314
0.908302
0.704171
1.12978
1.02862
1.29412
1.61104
0.943269
1.33022
1.71127
1.69378
0.738046
1.58091
0.831744
1.08594
1.37427
1.43798
1.32671
0.775463
1.34686
1.52824
1.23605
0.837249
1.02409
0.836643
1.19677
1.19039
1.27147
1.1849
0.699154
0.385963
1.32482
1.10067
0.694982
1.09755
1.01747
0.52858
0.699858
0.714455
0.564826
1.08479
0.589154
1.54925
0.756674
0.908239
0.71587
1.20633
1.0293
0.903837
1.09459
0.870825
1.26234
1.12219
0.502887
0.615824
0.428881
0.825189
0.680108
1.29937
0.879849
1.51007
1.38625
1.01013
0.841778
1.03858
1.12561
1.1912
1.02316
1.04732
0.964917
1.73541
0.241161
1.07542
0.88927
1.02804
1.12154
1.30927
1.02733
1.53428
0.883036
0.76761
0.388082
0.740845
0.894006
0.706261
1.44305
0.907101
1.273
0.846365
1.06698
1.46071
0.73263
0.83523
0.655483
0.88611
0.86426
0.842746
1.09623
1.14814
0.924524
1.35209
1.10062
0.953008
0.873495
0.932117
1.2958
0.748472
1.38308
1.05112
0.655445
0.923925
1.20878
0.537639
0.658983
0.929527
1.10048
0.535918
1.12862
1.01792
1.14172
0.975411
0.672958
0.612652
0.736279
1.65064
0.376497
1.09344
1.04755
0.879795
1.11695
0.918301
1.81209
1.0841
1.34923
0.954934
1.10673
1.83055
0.882129
0.705387
0.839646
1.41922
1.66195
1.01794
1.38053
0.665617
1.69144
1.23999
1.30498
1.19918
0.889027
1.31105
1.10536
0.797039
1.09972
1.52298
0.589966
0.86286
1.0699
0.899064
0.593604
0.816686
1.11535
1.26336
1.77279
0.910874
0.913414
1.10462
1.43411
0.660916
1.00629
0.72381
1.10017
0.858655
0.781621
1.3831
0.826199
0.693113
0.53182
0.716366
1.10535
1.3151
0.747655
1.3031
0.789997
0.872345
0.787511
1.12864
0.79406
1.92586
1.03725
0.549272
0.538074
0.444727
0.958462
0.675214
1.27623
1.2189
1.19389
0.457812
0.85399
0.406288
0.51816
1.00052
1.69327
0.765521
0.838625
0.776497
1.33734
0.841757
1.47885
0.743221
0.945997
0.758832
1.04959
0.906489
1.40507
1.25345
0.589107
0.636674
0.78344
0.74468
1.29694
1.29318
0.530547
1.02736
0.71337
0.733268
1.02313
0.956638
1.28529
1.08229
0.694381
1.56093
1.28452
0.765886
1.08426
0.782826
0.564682
0.659068
1.31351
1.01205
1.22389
0.836052
0.656215
0.750924
0.651927
0.997438
0.5617
0.825251
1.42978
0.788168
1.50042
2.08039
0.799846
0.704089
0.946074
1.00362
0.950539
1.27612
0.955485
0.840745
0.945856
0.700365
1.19616
1.14275
0.723899
1.11904
0.845267
1.36641
0.687959
0.901695
0.686677
1.11585
0.811513
0.8052
1.05353
1.26185
1.34943
1.15319
0.651106
0.466946
1.41768
1.09478
0.654864
0.75323
0.804646
1.7278
1.45476
1.13579
0.83417
1.48864
1.27526
1.07881
0.767436
0.905462
0.833385
1.17928
0.869829
0.938941
0.714205
0.758609
0.972606
0.995861
1.33281
1.87265
0.80903
0.941417
0.872874
1.47467
1.1191
0.664513
0.632901
1.03721
0.545734
0.827089
1.34184
0.783025
0.581112
1.47986
1.00327
0.565815
0.733245
0.404566
1.13736
0.637419
1.40822
1.26886
0.719066
0.897124
1.07994
0.662806
0.883989
0.696123
0.758446
0.580856
1.28064
0.959177
0.965951
1.51184
1.26634
0.855027
1.04841
0.948083
0.750227
1.18516
0.670593
1.01998
0.914376
0.964081
1.0406
1.43787
1.26166
1.40251
0.975612
1.01152
1.28669
1.55739
0.724064
1.91312
0.932859
1.23527
0.68499
0.738826
0.926029
1.34997
0.735527
0.721664
1.38857
0.487395
0.580518
0.670719
1.45951
0.64026
0.842863
1.08198
1.85475
1.39549
0.940096
0.984255
0.888501
0.872151
0.969876
1.43177
1.14308
2.08517
0.979765
1.36439
0.967829
1.06554
0.836376
0.81116
1.0559
0.8214
0.704874
0.220366
1.2495
0.806018
0.892584
0.713531
1.08115
0.82621
1.47201
1.1649
1.08748
0.839821
0.805268
0.982881
0.673761
0.524762
0.737366
1.16751
1.03983
1.35764
1.01308
1.32159
0.972084
1.0267
0.687815
0.628129
0.994772
1.33668
1.67969
0.673641
1.60934
0.929083
0.981248
1.18782
1.08663
0.649218
1.02473
1.1986
0.582051
0.907123
1.14889
1.39926
1.04956
0.922204
1.0369
1.5463
0.854664
1.25069
0.526719
0.58242
1.54057
1.23444
0.767303
1.0733
0.574581
1.06855
0.713517
1.34845
0.82537
1.57375
0.972185
1.03096
1.55252
1.29854
0.883035
0.59145
0.721419
0.556568
1.68458
1.3347
0.957946
1.09477
1.24436
0.667732
0.970723
1.03398
1.00428
0.557984
0.654853
0.97922
0.923061
0.987911
1.40695
1.3246
0.866947
0.999335
1.11565
0.904317
1.41741
0.740678
0.924389
0.588173
0.86711
1.46407
1.22823
1.08337
1.18579
0.829974
1.29345
0.786393
0.940719
1.21383
1.24465
0.985294
1.00203
0.784582
0.907159
0.968879
0.910664
0.600931
0.793905
1.59083
1.15523
1.07737
2.33933
0.409831
0.691591
1.11705
2.02
1.47037
0.612938
0.972847
0.74973
0.660474
0.639528
0.989418
0.766568
1.08748
1.07438
0.631818
1.714
0.99445
0.931184
1.10647
1.05343
0.736707
1.15787
1.27837
0.731365
1.4309
1.30778
1.08832
0.925903
0.737877
0.756402
1.3267
0.937699
1.35431
0.857792
0.914477
0.71278
0.587128
0.577069
1.46667
0.816354
0.604081
0.679158
1.00419
0.850023
1.00611
1.13768
1.76511
1.28978
0.859758
1.63329
0.546185
0.671022
1.12996
0.998479
0.909043
0.86834
0.993569
1.02477
0.37093
0.481671
1.33436
1.32429
1.05355
0.749935
0.956963
1.24961
1.30507
1.63318
0.708418
1.11907
0.604658
1.63467
0.740405
0.574354
1.04444
0.893428
1.02002
1.12169
1.36405
1.03497
0.60749
0.929004
1.02552
0.950294
1.03734
0.752581
0.745431
0.557993
1.12842
0.86356
0.950812
1.02962
1.55191
0.692604
0.978621
1.20035
0.979555
0.918122
1.03186
1.50249
1.19957
0.975551
1.37838
0.974186
0.61699
0.606871
0.821453
1.38141
1.15445
0.971729
0.784368
0.37974
1.30404
1.13522
0.778095
0.578668
1.12657
0.74576
1.41777
1.37347
1.03712
0.873463
0.658381
0.870282
0.861666
0.827452
0.969163
1.03749
1.01804
0.983242
0.841114
0.666217
0.739373
0.976626
0.839327
0.682141
0.843355
0.97272
0.518388
0.80474
1.06991
0.538262
0.776472
0.606314
0.706361
1.12231
0.881271
1.79545
0.885408
0.480203
0.574473
1.39388
0.84423
0.627955
0.89853
0.950696
0.691132
0.558327
0.907275
0.439698
0.814542
1.22419
0.509413
0.844662
0.910257
0.84689
1.05958
0.650886
0.666186
0.79282
1.05828
1.04308
1.0225
0.631406
0.924188
0.99408
0.717916
1.16283
0.544009
0.863188
0.876664
0.87633
0.677166
0.820189
0.947858
1.22761
0.444563
0.678566
0.736972
1.59033
1.68071
0.8056
0.734539
1.03633
1.63993
0.582925
0.774025
0.686684
0.766622
0.990244
0.641063
1.39346
1.13487
1.36126
1.2791
0.681689
1.16843
0.744078
0.521699
0.613346
0.973123
0.947881
0.905199
1.1541
1.18446
1.0811
0.779089
0.898235
0.781512
0.492835
0.980532
0.758309
0.822317
0.95467
0.812378
1.23573
0.768557
1.15582
0.956047
0.624336
0.799507
0.829873
1.04075
1.14478
1.20531
1.00912
0.995485
1.27057
0.780934
0.917582
1.54709
0.986206
0.864966
1.34854
0.627228
0.663045
1.30552
1.02754
0.757426
1.10428
1.09291
0.832471
1.4502
1.4249
1.10333
0.811686
0.24349
1.01366
0.839195
1.02896
0.857
1.94367
1.5674
0.935517
1.12658
0.688632
1.06691
0.692655
0.601707
1.14337
0.482439
0.695198
1.02891
1.54364
0.878092
1.09181
1.6966
0.808302
1.96524
0.85762
1.60341
1.40505
1.23182
1.26332
0.516961
0.808353
1.43311
1.39855
1.22712
1.0547
0.727924
1.15958
0.717801
1.93767
0.485442
1.47697
0.757854
1.45046
1.16576
1.11876
0.456709
0.979462
1.38279
0.549391
0.834772
0.782934
1.23044
1.14417
1.46989
0.956894
0.581222
1.23581
0.76889
1.57161
0.85924
1.27054
0.604002
0.858925
0.745642
0.912826
0.563699
1.344
1.18894
0.806345
0.909339
0.9468
0.699885
1.04455
0.816303
0.652467
1.39562
0.504144
1.14908
0.915247
1.18704
0.974511
0.476333
0.905812
1.16515
0.963224
0.984157
1.35811
1.15969
1.04557
0.725071
0.932383
1.39293
0.787035
1.14272
1.30324
0.692768
1.10895
1.23656
1.41653
1.10009
1.56305
1.0397
0.617214
0.581745
1.49288
1.13852
0.942344
0.874443
1.02777
1.53643
0.573784
1.71768
0.643433
1.21182
0.644105
0.744719
1.30851
1.19129
1.07484
0.652422
0.848022
1.41977
0.960872
1.04171
0.574214
0.971644
0.926648
0.895774
0.823493
1.06796
0.665353
1.02306
0.840794
1.51325
1.13744
1.15443
0.916711
1.0326
0.601703
0.988227
0.523191
0.869509
0.818131
0.898886
0.734123
1.02585
1.50306
0.805853
1.24228
0.954435
0.923697
0.370999
0.932267
0.888653
1.03602
0.612322
0.783202
0.683949
1.11583
0.671909
1.21808
1.61357
0.856509
0.880335
0.780457
0.473008
0.872903
1.31297
0.832801
1.04497
1.31988
1.97091
0.979663
0.886223
0.64134
0.82019
0.370369
0.788595
1.40763
0.865836
1.10896
1.07915
1.00706
1.03705
1.03905
0.576975
0.670214
0.703605
0.479462
0.82723
2.5412
0.691899
1.3016
0.743152
0.833789
1.34378
1.20309
0.760068
0.569615
0.603247
0.788667
0.905378
0.680638
1.17518
0.486917
0.658156
1.26107
0.806874
1.66458
0.72521
1.48384
0.844123
1.65851
1.17719
0.89137
1.21697
0.8216
0.765896
0.694001
0.741926
1.06036
0.742814
0.6728
1.15279
2.36762
0.878059
0.473025
0.752383
1.25509
0.735247
0.851512
1.24821
1.38003
1.36479
1.3677
1.34865
1.38105
0.630722
0.975873
1.09196
1.06085
0.705294
1.45904
1.03878
1.86241
0.48748
0.878165
0.852533
1.75539
1.3333
0.822868
1.26888
1.71295
1.09136
1.13918
0.96171
0.776945
0.984547
0.841463
1.33641
1.14916
1.22367
0.318486
0.629207
1.21701
0.685971
0.81318
0.569749
1.53363
1.35801
0.865333
1.07107
0.707706
0.905648
0.945284
1.42018
0.837439
0.747559
0.767702
0.692911
1.09979
1.21419
0.880111
1.05208
0.663867
0.760214
0.819113
0.856248
0.907744
0.810056
0.729753
1.10896
0.504921
1.22994
1.13115
0.529637
1.17482
0.669327
1.04092
1.08421
1.69515
1.24656
1.47408
1.13125
0.455968
0.447515
0.711091
1.09008
1.0961
1.19543
1.3577
1.0761
1.16699
1.02295
0.363355
1.57257
1.30034
0.885498
0.931676
1.41558
0.286104
0.725105
1.37411
1.5272
1.26837
1.27772
0.495598
0.850518
1.0636
1.12836
1.24949
0.744323
1.0108
1.0133
0.923796
0.596554
1.21151
1.54945
1.73051
0.783908
1.47485
0.817587
0.97732
1.45324
1.05869
1.14936
0.769479
0.774523
1.09632
1.15218
1.3569
0.578748
0.732846
0.557588
0.943
0.578298
1.33473
1.25191
1.05407
0.721134
0.683221
0.980123
0.882602
0.76931
1.07852
0.660921
0.994821
0.712623
1.57209
1.22119
0.763235
1.08795
1.05972
1.37322
0.560172
1.78914
1.27551
1.14894
0.773486
0.758325
0.879288
1.65422
0.954409
0.881801
0.998033
0.806377
1.23581
1.06224
0.765073
0.832924
1.1335
0.571461
0.955392
0.686117
1.71861
0.534169
0.698333
1.39032
1.17543
1.08142
0.60577
1.25358
1.24514
0.948751
0.864268
1.00391
1.02847
1.30193
0.993374
0.93324
0.77977
1.27453
1.01732
0.877508
0.220992
1.19146
0.834843
1.21921
0.931485
0.834404
1.44035
1.00348
0.39955
0.92583
0.881807
0.938318
1.06467
0.680285
1.22253
1.41366
1.44837
1.16027
1.43889
1.13053
0.766543
0.741664
0.810233
0.986813
1.75362
1.46997
1.68926
1.15015
0.933249
0.76594
1.02055
0.793736
1.25716
0.758673
1.163
0.966027
0.889557
1.51065
2.00688
1.40113
0.979726
0.99477
0.696607
0.851483
0.922134
1.31776
1.00406
0.954984
0.920715
0.713767
0.825567
0.76069
0.785952
1.78825
1.36769
1.12558
0.762315
1.06507
0.902966
1.02804
1.00305
1.16218
0.729047
1.67464
1.1266
0.822587
0.777362
1.01239
0.573445
0.93923
0.911766
1.4698
0.831574
1.31372
1.12138
0.81456
0.660741
0.994736
1.00851
0.976929
0.695374
1.7319
1.08427
1.09397
1.09106
0.634519
1.091
0.616333
1.52612
1.13694
0.7805
1.53005
1.08026
1.02475
0.627284
0.835942
0.824868
0.79573
1.0628
0.617243
1.03012
0.853219
0.932377
1.19974
0.84745
1.30593
0.628972
0.886469
1.12238
1.44934
1.94195
0.97055
0.861754
1.34034
0.811072
0.758183
0.545515
1.51827
0.907596
1.03731
1.05392
1.22039
1.55912
1.29989
0.752734
1.19792
2.57411
0.727725
0.793102
0.79969
1.08414
0.985732
0.841715
1.215
1.15295
1.26765
1.22104
1.53313
1.52483
0.86874
2.10786
0.953889
0.506501
0.864264
0.886428
1.61262
1.3083
0.655423
0.853813
0.771444
0.672854
0.853123
1.28357
1.14641
1.18347
0.818058
0.559237
0.586126
0.598847
0.943854
1.19136
0.734726
1.09688
0.815433
0.580461
1.24828
0.942375
0.83557
1.06866
0.568757
0.975816
1.14692
0.546231
0.715611
1.33547
0.920418
1.36275
1.73429
0.849928
0.915383
1.11114
1.22421
1.00657
1.79405
1.38396
1.24108
1.14142
0.516141
0.924027
1.03915
1.35562
0.618433
1.16765
0.732138
1.32272
0.990861
1.23937
1.18712
1.35376
0.866794
1.00278
1.40198
1.32625
1.40014
0.769647
0.815945
1.00356
0.783109
0.516152
0.692041
0.693359
0.901
0.709644
0.999544
1.31953
0.994867
0.6569
0.880109
1.0982
1.3953
1.12511
0.871079
0.666878
0.700086
1.24894
1.24563
0.669652
0.547509
1.38649
0.695006
1.00532
1.13507
1.14441
0.697261
1.40443
1.21128
0.939834
0.900513
1.04121
0.810968
0.739318
1.46159
0.969361
0.912273
1.02591
0.692611
1.26471
1.18955
1.15853
1.20796
0.739104
1.24716
0.673438
1.47968
0.651727
0.905708
0.986453
0.638535
0.969049
1.22128
0.972512
1.38895
0.894212
1.08466
0.788782
1.01063
1.15959
1.1418
0.324271
1.10073
1.30979
1.0791
0.904719
0.774784
1.04528
0.822331
0.861911
0.768296
1.58564
1.42023
0.953916
1.17026
0.758456
0.831009
0.861665
0.982324
1.05989
1.08825
0.723548
0.770727
1.67129
0.84516
0.448708
1.48581
0.726668
0.858153
0.925098
0.935729
1.22345
1.01203
0.308539
0.321614
1.14822
0.737697
1.14291
0.789587
0.8784
0.995888
0.769953
0.878936
1.07642
1.6885
0.926475
0.989045
1.14843
0.89499
1.3301
0.636367
1.14679
0.726485
1.06824
0.557333
0.600442
0.826093
0.965277
0.825296
1.14485
1.00085
0.539021
0.588295
1.52439
1.35662
1.22946
0.540626
1.66731
0.786348
1.44253
1.25542
1.07604
0.728642
1.07838
0.878874
1.07374
0.993769
1.37716
0.674896
0.967712
0.733367
0.927322
1.37535
1.09701
0.923683
1.81137
1.21957
0.69607
1.36517
0.895971
1.11915
1.3487
1.00315
1.15144
1.26219
0.644559
0.565191
1.10756
0.676262
0.614255
0.813463
0.985659
0.648774
0.914999
1.05808
0.914587
0.760679
1.27735
1.34669
1.19187
1.50712
1.05462
1.19059
1.35955
1.6077
0.831721
1.35604
1.70544
0.877378
1.22529
0.943348
1.17213
1.52812
1.76684
0.825906
0.973931
1.33253
1.31723
0.852473
1.11398
1.33868
0.632787
1.20842
0.862122
1.10751
0.865821
0.944634
0.943655
1.19478
0.786779
0.569946
1.13226
0.982782
0.881279
0.953773
1.1726
0.693965
1.26678
0.634872
0.895178
0.723082
0.649263
0.992249
1.16354
0.985831
1.09436
0.617325
0.768333
1.73345
0.804224
0.988175
0.595386
0.916705
1.46724
1.10822
1.02234
1.12791
0.99233
1.25037
1.03885
0.936507
0.900179
1.42357
0.741997
1.39597
1.17028
1.46273
1.00877
0.767172
0.676057
1.09463
1.32436
1.45222
0.78505
1.1043
0.705268
0.755161
1.56031
0.416547
1.17074
0.935553
1.30705
1.00613
1.66538
0.952226
1.29863
1.46734
0.667548
1.09425
1.36633
2.12529
0.741153
1.13964
1.15537
0.977821
0.682521
1.07954
1.42024
0.702575
1.42314
0.578222
1.03198
1.56023
0.978187
1.00004
1.06056
1.19952
0.81125
0.677549
1.05432
1.12637
0.964322
1.84332
0.647983
0.741261
0.371579
0.627019
1.00986
0.77755
0.861532
1.31531
0.807557
0.780651
0.785751
1.12271
1.51341
1.14978
1.0702
1.45013
1.23855
1.03065
0.634075
1.03652
1.45818
1.30695
0.898258
0.71173
0.733062
0.767937
0.870879
1.02468
0.928683
0.996652
0.539576
0.945294
0.76377
0.845762
1.24212
1.87954
1.34209
1.32623
1.17979
0.969395
0.910702
0.772537
1.36845
0.621268
0.722616
1.1273
0.881881
0.90317
1.19306
0.484931
0.707065
0.681257
0.637346
1.09682
0.752716
0.518536
2.00759
1.41063
1.93573
1.16032
1.1765
0.884565
1.21486
0.853603
1.62465
0.488616
0.849157
0.918787
1.05839
0.741829
0.767124
1.08444
0.772764
0.895052
0.897865
0.992466
1.20284
0.974606
0.992111
1.08502
0.760324
0.595912
1.13205
0.610356
1.15137
0.912587
1.86994
0.880872
0.462959
0.812058
0.533695
1.01784
0.967749
1.00823
0.922159
1.15676
1.22198
1.1933
1.16259
1.05885
1.02567
0.752894
1.50659
1.3001
0.965386
0.622691
1.37889
1.04289
1.18852
0.656054
0.589273
0.963765
1.08485
1.58351
1.13505
1.14875
1.02711
0.856491
1.26392
1.22053
1.12665
0.698136
1.4843
0.820396
1.22973
0.657438
0.885733
1.15979
0.782673
0.975132
0.915412
0.910303
1.21507
1.41647
1.03025
1.26817
0.57538
0.619869
1.24009
0.744213
1.16582
1.63197
0.789163
0.665862
1.0123
0.687308
1.14392
1.10815
1.19137
1.60732
1.38837
0.783841
0.473902
0.686439
0.751137
0.806226
1.19362
0.689939
0.723534
1.08808
1.41832
1.01696
1.07659
0.490995
0.866166
0.567763
0.95249
1.25905
1.23424
0.901853
0.87792
0.618619
1.00592
0.590634
1.00744
2.21869
1.07828
0.758563
1.92391
1.07108
0.703456
1.21063
1.83747
0.973787
0.904685
0.812769
1.38934
0.453589
0.952087
0.886699
0.792036
1.25744
0.940022
1.06119
1.23371
1.42712
1.27495
1.22193
0.954811
0.666544
0.575551
1.08836
1.10268
1.47451
0.92411
0.900438
1.16273
0.982559
1.34049
0.765158
1.11524
1.02223
1.45619
0.904228
0.664574
0.983872
0.923587
0.642068
1.83401
0.547215
1.02949
0.837157
1.00893
0.841342
0.499638
0.816355
1.07766
1.15641
0.954555
1.2521
0.870272
1.21439
0.856632
1.09259
1.28173
0.903179
0.551074
0.858683
0.936201
0.966732
1.43594
1.11875
0.666236
1.01668
0.804115
0.627865
1.45833
1.05213
0.863649
1.10217
0.748993
1.07181
1.05996
1.26735
0.824799
0.856054
0.83906
0.349324
0.667898
0.842235
1.1269
0.825969
1.21117
0.993724
1.0589
1.20935
0.865114
0.685692
0.742826
0.989159
1.30539
0.773145
0.877053
0.616877
0.609495
1.18762
0.884776
1.3638
0.968191
1.56428
0.823428
0.806187
0.932933
0.390988
0.920553
0.994929
1.09003
0.721676
1.25077
0.607389
0.680926
1.34911
1.16073
0.96174
0.633904
0.77218
0.622244
1.31819
1.1858
1.01392
0.732097
1.1862
0.729314
0.904537
1.6648
0.994814
0.527303
1.58712
0.7653
1.3555
0.984952
0.742421
0.976663
0.722384
0.954159
0.987946
0.770655
0.808182
0.984406
1.14902
1.06292
0.862476
0.639003
0.448975
1.39186
1.1896
0.714316
1.41809
1.13774
0.773205
0.882922
1.34316
1.0172
1.54729
1.00878
0.976142
1.4881
0.878935
1.011
1.40285
0.886738
0.771199
0.893087
1.29364
0.61748
0.352169
1.17159
0.656642
1.08931
1.44701
1.05001
0.552187
1.36519
1.53495
0.907099
0.43942
0.884919
1.43435
1.26893
1.44587
1.46171
1.06686
0.952925
0.956197
1.09598
0.844691
1.12385
0.496497
0.618439
1.45151
1.43016
0.777376
1.16848
0.994574
0.6327
0.937497
0.901098
1.15724
0.883766
0.761595
0.983558
1.46908
1.02724
0.562544
0.923274
0.325158
1.57079
1.05185
1.07762
1.15833
0.770054
0.737353
0.93113
0.784118
1.11498
0.606886
0.635436
1.49307
0.893135
1.80554
1.12809
0.71536
0.919922
0.846992
1.07764
0.905492
0.643546
0.448497
1.329
1.41561
0.922848
1.36209
1.32673
1.33705
1.06182
1.04535
1.11103
1.26878
0.775985
0.705338
0.55772
1.12023
0.973625
0.978446
1.40256
0.688415
0.620352
0.665425
0.942304
0.830111
0.982137
0.976275
0.919351
1.03579
0.787866
1.00157
1.15798
1.49553
0.846854
0.879231
1.21648
1.39172
0.81975
1.11213
1.42229
0.456776
0.984968
0.625361
0.676526
0.617697
1.14532
1.19144
0.981638
0.524462
0.983684
0.554076
0.695304
1.2463
0.572063
1.11323
1.05841
1.60713
1.46216
1.50993
0.963897
1.56178
1.29209
1.07503
0.737265
0.936215
1.60916
1.85882
0.926461
0.370841
0.720837
0.693663
1.09622
1.14288
0.624225
0.987982
0.76849
0.885741
0.967047
1.31184
2.05898
1.74375
0.787106
1.22556
0.882818
1.15609
1.11899
0.824912
1.19065
0.915415
1.73857
1.0712
0.68029
0.937728
0.829416
0.95973
0.736512
1.03322
1.07182
1.20661
1.28386
0.374771
0.999411
1.20016
0.701856
0.988899
1.54669
1.12157
0.632859
0.803298
0.63793
0.7715
1.0268
0.908166
1.33863
1.07483
1.24745
0.965607
1.21604
0.659622
1.32943
0.922435
0.876095
1.41494
0.891116
0.766998
0.887885
0.764477
0.98495
1.47904
0.83042
0.558569
0.472658
0.933886
0.592889
0.908946
0.55799
1.5851
1.01999
0.59929
0.862909
0.801516
0.664722
1.15955
1.12907
1.2978
1.14382
1.13389
1.07492
0.822104
1.17844
1.02305
0.615586
0.729693
0.864807
1.03823
0.793956
1.20185
0.654679
1.35937
1.17248
0.884309
0.354239
0.984306
1.45287
0.852886
0.810274
0.884113
0.995007
0.877743
0.58728
0.810573
0.371339
1.49916
0.728993
1.436
1.13036
0.986943
0.679264
1.33069
0.667773
0.792523
2.59716
1.02639
1.13534
1.40144
1.07255
1.0974
0.924313
0.937317
0.758417
1.20196
1.29715
1.80377
1.10075
0.382489
0.778318
1.05506
1.02759
1.10325
1.44771
1.03544
0.766262
1.6684
0.71689
0.986371
1.53725
1.28261
1.47224
0.817497
0.987258
0.405955
0.686029
1.16127
0.620505
2.09366
0.700476
1.01259
1.20543
1.00486
0.518001
1.53793
0.617815
1.10124
0.844813
0.636888
0.941396
1.07472
1.25459
1.41072
0.753706
0.792787
0.985808
0.662328
1.13862
1.43621
1.11137
0.756818
0.305251
1.01508
0.78555
0.742719
0.832125
0.912071
0.815412
0.939122
1.6224
0.863774
1.01871
1.33688
0.88932
0.771445
1.26687
0.397601
0.792401
1.28536
0.367814
1.18322
1.00336
0.779807
0.998896
0.800173
0.449075
1.03683
0.847741
0.626918
1.16645
1.07614
0.830368
0.940368
0.761282
0.977258
1.06584
0.946176
0.589764
0.689824
1.28924
1.26328
1.25721
0.867507
0.871402
0.912164
1.66274
0.913905
0.919256
1.03075
0.606636
1.12123
0.999501
0.715167
1.26987
0.664018
0.69727
1.19991
1.82043
1.21696
0.855015
0.807532
1.10739
0.698163
0.55783
0.522109
0.778016
0.611549
1.35317
1.21564
1.00361
0.480468
0.911146
0.876343
1.28044
1.29645
1.1162
0.877397
1.43596
1.20126
1.29665
0.61541
1.1643
0.855534
0.979524
0.795115
0.439225
0.948957
1.30895
0.931334
0.621326
0.507192
1.29409
0.680174
1.30052
0.731168
0.760552
0.806615
1.19523
1.03679
0.751602
1.48355
0.585838
0.741177
1.2401
0.85311
1.11005
0.570017
0.770148
0.769533
1.13291
0.9043
1.19269
0.517026
0.905826
0.855226
1.34414
1.07211
1.31506
0.722685
0.522254
0.599685
0.876362
0.808967
0.905308
0.833565
1.33927
1.64001
1.47509
0.619081
1.47224
0.589351
0.506485
0.812327
0.505538
2.2864
0.656925
1.21621
0.780764
0.753246
1.12991
0.871348
1.4846
1.39702
0.912703
0.892633
1.07528
0.58725
1.31327
0.812974
1.36624
1.0463
1.3839
1.08793
0.84232
0.671407
0.650877
1.3605
1.03536
1.36415
0.579407
0.867867
1.13077
0.829688
0.845003
1.31859
0.751288
0.824582
0.694447
1.12068
1.13739
1.28979
1.13957
1.64459
0.861625
0.979302
1.35597
1.00474
0.784582
0.936809
0.899752
0.591564
1.04711
0.692071
1.01752
0.671561
0.806448
1.04298
0.809428
1.44864
1.27418
0.590231
1.02388
0.849022
1.01946
1.57082
1.2607
0.678803
0.571072
0.69704
0.652666
0.730333
0.464708
1.14551
0.750887
0.984266
0.918777
0.834119
0.712317
0.99919
0.959193
0.830402
0.748509
1.19952
0.44583
1.37739
0.844182
0.976205
0.759049
0.979648
1.13739
1.16784
0.862287
1.15172
0.893801
0.557433
0.915187
0.71864
0.539802
1.07686
0.834105
0.987447
1.03281
0.881287
0.680298
1.42786
1.63214
0.848452
0.832077
1.33033
0.880491
0.944242
0.783628
0.697101
0.90073
1.06216
0.738545
0.762009
0.461976
1.13807
1.04122
1.04784
0.855511
1.18417
1.01504
0.635963
1.61078
0.694995
1.18814
0.956124
0.92242
1.38911
0.742664
0.919259
0.707737
0.872219
1.17236
1.00187
0.720597
0.557158
0.774598
0.693001
0.546632
0.759945
0.60465
0.770501
1.19565
1.46425
0.699175
0.605649
0.701015
0.748942
0.665174
1.04016
0.504889
0.722781
0.672425
0.809729
0.971471
0.809317
1.27266
1.11235
0.934291
0.643177
1.11819
0.818237
0.888291
0.542809
1.32085
0.78996
1.4737
0.865048
1.13782
0.814318
0.802689
1.5727
0.820991
0.984196
1.19236
1.31129
1.50766
0.511349
1.10444
0.60297
0.583157
1.06942
0.99448
0.576671
1.04347
0.99157
1.13628
0.601932
0.993607
1.01372
0.636839
1.06912
0.862314
1.0352
1.8023
0.999741
0.541397
1.24048
1.09093
1.27914
1.26404
0.862333
0.457937
1.13429
1.5384
0.993769
1.32631
0.787746
0.897145
0.345183
1.65697
0.913657
1.28148
0.972337
1.03688
1.21569
0.833143
1.00804
1.02967
0.483051
1.09574
1.16965
0.74675
1.06743
1.47237
0.888854
0.813153
1.38175
0.700918
1.40157
0.621355
1.14713
1.07999
0.371157
0.72521
1.25569
1.24053
0.884377
0.958892
0.592966
0.904601
1.59388
0.967288
1.07762
1.10661
0.940303
1.36747
0.39334
1.13172
0.769917
0.702091
1.7596
1.14813
0.749958
1.11039
1.35107
0.765519
0.749851
0.622869
0.849883
0.602479
0.913951
0.766585
1.12135
1.47048
0.816871
0.622345
0.657532
1.7059
0.921796
0.923499
0.545367
0.838414
0.998932
0.56784
1.29261
0.991058
1.32593
1.18518
1.27202
1.26788
0.832089
0.62418
1.08802
1.6193
0.786415
0.887343
1.12522
1.03813
1.05204
1.08839
0.973418
0.860188
1.09272
1.13953
1.09499
0.975389
0.735034
1.14316
1.11374
0.400009
1.32307
0.726543
0.632765
1.12478
0.419774
0.803689
0.61553
1.15836
0.748434
1.71046
0.419969
0.749953
0.972781
1.20462
1.10719
0.651364
0.916829
1.15758
0.590464
0.930225
1.18355
1.03159
0.684097
1.42789
0.753991
1.19895
0.966018
0.789119
0.765746
0.766545
1.11928
1.00234
0.697452
1.2946
0.483397
1.19535
1.04863
0.629423
0.545534
1.43157
0.472312
1.40873
1.09867
0.536605
1.02961
1.42259
0.702585
0.883543
1.61759
1.10554
0.653598
0.960592
0.886003
0.720791
1.21392
0.701384
0.994131
1.81933
1.55697
0.599127
0.761482
0.932894
1.13616
1.08793
0.738295
0.842569
1.26547
0.868441
1.02813
0.84779
0.667188
0.834729
1.18596
1.12169
1.25738
0.985282
0.60579
0.864632
0.574061
1.59146
1.06832
0.575932
0.944611
0.936398
0.45319
1.34014
1.13787
1.15772
1.12293
1.79744
0.983081
1.18087
1.42729
1.07502
0.808086
0.985453
0.729072
0.704926
0.823265
0.808806
1.36122
0.878215
0.774314
0.884168
1.5536
0.734965
0.773829
1.95182
0.591301
0.952577
0.899237
0.948779
0.607119
1.27936
1.81925
0.835354
1.08889
0.756033
0.973607
1.07959
0.96256
1.06942
1.44105
0.943164
0.715145
1.32641
1.12824
0.756963
1.18132
0.684416
0.574207
1.02574
1.42016
0.683299
1.03523
1.39762
0.739152
1.07433
1.09424
0.9421
1.57835
0.782082
0.744682
0.563379
0.442109
0.830364
0.952554
0.815622
1.11983
1.53677
1.53453
1.43979
1.32576
0.556025
1.26692
0.708939
0.705218
1.09616
1.35988
0.763758
0.615191
0.87849
0.942832
0.83777
1.17364
0.64967
0.566488
0.973235
1.03933
1.06519
0.825026
0.701627
0.951003
1.20224
0.675409
1.25956
0.733348
1.21064
0.781797
0.647412
1.17938
1.00568
0.836001
1.14816
0.58921
1.00542
1.15186
1.03597
1.47413
1.53626
1.02201
1.02033
0.644349
0.916648
0.96097
1.34134
1.00257
1.08209
0.976058
0.396938
1.14372
0.554781
1.20114
1.52674
1.47755
1.09334
0.632753
0.881956
0.521697
0.819214
0.96916
1.45965
0.775297
1.43613
1.0508
1.16443
1.1783
1.64861
0.953353
1.43554
0.884703
1.02668
0.900452
0.842735
0.794773
1.09164
0.788903
0.868333
1.01902
0.665786
0.655658
0.491678
0.769073
0.793707
0.883243
0.824187
0.663519
0.707135
1.0833
1.16865
1.0667
0.943344
1.47602
1.2457
0.984534
0.402073
0.563872
0.585006
0.945397
0.655148
0.886586
0.684674
0.921065
1.25857
1.145
0.530918
1.23806
0.492819
1.59166
0.791031
0.935965
1.03489
0.994209
1.60344
1.24961
1.54991
1.13842
1.07837
1.0247
0.940771
0.55862
0.8512
1.66414
0.550047
0.985571
1.38712
1.22626
1.48577
0.715964
0.985924
0.877744
0.849424
0.702584
0.660343
1.19509
1.11962
1.02508
0.776677
0.756527
1.54721
1.07357
1.35819
0.457595
0.666384
0.748266
1.64367
1.05921
1.03078
1.08519
1.60558
1.05042
0.987445
1.29741
0.674406
0.627416
0.824005
1.38216
0.843119
1.04808
0.89398
1.52034
1.18544
0.831809
1.35441
1.46206
0.944133
0.668277
1.0425
0.882786
1.18875
0.766228
1.31087
0.989475
1.32933
0.926345
0.817126
1.12364
1.02696
1.0065
0.461625
1.08776
0.856097
1.51964
0.96997
0.791745
1.15828
1.50382
0.498539
0.759262
1.10202
1.3439
0.998477
0.765088
0.828772
0.835751
0.569525
0.664416
0.952955
0.838778
0.8321
1.16056
0.637554
1.53813
0.726868
0.776185
1.17034
0.84961
1.09432
1.24635
1.00388
1.08028
0.71753
0.758247
1.16799
1.03097
0.886505
0.816032
1.12151
0.793983
1.28178
1.07167
0.748729
1.00925
0.793977
1.4664
0.678366
1.19326
0.651601
0.882227
0.984052
0.630688
1.04125
0.980058
1.06958
1.27084
0.697069
0.899991
0.68859
1.00431
0.743409
0.801466
1.54324
0.647531
1.10072
0.811412
0.796406
0.810747
0.564183
0.651353
0.687371
1.13946
0.879918
0.859953
1.5236
0.878264
1.04233
0.928135
0.696104
1.35354
0.864582
1.07873
0.779726
0.726558
1.06634
0.628988
1.09553
1.14127
1.4194
0.972986
1.15132
1.21931
0.775608
1.80065
1.24869
1.33157
0.999536
0.451047
0.933482
1.49714
1.08171
0.964625
0.714712
1.26763
0.885291
0.490417
1.80678
0.968834
0.585139
0.656692
0.845706
1.80172
1.03005
0.79654
0.87098
0.626599
1.17638
1.26261
0.872003
1.17122
0.687819
1.64417
0.956234
0.534009
1.14357
1.31555
0.846203
1.07881
1.13458
0.575824
0.566042
1.40581
1.41695
0.843248
0.958981
1.07888
1.07039
1.10756
1.51159
1.26447
1.68779
1.24118
1.05682
1.35995
1.37029
0.668247
1.12284
1.12781
0.938735
1.81542
0.874692
0.688171
0.931052
0.76188
1.15517
0.418915
0.581749
0.802207
0.901497
0.992489
1.08349
1.6922
0.787711
0.75746
1.04103
0.548048
0.85798
1.21308
0.996348
1.35489
0.799859
0.915075
0.961288
0.690041
0.768091
1.10597
0.860527
1.43391
0.979943
0.886836
1.48994
0.961929
1.52
1.05257
1.09062
0.651498
0.863948
0.760243
1.04082
1.09412
0.687777
0.83321
0.995614
1.26904
0.466808
0.901934
1.07357
1.07469
0.830243
0.842263
1.02109
0.578812
1.39426
0.9144
0.789126
1.35134
0.793398
1.79276
0.7574
0.86353
1.645
0.724419
0.811403
0.411888
0.429832
0.954722
0.537878
0.871469
1.00841
0.866118
1.52713
0.91296
1.23902
0.684003
1.22595
1.09428
0.949834
2.04458
0.871251
1.05041
0.591239
0.649892
0.771202
1.05952
0.977359
0.865109
1.5073
1.664
0.850274
0.967127
1.20972
0.590924
0.859038
1.21158
0.650326
1.59716
1.49622
1.70555
0.385528
1.2348
0.876562
1.17698
0.983514
1.25522
0.555161
0.679264
0.959456
0.853637
0.707369
1.73149
0.495891
0.781083
1.12045
0.817914
1.27731
0.882283
1.36084
0.648214
1.12538
1.32175
0.699422
0.548878
1.11977
0.846833
1.31479
1.0783
1.05929
0.627164
1.3244
0.964821
1.13928
0.939987
1.87667
1.15268
1.09082
1.25975
0.99585
1.13044
1.11538
0.548388
0.857264
1.05354
1.29504
1.3695
1.00041
0.456843
1.07717
1.01574
1.7244
0.855293
0.964348
0.75137
0.826992
1.82751
1.23235
1.20021
0.82341
0.922733
0.813415
0.642171
0.958321
1.11547
0.83014
1.27025
1.21922
1.07223
0.959692
0.569458
1.0548
0.514888
1.63833
0.907011
0.754883
0.854936
0.814485
1.47563
0.789955
0.549469
0.773706
0.983993
1.22731
0.941447
0.775108
1.19288
0.59433
0.954883
0.920176
0.658124
0.738059
0.315921
0.723499
1.13115
1.14802
0.543519
1.20767
0.820998
0.695023
1.16043
1.05269
0.785273
0.986911
1.58259
0.559989
1.2443
0.902169
0.632507
1.49435
1.06703
1.23847
1.04238
0.608332
0.856025
1.34517
0.928345
1.13074
1.23637
0.895296
1.309
1.583
0.776059
0.914242
1.02095
0.767299
1.51622
1.8093
0.435739
0.932848
0.727602
0.96428
1.28045
0.655853
0.972521
0.62502
1.05104
1.53247
1.2029
0.969016
1.03891
0.896188
1.21628
0.801775
0.699292
0.753049
1.35537
0.667366
1.11199
0.814597
1.09624
1.03043
1.49523
0.54379
0.95251
1.84302
1.15094
0.708299
1.11715
0.770355
0.728538
0.555523
0.907145
0.471698
1.0924
0.765158
0.738693
1.37612
0.790027
0.795166
1.63721
0.763618
0.669776
0.841582
1.41447
1.12491
0.584007
1.19152
0.958026
0.527951
0.955744
1.15095
0.838123
1.10476
0.863836
0.798619
1.23078
0.98109
0.724321
0.838614
1.40303
1.78864
1.22453
0.859903
0.872766
0.798366
0.551801
1.64612
0.973471
0.959346
0.861949
1.2094
1.52234
1.3562
1.08409
1.41656
0.658027
0.684467
0.958507
0.977125
0.589912
0.982409
0.771881
0.967565
0.857662
1.30911
0.654452
0.795387
1.20965
1.20765
1.40873
1.04451
0.990539
0.674116
0.867218
1.09836
1.78089
0.6865
1.01432
0.976546
0.865511
0.622088
0.737622
0.554519
1.9215
1.08236
0.407932
0.719162
0.716353
0.827917
1.30816
0.992963
1.04162
1.33169
1.26991
0.548755
1.72885
0.766391
1.09557
0.806825
0.858111
1.21625
1.28108
1.05785
0.621069
0.732604
1.05993
1.11413
0.637914
1.6718
1.20352
1.03297
0.895545
0.519088
0.444933
0.829045
0.889122
1.17787
0.779301
1.41219
1.48616
0.749425
1.31232
0.905917
0.951473
1.01931
1.09613
0.745487
1.40919
0.783712
0.85061
0.681651
1.51701
0.894725
0.980667
1.52521
0.778516
1.10299
1.19041
1.41471
1.00921
1.62939
0.541407
1.80588
1.33106
0.607098
1.21224
0.867078
0.443695
1.17601
0.775732
0.852505
0.792504
1.00539
0.854292
1.31167
1.13246
0.480052
1.50467
0.641719
0.73973
1.02199
1.30031
1.01295
1.48322
0.676779
1.93152
1.21988
1.23471
1.38706
0.718748
1.11617
0.63839
1.41934
1.53811
1.28557
1.05855
1.08291
1.00235
0.812712
0.947956
0.758372
1.73134
1.33301
0.566346
0.565229
1.242
1.15079
1.29401
1.04331
1.53804
0.604375
0.804014
0.566971
1.43552
0.733724
0.924517
1.13012
0.946484
0.896601
1.14045
0.714638
0.740355
1.16887
0.989945
1.22071
0.903947
1.02333
1.15352
0.710733
1.03983
1.47657
0.830798
0.709382
0.932095
1.23804
0.968389
1.05627
1.03136
0.550047
0.700396
0.75831
0.730017
1.31159
0.784084
1.68198
0.58905
1.21695
0.992555
1.40087
1.14958
0.82949
1.32978
0.842826
0.612866
1.15745
1.13585
1.24901
0.877436
1.44175
1.02885
0.976534
0.889586
1.27028
0.577146
0.840539
0.75352
0.990902
1.2557
0.718751
0.628004
1.15252
0.974115
1.38449
1.27791
1.21606
0.813494
1.41909
1.02585
0.797672
1.04271
0.890749
0.972081
1.00469
1.41037
1.16765
1.00796
0.944166
0.530342
0.83169
1.29458
1.55184
0.78882
1.40823
0.8273
0.958413
1.04943
0.666642
0.932814
0.871225
1.29672
0.742613
1.25333
1.16126
1.18129
0.704256
0.711036
0.630897
0.953526
0.774063
1.23576
1.15788
1.03799
1.33272
0.45865
1.03972
1.28187
1.72336
0.906103
1.2611
0.691664
0.662538
1.06295
1.37181
0.461541
0.727912
0.834998
1.42033
0.744817
0.969584
1.06848
1.03886
1.36878
0.855955
1.03351
1.25823
0.533651
0.973454
1.576
2.41765
1.29991
1.8495
1.17361
0.942501
0.825172
0.922822
0.929429
1.08318
0.954497
0.85858
1.54969
1.20237
0.6357
1.0309
0.737738
1.09378
0.877581
1.57766
0.964857
0.621611
1.29526
1.1927
0.94346
0.976994
0.433567
0.879718
0.831079
1.23426
1.03819
0.847652
0.705206
1.3353
0.981027
1.39659
0.766087
1.14594
0.73024
0.775636
1.04059
1.29252
1.32325
0.89546
0.989084
1.17934
0.775068
1.2479
1.01155
0.999825
1.17295
0.884325
1.19446
1.05856
1.20292
0.649464
1.25587
0.811002
0.801727
1.49875
0.991808
1.35148
1.07918
1.27353
0.89802
0.68287
0.768627
0.737147
0.673261
1.35729
0.925986
1.14323
0.846768
0.54658
0.867693
1.15521
0.697009
1.18471
0.804852
1.91816
0.812284
0.826871
1.01004
1.26734
0.895579
1.897
0.814657
1.63949
1.35153
0.721122
0.804171
0.916179
1.07492
0.858222
0.81695
1.20938
0.817264
1.0913
0.771325
0.908768
0.923197
0.992894
0.988342
1.07802
1.04953
0.935983
0.994404
0.969757
1.14084
1.55378
1.07102
0.599776
1.20614
1.43855
0.969529
1.31623
0.536658
1.07087
0.819521
1.31378
2.09126
1.3065
1.06811
0.795345
0.403329
1.03833
1.1933
0.825321
0.736583
1.03374
1.53196
0.5399
1.0593
0.877596
0.85613
0.81396
1.16653
1.03885
0.800396
1.26574
1.26714
0.833503
1.56721
1.2526
1.41027
0.421923
1.24526
0.986739
1.37919
1.22134
1.11161
1.00421
0.989252
0.859995
0.897773
1.03562
1.10412
0.96048
0.631759
1.19802
1.21105
1.29555
0.842627
0.76859
1.37939
0.976742
0.842769
0.886211
1.00847
2.04773
1.53034
1.63757
0.574886
1.28132
0.631821
0.671136
0.83657
1.75433
1.02927
1.76135
1.19074
0.653647
1.25305
1.06659
0.831044
0.971239
1.0127
1.68383
0.906204
1.28562
1.27
1.00927
1.09032
0.959669
0.930126
0.496573
0.817924
0.678175
1.45253
0.6382
1.75335
0.810502
0.666066
0.714997
0.880308
1.21299
1.09156
0.93081
1.15629
0.777056
1.69477
1.17552
1.51679
1.38538
0.879166
1.05295
1.43616
1.18051
0.695949
1.31685
1.06636
1.08154
0.796732
1.18991
0.449378
1.18011
0.885963
1.95017
0.560391
1.08984
0.798821
1.15967
0.857703
1.1764
1.2321
1.29978
0.819625
1.66369
1.40096
1.14691
1.1359
1.18456
1.011
1.17652
1.30609
1.39985
0.804258
1.27057
1.71006
1.21818
1.2608
0.890653
0.84828
1.39085
0.516357
0.819724
0.73717
0.647172
0.780765
0.785831
1.15822
1.11033
0.463674
0.654538
1.25089
0.958267
1.23176
0.417621
0.88326
0.998667
1.03473
1.19929
1.18715
1.09037
1.30574
1.31239
1.00235
0.508307
0.895402
0.844111
0.966706
0.982056
1.19956
1.186
0.809469
0.910985
1.49235
0.745634
0.705681
0.826865
0.902468
1.73862
1.21941
0.50931
0.906433
0.97451
1.10892
1.24954
1.98647
1.30385
1.11262
1.24028
0.908991
0.8263
0.732815
1.17137
0.890514
0.706431
0.95269
0.953209
1.42808
0.740874
0.760991
1.31258
0.679259
1.12372
1.22514
0.946491
0.858318
1.12767
0.741202
1.14787
0.684539
0.50522
1.29218
0.810308
1.18358
1.13257
0.288471
0.795047
1.05155
1.06203
1.00442
0.68328
0.810044
0.387284
0.444494
1.19635
0.50153
1.07778
1.62199
0.889891
1.04047
1.5751
0.992051
1.23255
1.67034
0.841662
0.873886
0.981933
0.985316
0.775465
0.831327
1.32607
1.3694
1.45642
0.957148
1.14468
0.518502
1.87883
1.06582
1.35953
0.636697
0.961708
0.59596
1.12625
1.04144
0.907502
0.763012
0.821948
0.695121
0.861848
1.13385
0.84659
0.949712
0.898393
0.66699
2.03425
1.47371
0.793794
1.16856
1.1033
1.00407
0.972924
0.78822
1.4414
1.11412
1.12308
1.13118
0.734423
0.907583
1.08772
1.07219
1.24666
0.962303
0.72197
1.25929
1.62035
0.867652
1.08931
0.812493
1.14275
0.762531
0.660796
1.02458
1.02473
0.691141
0.684897
0.460936
0.362949
0.908986
0.861544
1.31032
1.47598
0.95276
0.577734
0.481101
0.843727
0.577725
1.57993
1.02619
0.588783
0.657459
0.883637
1.12566
1.32664
1.03392
1.475
1.33866
0.803791
1.54811
1.10826
0.778404
1.10414
0.755481
0.805776
0.890561
0.954107
1.11262
1.03888
0.706409
0.950584
0.766416
0.872035
0.579248
0.823478
0.735892
1.53496
1.16829
1.30076
1.0091
0.99215
1.06981
1.38688
0.709789
0.943681
0.817256
0.793162
0.809544
0.734828
1.79028
1.08349
1.10739
1.32696
1.03064
0.660721
0.725477
0.589961
1.23437
1.20607
2.01805
0.544768
0.923373
0.637576
1.12472
1.59709
1.49775
0.974033
0.938976
0.670933
0.933818
1.37651
1.02245
0.603498
0.758005
1.55009
1.32568
0.996848
0.63208
0.934532
0.661935
1.68967
1.05156
1.61547
0.886081
1.26665
0.94744
1.19049
1.45937
1.05386
1.21993
1.17841
1.49573
1.15386
0.864557
1.25316
1.06349
1.27831
0.665876
1.68696
0.997433
0.471866
0.966716
0.784914
1.17838
0.961126
1.60613
2.06794
0.496723
1.38683
0.83963
0.777213
0.859089
1.39747
0.478076
1.14013
1.22581
0.86972
1.214
1.0948
0.902991
0.669732
0.748544
1.04565
0.57042
0.796029
1.3233
0.393959
0.840733
1.64663
0.622325
1.21135
1.23155
0.904879
1.02055
1.15429
1.18774
1.18418
1.24225
1.29949
0.585141
0.668351
0.797749
0.841496
0.779335
0.991461
1.19138
0.891544
1.18564
1.75165
0.961784
0.853006
0.795464
0.706944
0.42542
0.987379
0.957897
1.11333
0.978825
1.04635
2.0685
0.988842
0.721238
1.13416
1.21851
0.565671
1.53935
0.872132
1.07808
0.726428
1.31929
0.745269
1.28408
0.653633
1.49991
0.941678
0.436834
1.00783
0.565153
0.560742
0.643614
0.58729
0.703514
0.848133
1.38458
1.25897
1.15175
1.08838
1.1726
1.16807
0.668588
1.30787
1.01433
1.19224
0.495742
1.08555
1.58101
1.41215
0.423616
0.847147
1.14681
0.624114
1.62751
1.19491
0.984397
0.699527
0.878988
0.628672
0.904789
0.85496
0.554229
1.24527
1.04
0.828735
0.828548
0.838685
1.24919
1.16254
1.32986
0.729757
0.512899
0.376177
1.07306
0.596529
1.04217
0.652903
0.903157
0.746056
0.816156
0.89702
0.952458
0.91259
0.99054
0.941447
0.971524
1.4307
1.74494
1.14202
1.04241
0.590037
0.925875
0.732894
1.1449
1.49703
1.57951
1.49378
0.518086
0.463982
1.25282
0.717623
0.847932
0.971894
1.18291
0.691107
1.03855
0.81633
0.78243
0.828596
1.34451
0.858819
0.372452
0.574751
1.79105
1.32088
1.51566
0.968205
0.40401
0.750297
0.776063
1.30736
0.681483
0.67871
0.985413
1.14661
0.728387
1.64446
0.729062
0.895274
0.692391
0.494544
0.984454
1.75434
1.54512
0.652266
1.80184
0.570445
0.798769
0.952998
1.16405
1.29887
1.1314
1.24046
1.03444
1.42401
0.85217
0.618402
0.581072
1.58812
0.954719
0.871321
0.909949
0.975245
0.587855
0.803107
0.962418
0.737839
0.807354
0.868914
0.98051
1.10701
0.996078
0.598585
0.925028
0.575333
0.931328
1.24694
1.39037
0.747967
0.421667
0.719639
1.00983
1.27126
1.48231
0.759445
0.749817
0.738531
0.631952
0.669883
1.0369
1.31186
1.25577
1.09727
0.876349
1.2968
0.675689
1.09737
1.06659
0.84839
1.25115
0.547808
1.11264
0.843098
1.25292
0.597463
1.14983
0.793629
1.29168
0.515292
1.25537
0.834361
0.798157
1.10892
0.564566
1.13599
0.818524
0.623064
0.933638
0.75564
0.937764
0.510791
1.16842
1.27874
0.757329
1.29392
0.661937
0.871683
0.902395
1.63
0.7823
0.520899
0.941119
0.689893
0.86075
0.898685
1.17688
0.716885
0.438753
0.818399
0.762507
1.3461
1.57034
0.901807
0.778714
1.06793
0.954728
1.00899
0.806634
1.74016
0.572802
0.902077
1.01812
0.824169
1.40597
0.79111
0.5241
0.951459
1.05805
1.01938
1.21818
1.1711
0.953831
1.13548
1.75297
1.18383
0.988937
1.3598
1.01089
0.910561
1.33662
1.00613
0.74608
0.881389
0.957936
1.53302
0.555605
0.819128
1.19285
0.53253
1.06309
0.976356
1.04757
1.04288
0.822681
1.10668
0.803661
1.08045
1.371
0.600364
0.888396
0.804079
0.388245
0.54637
0.780113
1.61674
1.12864
0.807903
0.959194
0.59559
0.725682
0.89365
1.49477
1.0863
0.966197
0.971439
0.715838
1.52001
0.704283
0.85903
0.710521
1.33701
1.5655
0.582831
1.32568
0.734014
1.0285
0.693209
0.820102
0.812273
0.836806
0.85853
0.729763
0.741463
0.847151
0.953537
0.837802
0.60353
0.897331
1.2648
0.950471
1.34597
1.01537
0.535603
0.759885
0.397117
0.655171
0.561791
0.901083
0.866184
1.18585
1.78505
0.859111
0.781705
1.16889
1.10777
1.15195
1.54758
0.98621
0.641567
0.622506
0.916835
0.768146
1.30449
1.36521
0.955626
1.43192
1.3493
0.597158
1.32948
0.985717
1.03596
0.862529
2.16983
0.694656
0.899967
0.639041
0.985714
1.54219
0.853345
1.02337
1.33247
0.568359
1.56234
0.8871
0.873617
0.750407
1.15035
0.495175
1.33705
0.941943
1.1308
0.583128
0.523913
2.276
0.927289
0.792645
0.993295
1.1295
0.723679
0.851685
1.15096
0.577701
1.17579
0.754039
1.29756
1.10705
1.07044
0.727472
0.644284
0.74687
1.2759
0.533902
0.893674
1.14865
1.09057
0.484963
0.626764
0.476756
0.669446
0.764995
1.50171
0.65948
1.51682
1.09997
0.966794
1.61346
1.20487
0.741793
1.07926
0.883292
1.05513
1.12395
1.12177
1.18629
0.788816
1.12143
0.868486
1.16355
0.922087
0.889378
1.00217
1.4102
1.11104
0.984436
0.69945
0.706938
0.750444
1.03518
0.86865
1.31243
0.798957
1.16105
0.834505
1.22942
0.637603
1.30161
0.483326
0.927686
1.20599
1.28384
0.875181
1.09204
0.663926
0.810761
1.15152
0.958339
1.15883
1.36732
1.15343
1.27993
0.659289
1.2389
0.550652
0.723223
0.604666
0.680117
0.742298
1.00009
1.05166
0.504744
1.33547
1.13246
1.22841
0.928883
1.34398
1.35936
0.789981
0.940182
0.923755
1.04347
1.07394
0.560112
0.864426
1.69208
1.00075
1.31814
0.478612
1.27464
0.790033
1.01332
0.708783
1.0608
0.683227
0.759875
0.98677
0.820733
0.868079
1.01282
0.940469
1.01137
0.671825
1.37133
0.685296
0.871978
1.06871
0.684073
0.751975
0.468384
1.00457
1.49694
1.05962
0.808229
1.11798
1.25284
0.782447
1.45882
0.704143
0.901092
1.05168
1.0342
0.715788
0.757571
1.1991
0.828044
0.979378
0.617572
0.734477
0.67966
0.952753
0.556251
0.838808
2.08424
0.853463
1.16053
1.275
0.70426
0.644518
0.548297
1.6502
1.3933
0.822853
0.799581
1.16392
1.14576
0.707931
1.60085
0.840381
1.07212
0.563001
0.87936
1.74078
0.724045
0.904374
1.22462
0.642569
1.02854
0.639464
1.03554
1.06839
1.44271
0.927892
0.733212
1.38494
0.801786
1.10932
1.02592
0.963595
1.12894
1.25774
0.35009
0.979346
1.08153
0.952989
0.530707
1.05805
1.03672
1.50917
0.926265
1.11422
1.02341
0.763368
0.921315
0.897555
1.50358
0.850288
1.0412
1.74312
1.30447
1.67116
0.688592
0.955075
1.8828
1.14876
1.23528
0.899722
0.565496
0.641907
1.17924
0.735073
0.585255
0.741528
0.925068
1.6318
1.38798
0.637042
1.15019
0.943345
1.11132
0.741057
0.718036
1.14782
0.617917
1.14189
1.28772
1.04276
1.05646
0.890552
1.01153
0.728166
0.687564
0.928124
1.05895
0.84072
0.76294
1.3952
0.988999
0.758538
1.26445
0.971663
1.22433
0.846759
1.5714
0.681937
1.35756
1.24474
0.580438
1.01749
0.611586
0.780657
0.841365
0.340263
0.81733
1.39619
1.10178
0.699271
1.14156
0.604577
0.452202
1.2207
0.646664
1.07466
1.72836
0.726515
0.92087
0.698059
1.12114
0.662454
0.883834
1.15936
0.805347
1.39941
0.63626
1.31689
1.33117
1.19243
1.52873
0.912243
0.912714
0.796039
1.62043
1.27823
0.91749
1.13014
0.834129
0.644509
0.826959
0.509939
0.896129
0.471085
0.784227
0.823967
0.979325
1.25214
1.20609
0.776089
0.760167
0.745317
1.07462
0.722957
0.693776
0.810669
1.86001
1.61825
1.13851
1.38243
0.535434
0.836361
0.904617
1.37139
1.19091
1.39386
1.18217
0.713916
1.36224
0.62026
0.799581
0.669649
0.589138
0.87164
0.766296
0.547949
1.02705
0.842483
1.36067
0.854836
0.709956
0.368693
1.13722
0.926525
0.643067
1.57865
1.44985
1.24281
1.04895
0.657404
0.982418
0.753439
0.970685
0.983603
0.887734
1.47505
1.6655
0.374712
0.81091
0.726119
1.06618
0.910794
0.796252
1.48065
0.876711
0.84681
1.14336
0.649079
0.905804
1.17547
0.544975
1.04868
1.57405
0.681871
0.839353
0.885881
1.09
0.776356
0.792031
0.893606
0.708935
1.15837
0.811955
0.572257
0.782133
0.765786
0.681059
0.75698
0.47581
0.840109
1.41061
1.37337
0.678534
1.09312
0.779593
0.998016
0.961593
0.649328
1.07504
0.932417
1.29731
1.27872
1.63491
0.87331
1.07505
1.74771
1.2493
0.887626
1.02483
1.50339
0.965027
0.430721
1.24887
1.22386
0.434947
0.411223
0.945167
1.14628
0.759706
0.631053
1.14518
0.923451
1.06535
0.768022
0.881648
0.840978
1.723
0.885579
1.07854
0.829663
1.06371
1.34976
0.825945
1.6215
0.603661
1.44255
1.0674
0.580665
1.02263
0.883349
1.32712
0.49937
0.886307
0.954437
1.28513
0.888098
0.515325
0.774876
0.794386
1.04752
0.879967
0.468822
1.04253
0.795683
1.02482
0.97582
1.14199
1.38584
1.05601
0.89377
0.974304
1.09949
1.3289
0.967923
0.58532
0.729435
0.822081
1.27143
0.742917
1.57332
0.614504
0.587733
1.17439
1.50397
0.630682
1.3402
0.869571
0.884665
1.39898
0.964353
1.22876
1.07008
0.635391
1.85429
0.877983
1.11418
1.05089
0.630066
0.506518
0.876157
0.938954
0.844446
1.33679
1.28425
0.679859
1.07733
1.25202
0.936349
0.72538
0.657847
1.53074
1.2949
1.07102
0.446994
0.869178
0.828637
1.13779
1.39625
1.25793
0.4119
0.876418
0.667584
0.866564
1.06345
0.937941
0.685084
0.86774
0.708654
0.860692
0.915307
1.19561
1.20459
1.01516
0.908744
0.637804
1.43683
1.12469
1.33138
1.00038
0.811909
1.01898
1.11159
0.531247
0.540024
1.18816
1.29011
0.566652
0.975658
0.738053
1.59063
0.926454
0.96726
0.584595
0.902086
1.21723
1.06742
1.01295
0.514233
0.965252
0.7972
1.35197
1.30663
0.864434
0.657443
0.848472
0.36662
1.05908
0.579003
0.621816
1.55115
0.73651
1.45503
0.559475
1.04752
1.1899
1.3565
0.996869
1.08494
0.638916
0.660377
0.964443
1.31701
1.03342
1.19813
1.06493
1.26973
1.10221
1.06748
0.731385
0.945408
1.92377
1.60345
0.838098
0.949382
1.07173
1.00744
1.02662
1.24188
0.686169
0.82845
0.857101
1.20533
0.804794
0.855661
1.47882
1.19789
1.31385
0.857203
1.2999
1.48595
0.823411
1.41073
0.569746
1.46647
1.2748
1.22717
0.778479
0.873244
1.31792
0.982428
0.875016
1.13378
0.888591
0.773837
1.02734
1.14319
1.27946
0.862347
1.6763
1.75997
0.531906
0.631311
1.17633
0.946449
1.38518
0.584134
0.680629
0.775697
0.813237
0.887478
1.08066
0.774258
1.14792
1.04591
0.983125
0.96499
1.02681
0.481547
1.12686
1.56358
1.52199
0.748341
0.686377
1.61879
1.101
0.6027
1.02727
1.34572
1.45328
1.49044
0.639636
1.11333
0.953097
0.981465
1.091
0.664916
0.969217
1.1421
1.67413
1.26809
1.16948
0.718701
0.896394
0.641985
1.1383
0.733469
0.905009
1.61444
0.590957
0.881116
1.06927
1.34956
1.20097
0.927522
1.24961
1.39598
1.41962
0.734136
0.977232
0.786343
0.853751
1.02189
0.577137
1.08535
1.28622
0.842342
0.704595
1.22594
1.29787
0.61698
0.816071
1.31746
0.763798
0.693265
0.77413
1.23981
1.31825
1.38329
0.597631
0.861548
0.731517
1.10403
0.969611
0.619888
0.986667
0.936306
1.2939
1.06215
1.03461
1.05806
0.495182
1.02664
0.832891
0.668243
1.09334
0.587374
1.07898
0.716036
0.549924
1.09568
0.887746
0.695712
1.07895
1.35118
0.762002
0.909032
1.21565
0.633387
0.690796
1.1688
1.13415
1.15324
0.667986
0.625022
0.792074
0.908196
1.11689
0.570532
1.26575
0.776262
1.53372
1.07291
1.07876
0.858874
1.68614
0.494868
1.2736
1.04066
1.21305
1.37132
1.55852
0.868462
0.536507
1.30904
1.10635
0.723021
0.970041
1.09116
0.856494
1.23134
0.891958
0.7285
0.722819
1.0371
1.02834
1.42363
0.411645
1.40321
0.930775
0.968501
0.701105
1.45093
0.997792
0.616706
0.951227
0.666329
1.43644
0.886395
0.984047
0.80994
1.37488
1.15776
1.28367
1.08884
1.07115
1.22752
1.89796
1.01611
0.977064
0.593655
0.59399
0.608458
0.618146
0.848834
1.03061
0.925417
0.838333
1.04366
0.863025
1.2388
0.691525
0.887681
0.868296
0.227015
0.830091
0.99491
0.850422
1.38243
1.18704
0.874271
0.953445
0.931982
1.18974
0.813107
0.428014
0.681736
0.954099
1.42891
0.857549
0.777006
0.540841
0.752588
1.28434
0.906204
1.44924
0.956401
0.981689
1.81543
0.918299
1.09191
1.28374
1.10704
0.883134
0.961621
1.25228
1.12365
0.921171
1.28766
0.841987
0.664418
0.76677
0.409455
0.675046
0.654664
0.709395
1.40152
1.0592
0.867165
0.765489
1.12739
0.685444
1.0507
1.44749
0.740635
0.931275
1.57417
0.844699
0.750052
1.69247
0.511665
0.412991
0.891191
1.17607
0.600966
1.01628
0.838488
1.09837
0.515716
0.82301
0.77885
1.20441
1.09401
1.15325
0.471973
0.646805
0.712785
1.03679
1.00735
1.35635
0.890147
1.38101
1.62597
0.46014
0.605558
1.17727
0.989756
1.09693
1.16211
1.68324
1.03892
0.564565
0.607236
1.0547
0.872496
0.926098
0.738496
1.62025
0.68421
1.17105
1.03126
0.817721
1.34457
1.07974
1.20817
0.888924
1.02006
0.764754
1.287
1.07826
0.467189
1.24996
0.626376
0.651372
1.13035
1.02151
0.994341
0.933689
0.69948
1.03767
1.05907
0.77605
0.790395
1.31942
1.23662
1.19952
1.29701
0.738852
1.36911
0.756774
1.03602
0.760466
0.649907
1.09256
0.968616
0.683777
0.637088
0.871607
0.93373
1.96257
0.900695
0.489729
1.00424
0.822453
1.79482
0.854788
1.19558
1.01329
0.880261
0.784603
1.15656
0.377445
1.01719
1.55291
0.740436
1.17305
0.788272
0.891006
0.933014
1.12789
0.690882
0.84013
0.985637
1.05337
0.715783
0.934388
0.99525
0.945725
1.61213
0.86623
1.20524
0.382779
1.45878
0.651801
0.905543
0.725342
1.04665
0.770938
0.916542
1.55001
0.946673
0.886286
0.901763
1.36987
0.824631
0.623956
1.25627
0.439086
0.7355
0.975671
1.61805
0.467165
0.756487
1.23528
0.785975
1.02911
1.79817
0.474184
1.2682
0.848836
0.994472
1.30366
0.605327
1.26253
1.13652
1.09916
0.648222
0.691789
1.01272
0.947616
1.25548
1.23879
0.870669
0.679559
0.892689
1.58487
1.23717
1.04118
0.667994
0.882393
0.775479
1.21315
1.18551
0.623479
1.03253
1.37424
1.2259
0.744324
0.815311
1.13158
1.30548
0.762754
1.30452
1.17674
0.797018
1.02414
0.893618
1.12621
1.48719
0.908131
1.28276
1.3844
0.974388
1.00424
1.00181
1.05928
1.32267
1.19256
0.927554
0.891632
1.76985
0.743797
1.03955
1.06763
1.04715
0.757846
0.913196
1.00413
1.37449
0.895332
0.811861
1.15351
0.712347
0.45713
0.926174
0.732599
1.26
0.689196
1.21516
0.620535
1.43531
1.23251
0.744047
0.684949
1.3123
0.78634
0.650978
1.30148
1.185
1.16078
1.02102
1.28314
1.22577
1.3127
0.948364
0.486511
1.05277
1.3919
1.11579
1.31668
1.07837
0.635769
0.624479
1.20124
0.439972
1.08955
1.08471
0.455908
0.592723
0.532268
0.9528
1.20073
1.4011
0.651499
0.765215
0.621604
0.544632
1.49504
0.991876
0.907909
1.15486
0.666516
1.37418
1.30084
0.902546
0.428164
0.897141
1.07351
0.782324
0.645951
1.03538
0.868833
1.00899
0.745225
0.579005
1.13071
0.908734
0.933234
1.55996
0.793895
1.33645
0.895561
0.807467
0.758561
0.907298
0.925396
0.838208
0.617291
1.15165
0.910796
0.9243
0.758247
1.19843
1.45523
0.76248
1.29534
1.36826
1.23358
1.14016
0.769817
0.775977
0.738981
1.19105
0.882714
0.639967
0.778341
0.571067
1.00697
0.876772
1.08455
0.445336
0.628973
1.49528
0.757015
0.878014
0.737874
0.924027
0.552041
0.467916
0.825502
0.879056
1.04886
0.615702
1.33111
0.567164
0.881905
1.0467
0.387362
1.74374
1.1505
1.71644
0.675543
0.884694
0.683533
0.822483
0.580865
1.28569
0.917734
1.21476
0.613212
1.61857
1.00214
0.630086
0.948801
1.58302
0.85937
1.71371
1.04242
0.873425
0.446687
0.732769
0.653027
1.46435
1.24228
0.796663
0.798525
0.877031
0.711398
0.806089
1.63526
0.877279
1.11614
1.74171
0.820161
1.03431
0.912011
1.17556
1.54022
0.99621
0.958393
0.572871
1.00097
0.754097
1.06583
0.508084
0.815236
0.809966
0.916843
1.35961
1.38644
1.1032
1.17315
0.920238
0.680198
1.2869
0.746446
1.02968
0.775143
0.561
0.952506
1.16665
0.852565
1.01767
0.949451
1.69629
0.519819
0.807693
0.503697
1.10428
0.901234
0.507347
0.595075
0.384187
1.38236
0.558398
1.4127
0.538572
1.21415
0.914105
0.757548
0.99645
1.41564
0.871542
0.870261
1.41693
0.887886
0.980995
1.5495
1.11577
1.12193
1.0439
0.422658
1.2655
0.955296
1.44584
0.898734
0.705088
0.867373
0.790099
0.849029
0.852929
1.02928
1.19695
1.10071
1.31102
0.787206
0.878493
0.874101
0.669557
0.53728
0.708012
1.36102
1.05086
0.789723
0.50334
0.792838
0.891902
1.09788
1.1537
0.756085
0.885794
1.31626
0.903096
0.958621
0.738904
1.46976
0.651575
0.559484
1.10971
0.66521
1.24124
0.976551
0.948622
0.96936
0.702674
1.1071
1.43445
1.08109
0.599326
1.19672
1.39734
0.954619
0.7918
0.498196
0.73032
1.16489
1.37228
1.51191
0.54176
1.13904
1.05051
0.526815
0.964875
0.726014
0.571079
0.962722
1.23472
1.14368
1.0469
1.87616
1.18252
0.935793
1.1156
1.1056
0.874919
0.927811
1.00028
0.949807
1.07032
1.95111
1.07512
0.433622
1.29019
1.14524
1.11852
1.54867
0.610987
0.8074
1.17198
0.811279
1.49376
0.664654
0.179772
0.827698
1.28071
0.750351
1.26312
0.68192
1.49591
0.694479
1.12581
1.24915
0.770401
0.95053
1.21588
0.782228
1.25177
1.14943
1.16333
0.856229
0.680057
1.02369
0.714172
1.94906
0.347804
0.997726
0.585664
0.371786
1.06304
1.09239
0.986695
0.868493
0.878704
1.04566
1.28722
1.2205
1.10946
0.640279
0.653483
0.841722
1.31441
0.63281
1.33331
0.916487
0.700456
0.970797
0.658783
1.14767
0.689008
1.50815
0.683765
0.510095
0.858865
0.934534
1.06899
0.674195
1.45927
0.970668
0.614144
0.792017
0.33187
1.39884
1.38469
2.32109
1.10575
0.730303
1.37009
1.2386
0.996449
1.12028
1.17028
0.949619
0.589015
1.2121
0.833356
0.71723
1.01145
1.02356
0.670146
0.901452
0.767973
1.05011
0.724285
0.863331
0.850413
0.962271
1.03178
0.550974
0.511198
0.645389
1.05159
1.06266
0.801251
0.674556
0.568563
0.730183
0.888825
1.06522
0.813732
0.677509
1.50995
0.760047
0.782915
0.48228
0.836526
0.569573
1.30418
0.801514
0.60233
1.20284
1.53151
0.955605
1.03042
0.971836
1.96423
1.13515
0.847419
1.45877
1.06871
0.839833
1.40706
0.690129
0.977551
0.668707
1.27643
0.812968
0.823511
0.757481
0.968257
1.34648
0.9401
0.448495
0.976133
1.04734
1.3315
0.749648
1.08444
1.10139
0.997443
1.69199
0.985933
1.66612
1.17607
1.20445
1.19415
0.48615
0.722875
0.880575
1.24622
1.75437
0.75027
0.809768
0.836661
1.29237
1.73834
0.821697
0.851761
1.14503
0.80551
0.78301
0.825852
0.987352
0.760996
1.18536
1.43792
0.925423
1.37055
0.703259
1.75526
0.915262
0.772489
1.20259
1.26458
0.551645
1.09097
0.853229
0.621704
1.11651
0.355228
2.13676
0.728667
0.744071
1.30229
0.802934
0.997669
0.568581
0.767545
0.761145
0.558248
1.20563
0.936521
0.894833
0.687444
0.77609
1.5534
1.41039
0.872663
1.45018
0.97677
1.38492
0.970988
0.738663
0.731884
0.826078
1.03612
1.48341
1.21932
1.3549
0.691802
1.63891
1.10786
0.866385
1.31485
0.429962
1.31542
1.11162
1.00671
0.726323
1.07035
1.26728
0.648724
0.695659
1.0267
0.805947
0.974555
1.08756
1.33802
1.54059
0.875891
1.33651
1.60921
1.64619
0.968365
0.941352
1.01191
0.871521
1.08855
0.995474
0.676036
0.948825
1.01453
0.949669
0.867784
1.2418
0.888656
0.466724
0.737269
1.08175
0.425713
0.647103
0.912777
1.0565
0.896141
0.964711
0.938953
0.765318
1.04663
1.44385
0.644788
0.863929
0.837736
1.05883
1.18497
0.707102
0.792922
0.717084
0.606916
0.955106
0.89351
1.01072
0.697452
1.09546
1.44812
0.702826
0.726635
0.96399
0.703677
1.11562
0.981093
0.591148
0.876715
1.28191
1.17384
0.805499
0.931578
1.55555
0.955858
0.545932
0.832728
1.04198
0.57559
0.707388
0.938739
0.698338
0.964425
1.16666
0.692673
1.22598
1.31037
0.452481
1.02849
1.05314
0.711508
1.15783
1.1599
1.45286
0.491074
0.841153
1.64747
0.725305
0.885328
0.740704
0.75615
1.16046
0.580617
1.70163
0.712732
1.00814
0.658844
0.432261
1.01488
1.07304
0.889426
0.454743
1.02936
1.08084
0.725944
0.714988
0.805706
0.75469
1.01638
1.1936
1.0898
1.23083
1.57071
1.48466
1.0716
1.15795
1.16388
0.799089
0.43245
1.19652
0.90954
0.666264
0.798538
0.835134
0.79698
1.03319
1.07035
0.582718
0.908531
0.676971
0.51606
1.11247
0.857951
0.634936
1.06703
0.70489
0.844404
0.555931
0.898317
1.65764
1.11978
1.9318
0.972034
0.584361
0.699393
0.648739
1.41596
1.28321
1.52974
0.942968
1.50842
1.01445
0.997392
1.07703
1.14406
0.831732
0.955134
1.28853
0.688179
0.971653
1.09248
1.08426
0.9004
0.486147
1.3983
0.393818
1.11586
1.28111
1.37226
1.18547
1.06846
1.04675
0.784707
0.952911
1.00552
1.12074
1.10557
1.15511
0.925574
1.17851
1.4351
0.550226
0.943173
0.67718
1.09672
0.805618
1.71511
1.27609
1.55619
0.711832
0.688278
1.04752
0.826029
0.765463
0.813167
0.973452
1.04114
1.07136
1.33619
0.840451
0.893178
1.08718
0.725924
1.07649
1.05776
0.737813
1.22861
1.00486
0.411134
0.755418
1.24257
1.12229
1.22096
0.682676
0.893145
1.06299
0.644797
1.24726
0.971414
1.0403
0.76396
1.07955
1.06867
0.726244
0.808534
0.57313
1.11416
0.948101
1.22752
0.660865
1.1687
0.878643
0.909016
0.847736
0.868896
0.784966
1.13439
0.799579
1.12558
0.671813
0.806921
1.3262
0.790496
0.671819
0.951936
0.927567
1.71172
1.21074
0.938133
0.981814
0.501803
0.460622
0.957275
0.645409
0.820822
1.45108
0.654912
0.98938
1.32125
1.1665
0.641135
1.1601
1.05058
1.63025
0.960703
1.00174
0.624955
0.69805
0.863249
1.49843
0.907798
1.00143
0.806811
0.647797
0.54738
0.757298
0.8229
0.627451
1.53952
0.854024
1.31657
1.32721
1.36665
1.24643
1.14657
0.939421
1.51452
0.962557
1.19568
0.868377
0.778475
0.930459
0.682399
0.756078
1.46212
1.15054
0.520188
1.08643
0.873231
1.35878
0.932132
1.26449
1.4761
0.596858
1.30839
0.851178
0.96618
0.7217
0.540663
0.972692
0.605697
1.71693
1.07825
0.88163
1.03036
0.748164
1.31258
0.85189
0.893629
0.904966
0.588968
1.90994
0.929118
0.879367
0.845145
0.951752
1.25086
1.42496
1.10424
0.919382
0.747035
0.765591
0.756096
1.31476
0.746123
1.13546
1.21906
0.403298
2.42077
1.22974
1.1574
0.531805
0.649812
1.31904
0.70039
1.41581
1.05053
1.45767
1.35394
0.655726
1.10835
0.630092
1.06239
0.780425
0.946069
0.963497
0.922569
1.06679
1.07598
1.17258
0.816246
0.611273
0.757394
0.547744
1.90796
1.13415
0.496318
0.864943
1.22437
1.45355
0.644607
0.569205
1.05656
0.93274
1.14551
1.11179
0.800076
1.32823
1.35065
1.1352
1.09226
0.795067
1.34017
1.16156
1.30243
1.60673
1.20689
1.46527
0.987397
1.5275
0.684939
1.04395
1.39566
1.06733
0.733927
1.13115
1.84891
0.852537
0.743755
1.15015
1.10408
0.787759
1.12768
0.614752
0.880545
0.987346
0.844643
1.07581
0.735057
1.74373
0.593985
1.13157
1.04048
1.0842
1.77543
1.47664
1.01874
0.714071
1.36278
1.27438
1.31222
0.809002
1.62276
1.22607
1.13357
0.868327
0.573981
0.786846
0.959165
1.35852
1.25284
0.59202
0.531451
0.716204
0.841304
0.493657
1.12316
0.72639
0.994438
0.82221
0.96582
0.888119
0.958606
1.17768
0.52467
1.03398
1.09713
1.54136
0.926316
0.957529
0.561958
1.19467
0.583697
0.696306
0.951057
0.816083
0.981248
0.989218
1.33968
0.929948
0.678753
0.753613
0.82101
1.43183
1.20138
0.806898
1.47003
1.0863
1.35692
0.46749
0.95337
0.877585
1.36027
1.51615
0.675221
1.1025
1.06615
1.0633
1.05372
0.924904
0.875306
1.70372
0.790932
0.694868
1.44502
0.692731
1.09937
0.822072
0.643589
1.13209
0.804444
0.801484
0.770641
1.13143
0.65581
0.756455
0.848873
0.96556
0.598081
0.983395
0.912346
0.87815
1.03362
1.23261
1.08565
1.00574
0.873106
1.29567
1.0425
0.938268
0.476763
1.42002
1.10339
0.709155
1.76482
1.22157
1.33004
1.68412
1.4833
1.04858
1.25173
0.787404
1.23054
0.595671
1.23623
0.930619
1.03917
1.34058
0.656478
1.32212
0.984803
0.708552
1.22092
0.974316
1.11814
0.849525
0.789691
0.666929
0.428355
1.03527
0.918273
0.363338
1.19345
0.571739
0.655312
1.25436
0.820168
1.09982
0.811704
0.791649
0.839586
0.648625
0.680909
0.5634
0.599674
0.956227
1.22814
1.66431
0.790785
0.473153
1.26525
1.85087
0.756671
0.702375
0.74668
0.676318
0.783337
0.797901
1.12475
0.741391
0.581629
0.469349
0.828877
1.26905
1.58176
1.03955
0.677548
1.36569
1.42219
0.551249
1.51977
0.852762
0.899304
1.31524
0.835432
0.912265
1.10317
1.08675
1.15082
1.09594
1.04143
1.28866
1.08111
0.51147
0.534881
1.15379
0.570732
1.44441
0.942766
1.51002
1.31436
1.55589
1.04261
0.916116
0.836796
1.16936
0.755727
1.16549
1.0936
0.821524
1.23214
1.38736
0.771483
1.22574
0.778254
0.787003
0.844354
1.07342
1.11248
0.911533
0.751981
0.907275
1.13199
1.00766
1.09639
1.14351
0.714125
1.82541
1.49949
0.964533
1.10684
1.0055
1.3695
0.935907
1.5335
1.01249
0.740853
0.72479
0.927037
2.04957
1.00207
0.956468
0.852905
0.861257
0.714042
1.32627
0.396699
1.02864
0.963326
0.683298
1.4951
0.696083
1.15775
1.04367
1.3006
1.46673
1.32992
1.31299
0.839378
1.63563
0.813894
0.796231
0.982089
1.2161
0.808733
1.40866
0.403584
0.588089
1.04639
1.00488
0.659468
0.780895
1.20549
1.15795
2.02632
1.42656
0.784441
0.705674
1.74147
0.824384
1.25636
0.721296
0.666222
0.876848
0.615038
1.04188
1.1066
1.2409
1.11188
0.544184
0.85875
0.966904
0.442408
0.96414
1.07467
1.12783
1.14774
0.732767
1.07641
0.861056
0.925
0.911216
0.82844
1.02387
1.21072
0.934953
0.790101
0.650051
1.27556
1.72054
1.36729
0.825915
0.836954
0.977526
0.965484
1.08524
0.590226
0.765961
0.872177
0.802902
0.722491
0.456481
0.856436
0.787515
0.916615
0.758324
1.28284
1.03511
0.709783
0.882177
1.88023
1.47742
0.850204
0.76528
1.33605
0.947545
1.28422
1.57664
0.778796
1.43885
0.847774
1.00968
1.14529
1.4704
1.01369
1.18939
1.44188
0.693589
0.887929
1.14196
1.01165
1.12891
0.595144
0.956059
0.752819
0.96214
0.876735
0.889002
0.931528
1.15101
0.666066
1.24984
0.86613
1.65192
1.48167
1.01433
0.801763
0.295159
0.644998
0.842428
0.753319
0.542716
1.13325
0.965538
0.456561
1.63623
0.890705
1.53107
1.87
0.971318
0.850514
1.79201
0.648199
1.49338
0.922879
1.1228
1.03266
0.928557
1.00163
0.609714
0.625184
1.27896
1.10261
0.969793
1.05102
1.29045
1.43192
1.00926
0.759015
1.67073
1.15622
1.20689
1.48964
1.07885
1.60382
0.462052
0.55741
0.797841
0.956276
0.78339
0.523575
1.7472
1.07606
1.12502
0.952014
1.1136
0.762639
0.963939
0.677361
1.25657
0.488927
0.934629
0.701373
0.822488
0.769678
0.763153
0.881289
0.650824
1.20817
1.25107
1.11586
0.536427
1.17701
1.26163
0.67694
1.18346
0.84581
0.904173
0.680828
1.1698
1.39232
0.636544
0.851243
1.28066
1.09899
0.626464
0.97367
0.379361
1.13085
0.960049
0.854663
1.29214
1.08743
0.894786
1.43507
0.769551
1.23758
1.10391
0.590399
1.08821
1.36684
1.0396
1.73013
0.872835
0.930473
1.48656
0.872868
1.14683
1.23618
1.29796
0.779129
0.813222
1.1091
0.579054
1.35368
1.04107
1.16516
0.869869
1.19262
0.694224
0.728806
0.881812
0.719922
0.930064
1.67723
0.769262
0.938607
0.658712
0.812013
1.12194
1.67902
0.959954
0.863926
0.920948
0.586383
1.21524
0.597691
1.23098
1.06058
1.34896
1.0239
1.07986
1.22507
1.45575
1.26515
0.757372
0.485939
0.690387
0.857704
1.52174
1.95068
0.989654
1.05199
0.766438
1.10648
1.31136
1.00156
0.775318
1.07362
1.22361
1.31232
0.740779
0.86513
1.4716
0.715806
0.859065
0.52961
0.930444
0.927503
1.31897
1.31513
0.889086
1.21688
1.26873
0.633099
1.41259
1.09682
0.593014
1.4103
0.983289
0.686324
1.09559
0.614549
0.892457
1.37132
1.64201
1.47522
1.40761
0.864399
0.77592
1.5387
1.38742
0.929107
0.472287
1.71459
0.531378
1.09223
1.46733
0.666711
0.982944
1.12823
0.932352
0.971344
0.786856
1.01329
1.53579
1.52353
0.873632
0.91211
0.694495
1.07791
1.2851
0.903337
1.10082
1.40903
1.11716
0.702687
0.786448
0.803852
0.952406
0.611535
1.11417
1.00382
1.00659
0.913296
1.02591
0.953157
1.17465
1.03962
1.05292
1.05433
1.14041
1.58198
0.930317
0.835263
0.690221
0.691336
1.0897
0.852568
0.651887
0.978264
1.39224
0.824697
1.39495
0.349161
0.64541
0.990975
0.500453
1.16693
1.11118
0.615068
0.919507
1.23801
1.75492
0.858568
0.866793
1.0872
1.78084
0.647416
1.03774
1.07965
1.21987
1.32538
1.03478
0.592914
1.1554
0.728818
1.12779
0.845613
1.55526
0.555259
1.6046
0.74683
0.655818
