1.29861
0.194404
2.41805
0.751154
0.924214
0.686937
1.02303
1.33728
0.58633
0.903483
1.76877
2.02478
0.928594
0.066034
0.392265
0.240309
0.604837
1.00955
0.916269
0.484018
0.425633
1.2653
1.75584
0.828683
0.99436
0.743053
1.5054
0.442973
1.77081
0.485333
0.384504
1.41727
0.242514
0.234293
0.231026
0.39442
1.20413
2.4747
1.51947
2.35859
1.47858
0.616641
0.370623
0.179824
1.77718
1.56088
0.408054
0.74402
0.0846466
1.45871
2.04256
0.748891
1.42169
3.21782
0.508181
0.374481
0.759496
1.42632
0.731123
0.922347
1.39063
0.104478
1.79862
0.489131
0.366078
1.66123
0.998083
0.933352
1.75888
0.695748
0.947438
0.243922
0.334094
0.329631
0.412124
3.2325
0.720563
1.77352
1.10174
2.03979
2.19378
0.667908
0.0543831
1.11292
0.577791
0.146919
0.729142
0.777192
1.47897
0.0483674
0.443759
0.450873
1.40706
0.259593
1.07759
0.932856
0.299436
1.10954
0.476875
0.467667
0.364615
3.04008
0.467582
0.421967
0.976364
1.25503
1.77809
0.597332
1.14297
0.798233
1.33692
0.54303
0.530408
0.810364
2.06993
0.574147
1.5547
0.901263
0.161307
2.09197
0.599589
0.9711
1.86305
0.282567
0.477385
0.675258
1.25351
3.15249
1.45529
1.14096
2.52765
0.943519
1.15549
1.7362
0.344981
1.16789
1.97296
0.784342
0.404426
1.45058
1.47411
1.28225
1.11597
0.282711
0.594965
0.107397
0.679628
0.444552
1.37853
0.0874941
0.734448
0.812025
0.459918
2.6295
1.23334
0.437033
1.20873
0.646171
1.26919
0.016112
0.678406
0.550936
0.654614
2.10584
0.323989
1.25337
0.600086
1.77653
0.909437
2.08691
0.80405
1.52094
0.311295
1.31767
0.671327
0.50227
0.0907898
1.57581
0.284663
1.67843
1.03871
0.280758
0.825928
1.04133
1.15155
0.782014
0.515101
1.43128
2.46396
0.316697
0.966068
0.0347426
1.13379
1.58675
1.29573
0.287991
0.351732
1.55882
1.44455
2.17491
0.241973
0.991713
0.330532
0.18879
1.10369
0.365876
0.0565296
1.37817
0.262258
0.408967
0.743585
0.120481
1.03053
1.54617
1.40424
0.839284
0.39425
0.850918
0.166127
0.38849
0.846354
0.483947
0.68866
0.0264352
0.875798
0.38355
1.09539
0.680722
0.943303
0.27137
1.77844
0.809323
0.480296
1.09153
0.100923
0.977294
1.67404
1.47912
0.642416
0.658115
0.964283
1.99981
1.38728
0.0581704
0.362589
2.0583
1.3915
0.408059
3.95221
1.48467
0.740051
0.603286
1.05287
0.454242
1.23194
0.337998
1.00298
1.13516
1.51781
1.91961
0.328189
1.73031
0.280114
0.274253
0.345896
0.285464
0.985932
0.788719
1.00722
1.66216
1.75328
0.779311
0.540627
1.0281
1.11041
1.48534
1.20707
0.234571
0.0834098
0.546109
0.652699
0.758622
1.113
0.467084
0.330119
0.648175
0.656382
1.08911
0.791205
0.267709
1.55277
4.00113
0.84394
0.153019
0.781267
1.76235
2.39576
0.548383
0.955402
0.425774
0.519426
0.851002
0.497188
4.64305
0.167041
1.52312
0.536373
0.180932
1.78518
2.89316
1.04624
0.109436
0.518405
1.50718
2.96376
1.00105
0.0758278
0.797924
1.29594
1.4859
0.693265
0.951646
1.50939
2.05822
0.490103
0.800501
2.37305
0.344097
0.91263
1.09921
1.71888
0.926716
2.42322
2.1851
0.372096
2.96535
0.963278
0.476411
0.865511
0.643819
0.883335
0.658687
2.40032
0.854527
2.48389
2.03396
0.192719
1.3943
2.54407
0.753695
0.702003
0.331097
0.130949
0.823635
0.914723
1.18543
0.710798
0.459003
1.62136
1.31077
0.281062
0.543251
1.94865
1.22843
1.09372
1.43742
0.0525596
1.03603
0.559241
2.17865
1.4611
2.01706
0.842201
0.696092
1.72988
0.592263
0.138328
0.407272
1.33424
0.590541
1.94538
0.20172
0.600832
0.751808
2.0007
0.546644
1.73267
0.604409
1.56984
0.848717
0.476911
2.3427
1.85735
0.465218
0.555006
0.569085
0.882795
0.908731
0.385996
0.392834
0.646921
0.314866
1.16268
0.597639
1.23055
1.27904
0.923016
1.65245
0.748378
0.428464
0.981409
2.61297
0.318959
0.55242
0.893098
0.547735
1.3877
0.565712
0.266487
0.989194
2.78141
1.48231
0.496515
0.898838
2.73756
0.739131
1.73962
0.669692
0.497873
1.29163
0.123367
0.483917
1.69949
1.42793
2.08567
0.96994
0.99056
0.409597
0.575864
0.797017
1.54092
0.401059
0.301665
1.15097
0.2854
1.992
0.226311
1.19183
0.204048
0.16592
1.16596
0.281264
1.51882
0.56642
0.0638942
1.53153
2.13648
1.2255
0.325739
1.24504
0.560263
0.304523
0.36001
0.637118
0.729421
1.82218
1.30921
0.806499
1.78732
0.183012
1.11863
0.0698551
1.36244
0.243477
0.577287
1.33548
0.110416
0.319017
1.56074
0.896234
1.07716
0.438432
0.516193
0.318026
0.993439
0.938997
0.407134
0.732284
0.38076
0.716508
1.41307
2.22825
0.778459
0.521254
1.14519
0.528488
1.7864
0.904787
1.55084
0.441131
0.916093
0.501721
0.358147
0.0450867
1.40199
0.634248
1.08798
1.01717
0.954558
0.585465
0.593685
0.692233
0.342901
1.01013
2.00534
0.983867
1.57261
1.0951
1.51405
0.833623
0.0983095
0.262575
0.356376
1.07226
0.71632
1.03201
0.431533
0.304273
1.19725
0.204451
1.89338
0.974537
0.707093
0.777014
0.469993
0.618788
1.13768
0.325564
0.461331
0.220101
0.556207
3.71931
0.285953
0.473959
4.04334
0.236574
0.182973
0.714398
0.912489
2.04081
0.68605
0.377148
0.411147
1.16668
0.770066
0.883767
2.39927
0.670988
0.158198
1.79495
1.36938
2.43982
0.521446
1.10455
0.892318
0.491028
2.7092
1.15612
0.23341
0.220127
0.466515
1.82016
1.55694
0.0823357
0.269565
0.788558
1.7484
1.06357
2.32852
0.617666
0.623685
0.397308
0.313189
1.4603
0.959679
0.606446
1.26817
0.814009
0.642714
2.1436
1.03738
0.321282
0.32112
1.08151
0.752921
2.85502
0.225938
2.10892
1.53495
0.251408
0.0909367
0.891929
0.774882
0.464389
0.767482
1.41688
0.56482
0.625393
0.3942
0.831593
0.225574
1.85992
0.602243
0.606759
0.721397
0.916543
0.887989
1.83026
0.793843
1.9493
0.836681
1.54659
1.66626
0.389928
0.824718
0.666178
0.632302
1.48047
0.698487
0.736431
2.11596
0.960218
1.16478
0.691655
0.0612272
0.0957823
1.99807
0.498566
0.079723
0.33048
0.72262
0.452891
1.13711
0.473064
1.08952
0.713636
0.548574
1.09981
1.02951
0.331513
1.43482
2.24103
0.690673
0.404148
1.41827
1.41478
2.40042
0.484701
1.04735
0.487298
0.915289
0.361846
0.388736
0.59499
0.457597
0.37676
0.363412
1.06311
1.7521
0.519914
1.18831
1.7658
0.137971
1.61531
0.801383
0.322943
1.46313
1.13947
0.165502
1.34882
4.64887
2.76462
0.666507
2.09785
0.676075
0.428118
1.17415
0.802488
1.069
0.129761
0.796488
0.753497
0.233215
0.604152
1.6969
1.54624
1.31111
4.15281
0.682757
0.677064
0.784248
1.54077
1.73815
2.47342
1.96932
0.684913
1.67285
0.702931
0.936517
1.87914
0.536962
0.429204
1.56002
1.05084
0.931876
0.821818
0.477697
1.25152
1.58952
0.369955
0.43302
0.460175
1.88279
2.02645
0.624085
1.43515
0.815118
1.42266
2.42843
0.844563
0.872259
0.738667
3.11674
1.59613
0.792764
0.602747
0.516546
2.16491
0.864393
1.38824
0.619341
0.301383
0.910933
0.260515
0.658977
1.03318
0.95212
0.244261
1.42495
1.26687
1.01433
0.790015
0.474433
2.17123
2.32997
0.856435
0.37417
0.479126
0.626824
1.19465
0.923258
1.54165
1.10361
1.38973
0.764909
0.24987
2.44975
2.1176
0.233453
3.13782
0.869259
0.282008
1.21178
0.718475
0.941895
1.15437
1.18484
0.776411
1.07248
0.643902
0.794168
0.106466
2.83248
2.02736
1.22742
0.934567
0.626699
0.274633
0.787568
0.766997
1.32384
1.52716
0.797183
1.87632
0.935992
1.20937
0.703534
0.936236
1.11365
0.131814
0.714821
0.929221
1.59321
1.04495
0.487384
0.438254
0.668279
2.8476
0.495677
0.77519
0.551331
0.792779
1.22709
0.329551
0.721442
0.58332
0.273388
0.865044
1.46807
1.08234
1.21839
0.645209
0.228783
0.176573
0.157324
2.80875
2.56655
0.538005
2.06417
0.951581
1.14368
0.176083
0.464204
0.76656
0.511155
0.675789
0.455161
0.676288
2.79495
0.954531
1.71999
2.29279
0.645597
1.26396
0.69458
0.838276
0.556331
0.896885
2.13394
0.870699
1.43133
0.268267
1.53838
0.0600046
0.234268
1.86051
0.744129
0.35455
0.865902
1.54439
0.667577
1.82361
0.266609
0.705533
0.904569
0.76745
1.13343
0.861005
1.58522
0.762421
1.1594
1.67944
0.44361
1.01021
0.928088
0.730372
3.38699
0.459378
1.07063
3.13163
0.541197
0.538484
1.27946
0.399996
1.02572
0.227065
0.59694
1.22025
2.90294
0.874215
0.234357
0.526819
0.809157
0.448162
0.859728
0.332346
2.16964
0.428905
0.458395
2.30031
0.865472
0.348225
0.371382
0.239668
0.465174
1.47067
1.09013
0.506432
3.91857
0.583622
0.876949
0.17816
1.55803
1.40302
2.03202
1.62505
0.624256
0.343874
1.26959
0.462813
0.818361
0.311728
0.966707
0.222006
1.37276
0.145866
0.931606
2.04757
1.18702
1.43128
2.44144
3.36429
1.56622
1.2924
2.23838
0.577034
0.898581
0.475989
0.812641
0.850645
1.38643
0.320443
0.482666
0.365513
0.287218
2.4622
1.41927
0.629124
1.12302
0.709709
0.397637
0.394716
1.05419
1.64653
2.09319
0.45295
0.756059
0.886469
2.20483
0.113151
2.10567
2.63382
1.34687
1.35619
1.48926
0.743002
0.510535
0.935048
1.19578
0.575141
0.43541
1.76266
1.03978
1.67552
0.918336
1.32373
0.52326
0.5189
0.566962
0.605791
0.126227
0.0644569
0.474196
0.218414
2.08313
0.35895
1.29151
2.14092
1.20574
0.487136
1.1749
1.04298
0.989638
0.629332
1.65462
0.919529
3.00389
1.53554
0.431778
0.516767
2.56636
0.701278
1.05251
1.34554
3.19491
0.766262
2.32339
0.767461
0.289698
1.05925
1.22492
0.489724
1.38424
1.0076
0.828081
0.345839
1.09946
1.82675
0.219307
0.945608
0.53957
0.463312
0.270743
1.18844
1.19133
1.05876
1.1695
1.29666
0.486748
0.579259
1.42152
0.452047
0.635618
0.479919
0.236869
1.28907
0.930067
1.66065
0.571761
0.235397
1.01267
0.396706
2.34798
1.80202
0.83096
1.91582
0.289461
0.256435
1.5852
0.249341
0.267501
0.531227
1.03365
1.7218
0.825941
0.322751
0.640452
0.179909
0.125468
0.407336
0.475403
1.48971
1.17706
0.853273
1.74306
0.798779
0.891259
0.703537
1.78691
1.49124
0.718999
0.492629
2.13249
0.348789
1.01368
1.0359
1.12228
0.204363
1.0389
1.0547
1.29697
1.4935
1.04653
1.74294
1.69599
1.35919
0.918576
1.04138
1.72742
0.160548
1.30447
2.5069
0.30241
1.39949
1.63663
0.467346
0.477596
0.593228
0.964871
1.94184
0.523258
1.57795
0.409509
0.595837
0.996446
1.21959
0.557152
0.810566
0.881605
2.46369
1.65918
0.951803
0.151275
2.37069
0.238272
1.48129
0.861678
0.70314
0.30392
0.908101
3.102
0.165
0.623646
1.45082
0.843435
0.60526
0.309927
1.50981
0.774416
0.0661423
0.222154
0.554791
0.355933
0.31733
1.04391
0.949076
0.434051
0.742963
0.109905
1.04374
1.3651
0.276371
0.742726
1.3804
1.09008
0.314332
0.548172
0.519231
0.40223
1.0795
1.49997
1.12704
0.0533898
0.305346
0.152071
1.04764
1.18493
1.98689
0.934128
1.87949
0.41033
1.86137
0.198632
0.838028
0.284869
0.306087
1.4461
3.72055
0.558586
0.886716
1.01694
1.34202
0.738712
0.647884
1.7829
2.35352
1.56753
0.582062
1.83609
0.216602
1.70856
1.30978
0.994608
0.529076
0.805004
0.402872
1.93665
0.361714
0.428287
0.407244
2.37956
0.844296
1.55367
0.71605
0.32756
0.113966
1.31508
0.535664
0.627299
0.560589
1.2166
1.82046
1.23673
0.489288
0.468454
3.09136
2.37199
0.691509
0.578427
0.689014
1.07507
0.771796
2.53342
0.147541
1.48785
1.05617
1.14044
0.730913
1.63137
0.508307
0.857298
0.295901
1.26366
1.22714
0.364847
1.49797
1.45864
1.94196
0.21668
1.80706
0.543716
1.53907
0.149211
1.43716
1.32992
0.179687
0.328743
0.546609
0.375842
0.912626
0.257697
0.803346
1.31235
0.635259
2.88918
1.69463
0.468907
0.649469
1.12108
0.706825
0.769395
0.78871
1.1065
1.07241
0.151564
1.94088
0.825222
0.319992
0.187619
0.349419
0.1171
0.700687
0.486675
1.02388
0.341557
1.97774
0.313019
1.11736
0.0998835
3.01297
0.293472
0.38267
0.891152
1.54423
1.18854
0.810573
1.77218
0.585078
1.27896
1.202
0.909527
2.16945
0.76117
0.39495
1.27559
2.14052
1.45705
1.53966
1.18241
1.17093
1.42543
1.40494
0.433769
0.336414
1.00402
1.00529
1.25585
1.01211
1.55339
0.417249
1.3437
1.31988
1.19019
0.212235
0.171152
2.02517
2.40757
0.0596958
0.552304
1.02058
1.71082
0.799194
1.41544
1.23844
1.75814
1.79519
1.02689
0.0986642
0.335617
0.341829
0.66234
1.73699
0.481682
2.23043
1.25534
0.994983
1.24465
2.1254
0.183754
0.297986
0.886666
0.264021
0.988008
0.737822
0.548388
0.177708
0.246013
0.514717
1.70772
1.31563
1.15335
0.32504
0.23471
0.452088
0.759158
1.37433
1.58894
1.0378
0.62362
0.574533
0.734824
1.03931
0.328681
0.933044
1.23798
1.07995
1.55475
0.628114
1.41064
1.56181
0.254296
1.22981
0.201771
1.1695
1.24563
0.445831
1.35537
0.986609
0.570469
0.955041
0.785125
0.0866809
0.835188
1.39629
0.733416
0.762087
0.31001
0.843789
1.94709
0.403546
1.64457
1.1497
0.128854
1.13725
0.404619
0.61173
1.0187
0.594216
0.716557
0.281815
0.553518
1.85623
0.212207
0.56103
1.29006
1.71208
2.5003
1.33877
0.737021
0.639075
0.392278
0.313312
0.207024
2.08941
0.457013
0.179575
1.50264
0.320841
1.26122
0.72531
0.95964
0.0778274
0.727867
0.275469
1.10084
0.359063
3.31195
0.620922
0.443627
0.184854
1.06593
0.501814
0.574094
1.30759
1.38268
1.48942
1.3384
0.383294
0.733697
0.71603
0.270348
0.672407
0.86434
1.11327
0.632517
1.04481
1.49377
1.11788
0.672699
0.895936
1.42822
0.293446
0.0790503
0.601802
1.6499
0.360517
0.546536
3.34462
0.780491
2.08452
0.811322
0.441728
2.52983
1.43297
1.60778
1.0073
0.351829
0.989479
0.557056
1.91972
2.70965
0.647458
0.711216
2.00893
0.760778
0.475052
0.489073
0.637324
1.50387
0.0951393
0.750065
0.746272
0.336683
1.73666
0.392962
0.288504
0.584549
0.485664
1.43701
1.19987
0.794602
1.52338
1.34432
1.83437
0.457742
1.63033
0.861246
0.712519
0.621492
0.23853
0.855821
1.90133
1.28926
1.11881
0.197087
0.674468
0.0384739
0.733164
1.12183
0.230606
0.466208
0.53922
0.377262
2.08513
0.209017
0.598689
0.770608
0.797916
2.74851
1.82141
0.0691262
0.891361
1.14117
1.04912
0.343994
1.78894
0.745281
1.33835
0.162766
1.05947
0.818181
0.431477
3.26531
0.410845
0.402786
2.57493
1.76759
0.652063
1.43687
0.675063
0.0251508
1.95569
1.34051
0.976661
0.331137
0.79867
0.147482
0.438749
0.408142
0.729211
0.707581
2.34305
1.2274
1.97188
2.29675
2.69669
0.947709
0.886315
1.46384
0.273642
1.8232
1.05743
0.197649
1.076
0.812873
0.274189
0.30752
0.955309
1.17232
0.157604
0.117999
1.11198
0.232767
0.653846
0.731155
0.764458
0.645004
1.76166
4.08123
0.36774
0.474092
1.77021
2.71207
0.890213
0.594306
0.021808
1.09369
1.25124
1.37669
0.361039
1.86699
1.34371
0.797319
1.75104
0.628085
1.72505
1.78884
0.76354
0.669933
1.58164
0.786932
1.62986
0.258895
1.35809
0.441306
1.00847
0.65304
0.194413
0.207752
0.80057
0.227536
0.390772
0.825059
1.44124
0.621325
1.97129
1.91459
1.06873
0.364973
0.492391
1.01682
0.93604
0.700777
0.993057
0.935278
0.393029
1.93176
0.603241
0.740434
0.508101
1.69823
1.24902
0.859826
0.608114
0.323425
0.742652
0.86174
1.44952
0.486496
0.253934
2.97106
0.565564
0.225251
0.393635
0.511792
1.6029
1.31256
0.565879
0.102178
1.03713
0.79746
1.0144
0.526516
1.1005
0.708502
1.98322
1.22903
0.917804
2.46458
1.03285
0.614635
0.581603
0.722622
0.522248
1.41797
0.906774
1.23738
1.7863
0.80436
1.34016
0.745107
0.0583908
1.38523
0.805701
0.427957
0.876435
1.42557
0.35767
0.618098
1.82021
0.597246
1.08116
0.836381
0.335898
0.298056
1.05256
0.168698
0.461294
2.03509
0.890637
1.3942
0.489618
1.56585
1.46059
0.538221
1.02979
0.308893
0.917646
0.592257
1.49958
0.680942
0.489747
0.597722
0.730175
0.973212
1.10372
1.32321
1.65089
0.81079
1.77258
1.63905
0.495916
0.395002
2.68364
0.405431
0.931264
0.846618
1.08602
1.29907
0.729849
0.511048
0.209737
2.38324
1.07611
0.472233
1.33
1.05724
1.3297
0.293006
0.251592
0.857192
2.91645
0.426735
0.308328
0.370412
0.181195
0.640938
0.519065
1.05743
1.05015
0.814597
0.788131
0.591171
0.316535
1.47066
1.06407
0.0863728
0.973698
0.991362
0.412419
0.257557
0.95573
0.698209
0.0976324
0.19153
0.346871
0.663489
0.634628
1.72459
2.32449
0.449906
1.19792
1.16869
0.474932
2.57311
0.72186
0.273271
1.77722
0.230875
1.88651
0.326105
1.03028
0.184941
0.332778
1.38908
0.660625
0.923835
1.32137
2.28622
0.481767
2.89219
0.824847
0.0521928
0.444333
0.46827
0.792802
0.895572
0.252914
0.638792
0.445226
0.220672
1.71521
1.85659
2.00711
0.529627
1.60188
0.654321
0.265437
1.60453
0.715107
0.152463
0.808244
1.01867
1.24272
0.951666
0.150658
1.54968
0.176168
1.93667
1.71408
0.269709
0.189942
1.13768
2.70133
0.972839
0.501178
1.39116
0.172323
0.432258
1.2354
0.0990625
1.46087
0.979591
1.96546
0.62879
0.0192428
1.20078
1.13433
1.22155
1.18616
1.43927
0.434598
1.6345
1.28694
0.417726
1.0247
0.870177
4.13113
0.624158
1.43248
3.15166
0.470893
0.223458
0.873053
1.45089
1.63538
1.05258
1.31204
2.21745
2.01244
0.732112
1.12072
0.581363
1.04147
1.34378
1.54879
0.727139
0.29607
0.2235
0.387355
1.00738
0.0157845
0.589596
1.16426
0.243313
0.357061
1.39591
1.48891
0.842946
0.542263
1.02993
2.37854
1.49822
0.46518
0.828149
1.49785
1.13936
0.458714
1.70195
1.87122
2.05862
1.04954
1.60862
1.96823
0.503976
1.57907
0.99411
1.05469
0.792655
0.484339
0.453671
0.696014
1.80832
1.36594
0.591951
2.17718
0.617784
1.57782
0.84019
0.376624
0.306556
0.581667
0.266572
0.986595
0.80691
1.37439
0.126078
0.295503
0.518666
0.650451
0.330772
0.13876
1.09653
0.764091
0.462098
0.536924
2.16179
0.101277
0.231133
0.0841594
1.05073
0.568682
0.619571
0.697236
0.778745
0.985307
1.16858
0.437872
1.15744
0.78958
1.80205
0.729176
1.35797
0.646191
1.14703
1.18354
1.17242
1.42619
0.549491
1.21841
1.40062
0.665013
0.170597
0.527834
1.03869
1.33253
0.128243
0.27251
0.927258
0.972607
0.706633
0.178492
0.871188
0.95976
0.350923
0.76175
0.53431
1.39293
2.6787
0.552823
0.940903
0.16105
0.187108
0.639706
0.318089
1.03441
0.964472
0.665947
0.0446005
1.54507
1.28263
0.523561
0.16736
1.36364
0.913482
0.353314
0.130471
1.27573
0.0179569
0.477303
0.380513
1.32646
0.441299
1.28821
0.562508
1.32407
0.385626
0.124594
0.233132
0.231352
1.02372
0.825097
1.91764
0.51961
1.46077
1.02337
0.284772
0.391388
1.10732
1.56296
2.10982
2.17163
0.683131
0.923892
1.96576
0.461791
1.39949
0.519962
0.731152
1.48749
0.618356
0.95724
0.669691
0.141805
0.285054
0.123038
2.63228
0.712435
1.55978
0.859542
0.695689
0.477916
0.749805
2.16233
0.121103
1.44135
0.218789
0.605767
0.928996
0.513686
0.524341
0.277314
2.2682
1.87775
0.280261
0.227689
1.67998
1.66546
0.498877
2.02613
0.30007
1.07601
0.816121
0.588951
0.0777147
1.54284
0.416295
0.493327
0.27005
0.884097
0.686808
1.7319
1.23709
0.200718
1.1345
2.69064
0.23855
0.842069
1.80911
0.71631
2.45647
3.77486
0.878212
0.928958
0.323338
1.31136
1.23875
0.564891
0.234266
1.26364
1.92418
1.04061
0.370004
0.940073
1.90231
0.144375
2.25708
0.782893
0.102116
1.42279
2.27125
0.911835
0.215263
1.44801
1.13364
1.07844
0.578183
0.549358
1.63551
0.270878
1.55467
0.455553
2.87669
1.1131
1.83127
0.949569
0.693897
0.406617
2.16317
0.953097
0.395637
0.308544
2.03805
0.981331
0.255247
0.430738
2.89967
1.86575
1.92663
0.331349
1.5247
1.12111
0.833835
1.29868
2.20617
0.173126
0.45645
0.764731
0.724647
0.77997
1.63194
0.374413
1.08312
1.53228
0.484322
0.343224
1.00021
0.698889
1.24776
0.64257
1.75831
0.455864
0.722532
0.5923
1.07608
0.166582
0.493488
1.22421
0.541084
1.91092
0.31425
0.137979
0.591289
0.843429
1.02573
0.517311
0.541128
1.10393
1.18164
1.1689
0.297144
1.37521
0.319173
1.31646
3.14387
0.769232
1.63684
0.440935
1.25932
0.60313
1.16278
0.672772
0.320201
1.23902
0.879375
0.761376
0.551403
1.86725
0.275796
0.68036
1.60672
0.514835
0.852686
2.61825
1.03754
1.18934
1.76979
1.25318
0.0259522
0.453825
1.4191
0.611479
0.56975
0.379821
1.03418
1.47862
1.73874
0.379216
0.73112
1.38903
1.1272
0.782172
1.62094
0.0720618
0.883206
1.31346
1.39051
0.653168
0.959507
2.19336
1.30845
0.452088
0.476601
1.33467
0.311819
2.00179
0.539339
2.17198
0.387202
1.93933
0.35533
1.11054
1.63684
0.887357
0.419619
0.177435
1.2387
0.403217
0.695891
0.351952
0.54389
0.746748
0.544416
0.392868
1.19131
1.4242
0.272388
1.97554
0.940691
0.498042
2.24391
0.507353
1.60728
0.728686
0.953862
1.16201
1.36973
0.716165
0.297196
0.80653
0.144803
0.283019
0.565839
0.427561
0.603128
2.01325
0.848061
2.54754
0.643004
1.11377
0.673758
1.00453
0.323055
1.05255
0.912013
0.641472
1.25503
0.592557
0.685927
0.457872
0.954646
2.30635
0.705007
0.857894
2.18478
2.16265
0.881372
1.04312
0.160294
1.97503
0.08578
0.92722
1.02502
0.411788
0.520002
0.408596
0.57716
0.0431424
0.628683
1.40913
0.728963
2.25734
1.61953
1.43262
1.45167
0.340191
0.0103841
1.04463
3.0771
0.893824
0.278828
1.47418
0.816904
1.29604
1.50208
0.118654
2.625
0.623861
1.42834
3.33135
0.385268
0.901497
0.18485
1.38909
0.995554
1.59222
0.879511
0.648468
0.894492
0.83087
0.216132
1.68239
1.83839
0.283318
1.42674
0.782536
0.839686
0.477868
2.4215
1.17226
0.494698
0.958149
0.153773
1.24101
1.23644
0.673498
0.0814222
0.820233
0.959704
0.0610756
0.678706
0.619013
0.151808
1.6501
0.133696
0.560791
1.41791
0.572606
0.520549
0.618106
1.46566
0.58383
0.773531
1.01014
0.986296
1.22509
1.76827
0.444026
0.353541
0.975128
0.344488
2.17101
1.23311
1.27444
0.337794
1.842
0.565542
1.82888
0.571096
1.00691
0.747217
0.904788
0.491564
0.560517
1.24015
0.725782
0.495362
0.638645
0.512301
0.121952
0.389157
0.328603
0.199684
0.261033
1.72346
1.52802
1.42729
3.32175
0.517249
0.149547
0.0979531
1.32582
0.541359
3.71565
0.796782
0.499115
1.31332
0.573941
1.40334
0.566884
1.88903
0.635586
1.0621
1.02084
0.63238
0.516641
0.357085
0.361948
0.27004
2.23994
0.343305
0.815246
1.2497
2.4706
1.9357
0.764229
2.12402
1.41628
1.82879
0.277004
0.46892
0.592308
1.14731
1.53646
0.193907
0.516238
1.40127
0.798323
1.2265
0.584568
0.938714
0.262757
1.61198
0.903137
0.214311
0.150013
0.857212
0.487781
1.02551
0.537061
2.24181
1.40158
1.9384
0.363667
2.00411
0.441901
0.694047
0.382253
1.52529
1.15438
2.07071
1.38366
1.04813
0.346795
1.67809
0.749558
1.96637
0.623863
2.23589
1.57799
1.74787
2.51165
0.378024
0.577729
1.65186
0.332419
0.915195
0.70248
0.45525
0.474977
1.76635
0.649836
1.28744
0.61847
0.613418
1.16899
0.193326
0.718871
0.66673
0.400264
0.619371
0.689093
0.530148
0.290363
0.298694
1.09499
1.60566
0.29581
0.347046
1.1307
0.892422
1.31131
1.09615
1.35626
1.13094
1.39694
0.659889
1.41187
2.89236
1.75948
2.90143
1.10014
0.29764
1.40629
0.454619
0.410706
1.76868
1.84694
1.80719
1.24308
0.396644
0.273027
1.89789
0.463196
1.37463
1.54688
1.06933
0.18896
0.616443
2.48983
1.71276
2.16781
0.107609
0.0940807
1.19214
0.939867
1.2477
1.71737
1.07063
0.388835
1.50961
1.39543
0.191793
1.14427
0.488387
0.481548
0.518996
1.44992
0.898081
1.03545
0.394932
0.419487
1.34982
1.24684
0.927732
0.81739
0.387191
1.33148
0.879443
0.810539
1.32057
2.44181
0.94595
0.851492
0.668604
0.922827
0.277541
0.363977
0.447092
0.676901
2.65606
1.64505
0.458414
1.36009
0.830367
1.0619
1.27423
1.29692
0.51378
2.11515
1.61091
1.67222
0.60893
0.27786
1.12418
0.592377
1.03029
0.721772
1.3117
2.55967
0.752226
0.824588
0.241216
0.552117
0.468061
0.829545
0.53885
0.99707
0.64587
0.489095
1.25294
0.469552
0.387748
0.59805
0.132057
0.347631
0.891103
0.788591
2.16679
0.528874
0.714935
1.9959
1.10577
0.690048
0.340541
1.15303
0.551277
0.844639
0.168711
0.346031
0.83215
0.154184
0.431573
0.821392
1.41445
1.35893
0.706684
0.0659131
0.444242
3.05184
0.438225
0.480937
0.202998
1.25136
1.04562
0.955183
0.732116
0.0987577
0.357127
3.03786
1.07095
0.830848
0.532178
0.625376
1.98652
0.369044
0.353904
0.55618
1.36381
0.462734
0.573088
0.366146
1.27394
3.41439
1.38822
0.507764
0.277736
0.534902
2.15928
2.0163
0.451546
0.291337
0.878831
0.839848
1.7417
1.33489
2.87962
1.51643
0.798756
1.70901
1.5145
0.650819
0.236825
0.302458
1.06856
0.524675
0.350761
0.466805
0.76072
1.81563
0.814498
1.32247
0.356225
0.967434
1.31706
1.85012
4.01876
0.302652
2.07324
0.730574
0.648847
0.878501
1.61951
1.23643
1.33394
0.718981
0.863597
1.28893
0.553911
0.806585
2.5826
0.436421
0.787675
1.1526
0.108149
1.50612
1.77994
2.14456
1.3926
0.356902
1.01582
0.387732
0.33034
0.310385
0.245902
0.22492
1.34361
1.49623
0.668294
0.283533
0.425675
1.71323
0.620756
0.310284
0.82411
2.24408
0.761149
1.05758
2.15808
1.82472
0.939069
0.288725
0.665431
0.243239
1.16623
0.471541
1.0868
0.816947
0.926679
0.99693
0.959974
0.847539
0.435653
0.633644
0.988174
1.38383
0.0653385
0.622511
0.636792
0.377906
0.826057
1.4555
1.65012
0.962107
0.278821
0.296853
1.37043
0.459666
0.711672
0.455256
1.2246
0.52401
0.430296
1.67554
0.501208
0.266119
1.84918
3.61188
0.342123
0.691636
0.415687
1.70224
0.83115
0.556697
0.519533
1.402
0.471727
0.870841
1.88598
0.332351
0.129886
0.843108
0.634705
0.306951
0.409146
0.976122
0.581276
0.366132
1.39709
0.675627
2.68005
0.987714
0.660951
0.135123
0.826431
0.879968
1.04003
0.5292
0.956577
0.578244
0.265385
0.793384
1.06191
1.28659
0.467984
0.395158
1.61938
0.94113
1.49904
0.85858
0.505019
1.06821
0.484268
2.09642
0.256847
0.354192
0.45871
0.542232
2.06742
0.172928
2.31713
0.400992
0.840536
0.717223
0.812006
1.02791
1.6468
0.0248631
1.76537
0.908502
0.132663
1.32548
1.23508
0.587927
0.849384
0.898652
0.352611
1.29848
0.691561
0.547979
0.216834
1.03761
1.60384
0.98115
1.65874
1.21928
0.287301
0.963643
0.0901817
1.54318
0.525677
0.838578
0.633027
2.64564
0.435918
1.29714
0.751184
1.43158
0.436509
3.83451
0.730629
1.82243
0.124612
0.476223
1.43961
0.450647
0.898694
1.08881
2.71411
1.84569
1.20946
1.48024
0.576968
0.765785
2.76782
2.55309
0.15119
0.254615
1.95347
0.307963
0.460308
1.10657
0.320439
0.426583
1.01207
1.95168
0.619214
1.48769
0.659789
1.55907
0.428186
1.39952
0.610674
1.58968
0.850961
1.12003
0.869744
0.580424
1.30806
0.940254
0.42615
0.521777
1.64956
1.24746
2.53436
0.399273
0.515427
1.32209
0.97147
3.60352
0.486937
0.547831
1.68615
0.23426
0.313242
0.437181
0.153264
0.670877
0.507782
0.900991
1.16946
0.876274
1.6387
0.684807
1.29006
1.02342
1.18414
0.559953
0.913668
2.05278
0.850077
3.9056
0.881433
0.87339
0.470687
0.555777
0.583338
0.653642
0.302011
0.621728
0.0867508
1.29788
3.99391
0.627622
0.41806
1.03633
0.829588
1.48294
1.78975
0.988232
1.58474
3.38278
1.55233
0.56013
1.20564
1.34107
1.23962
2.08569
1.81746
0.416233
2.05971
1.49815
1.04751
1.47798
2.05985
0.85944
2.16217
0.489814
0.296136
0.543818
0.340214
1.50482
2.06838
0.473414
0.254112
0.396213
0.574809
0.546456
1.43567
3.70341
0.540422
1.56648
2.23312
1.29059
1.51651
0.533388
0.949636
0.673903
0.758705
1.58964
0.515984
2.33861
0.23032
1.18962
1.10335
1.08178
0.863328
0.771854
2.386
1.0364
0.183329
1.53412
1.27319
0.0385392
0.839149
0.295979
2.37235
0.588976
1.45833
0.841421
0.158622
0.620287
0.794599
0.422563
0.251287
0.128284
0.941364
0.363533
0.753499
1.08494
0.557474
1.94458
0.549545
0.880863
1.46007
0.459164
0.730563
1.11371
1.01839
0.950183
1.07121
1.69585
1.25825
1.7547
3.11084
0.378883
0.801573
0.247766
1.46371
0.168054
0.398321
0.134487
0.501055
1.40476
0.304606
1.46876
1.12265
1.56488
1.80296
0.926174
1.33424
0.574868
0.997496
1.35664
0.752282
0.75855
0.452569
1.36577
0.781059
1.22594
0.664379
0.993999
0.559889
1.26085
0.305631
2.16325
0.873447
1.62289
1.533
0.465524
1.24509
0.240602
0.28634
0.504606
0.324932
0.48856
0.194339
0.479637
1.60976
0.13211
2.67106
0.379139
0.403769
1.97926
0.391495
0.13705
0.48586
0.278039
1.01099
0.387395
1.05079
1.75734
0.730311
1.52911
1.86535
0.725639
1.09579
1.96468
0.147568
2.75784
0.53015
1.96611
0.389297
0.643222
0.812749
2.4376
1.54844
0.773706
1.23568
0.349322
1.05678
1.4771
0.69368
0.633487
1.26174
1.30353
1.95578
0.956612
1.0549
1.04613
0.892784
0.487657
0.753213
0.300188
0.50652
0.59963
0.341953
0.392192
0.398692
2.14641
0.188288
0.847778
0.977004
0.462808
1.81806
1.43932
1.1895
0.757516
0.772206
1.85816
0.896981
1.79099
0.672036
0.600373
0.802933
0.429645
0.551756
0.748516
0.306815
0.528114
2.67718
0.779103
1.26116
0.458974
0.143249
1.2261
0.73767
0.366948
1.28405
1.32235
1.0057
1.24347
0.825531
0.79421
1.41407
0.777493
0.612122
1.96016
0.12312
0.146776
0.461746
1.13812
0.207188
0.714989
1.19486
0.571632
0.575105
1.6841
0.537813
0.699521
1.2333
1.76693
1.53372
0.903203
0.57472
2.55199
0.381759
0.734332
1.49584
0.391845
0.845767
0.83502
1.34661
1.19492
0.287558
0.513583
2.22191
1.63608
0.661148
1.22635
1.41802
1.46002
0.26865
1.24938
1.78016
2.59811
1.95072
0.643785
0.407015
1.61319
0.67834
1.74638
2.21524
0.722077
0.225776
0.967248
0.336809
0.546818
1.63688
1.9199
0.649506
2.06702
0.42653
1.69515
0.868282
1.7132
0.675541
0.637668
1.27903
0.796167
0.328168
2.04109
2.79849
0.855003
0.477588
0.856068
0.722179
0.379751
0.989442
0.744965
0.125389
0.464573
1.30059
1.81889
1.23387
0.464936
0.955847
1.11781
0.857666
0.456366
1.08109
0.684813
2.46494
0.456567
1.23966
0.68071
0.734664
0.941027
1.13102
2.58316
1.37904
0.325399
1.41222
1.11756
1.06999
0.346797
1.20636
0.368402
1.05314
0.985218
0.789641
1.03901
1.09278
1.39736
0.479261
0.9444
1.02765
0.984006
0.643131
0.523729
1.05262
0.228074
1.54274
0.962558
0.835364
0.931115
0.459617
0.25591
0.866318
0.46857
1.66903
1.69401
0.590073
1.55532
0.736362
2.7019
0.844081
0.188454
1.2837
0.211105
1.62524
1.96384
1.00489
0.543862
2.34452
0.96797
0.473361
1.54375
1.22522
1.16331
1.5875
0.802798
0.806176
0.671367
0.79553
0.538725
0.913552
1.57682
0.141764
0.512576
0.544107
0.987147
1.05147
0.493993
1.64607
2.09153
0.892374
0.985831
0.407929
0.440898
1.0439
0.133348
0.358001
0.380037
0.476886
0.646433
0.265273
2.09429
1.61387
0.643367
1.36473
1.41154
0.876417
1.39137
1.03972
1.60316
0.939801
0.933373
1.63866
1.56447
1.27528
0.563056
1.49379
0.246811
0.353389
1.23507
1.10496
0.347737
0.67109
2.0857
0.721023
0.162837
0.459367
1.40432
0.61208
0.179386
0.260386
1.12948
0.627795
1.62594
0.909582
2.00811
0.609344
0.598994
0.923074
1.23311
3.29397
0.0610726
0.083454
0.658603
1.74633
0.392903
0.946489
0.340264
1.41449
1.48663
0.230449
1.65416
0.680821
0.37848
0.710669
0.69275
3.0206
0.948607
1.51667
0.863343
1.03016
0.158839
1.02827
0.612292
0.276092
0.253003
0.125699
1.48908
1.83517
0.130486
2.75038
1.76029
0.522265
0.628752
0.558861
0.638766
0.208648
1.29523
0.456998
1.23926
1.18409
1.56427
2.22434
0.69048
0.815145
0.508692
1.00617
1.06037
2.78427
1.37045
0.26587
0.610891
0.241961
1.83877
0.257458
1.07403
0.751935
1.19582
1.43147
2.05335
0.782932
1.7326
1.54957
1.43327
1.67336
0.324496
0.279756
1.47012
0.0935603
0.45964
0.33603
0.236842
0.380052
0.750153
1.28133
1.79846
0.659327
2.88413
0.419783
0.653088
0.321146
1.92152
0.656796
0.419778
0.144439
1.03361
0.934809
0.311221
1.21111
1.13908
0.365911
1.02476
1.0272
0.887785
1.16209
0.314471
2.05139
0.875008
1.4761
0.728488
1.37619
2.02275
0.831453
1.12217
0.420645
0.473626
0.408666
0.703884
0.223274
1.09273
1.89978
0.937256
0.954833
3.1217
1.14014
1.84963
0.937262
0.248803
0.407775
1.5316
0.729587
1.33214
0.83184
0.564515
2.8842
0.507971
0.575528
1.57766
0.352055
1.72324
2.38541
0.657827
0.800148
0.89051
0.997953
0.983535
0.373401
1.6267
1.98189
0.856852
0.180496
0.179328
1.25441
1.64571
1.1418
1.57308
1.2905
1.23217
1.84992
0.985169
1.88938
0.661053
1.32619
0.4559
0.0786049
1.8143
1.01297
1.33731
2.81218
1.33046
1.01442
0.686285
0.433109
0.70527
0.426602
0.342526
0.536333
3.58842
3.01363
3.63255
0.445871
0.962153
0.405369
2.92678
0.139385
0.560789
1.08785
3.33081
1.26542
1.15265
2.67276
1.18462
0.868305
0.9933
0.217257
0.597831
0.760152
0.391184
2.88055
3.17034
1.17853
1.12891
1.53967
0.473546
0.075632
0.517014
0.74772
0.580256
1.70121
1.18749
0.671079
0.860689
0.497305
1.9476
0.531732
1.17481
0.943287
0.239145
0.350807
1.13622
0.608819
0.0551175
1.89846
0.231685
0.790486
0.413828
1.21762
1.81873
0.963472
1.68561
0.297574
1.18948
0.512935
0.671613
3.74287
1.29692
2.03385
1.02794
2.78754
0.756978
1.02154
0.80347
1.70085
0.589786
1.59563
1.65806
0.708565
1.72649
2.82777
1.24468
0.763934
1.55629
0.743328
0.532724
1.92381
2.37617
1.02447
1.43988
2.65226
0.65079
0.967185
0.559096
0.81897
0.595757
0.585263
1.12912
0.118588
1.13093
0.391436
1.81403
0.943201
0.926252
0.619235
3.22911
1.63261
1.46536
0.889899
0.646679
0.258836
1.40527
0.892925
1.25457
1.64369
0.302371
2.08049
1.28568
0.935276
0.890448
1.64443
0.126708
1.08238
0.833968
0.883809
0.534611
0.36276
1.31311
1.82466
0.990163
0.88643
0.465605
1.36727
0.305858
1.08608
1.52982
0.203724
0.453321
2.0076
3.31446
1.48676
0.472681
0.803248
0.218875
0.123938
0.731651
1.79753
0.838881
1.23373
1.92165
0.373342
1.28429
0.85207
1.29757
1.93266
1.73806
2.53646
0.505265
0.361533
1.32905
1.07056
0.462839
1.64403
0.428351
0.908136
0.345084
1.11364
1.16497
0.746647
0.172898
0.29202
1.80098
0.405243
0.510043
1.77134
0.488071
1.59276
1.48617
4.17945
0.202371
0.392548
0.197116
0.379287
1.29942
0.760046
1.26203
1.41253
1.20257
1.08984
0.303855
0.602595
1.8117
1.01488
1.87775
0.850102
0.729818
1.31807
0.695956
0.59686
0.456181
0.404491
0.329335
0.513548
1.03732
0.197501
0.272475
0.143134
0.711135
1.61404
0.286411
0.202617
1.0898
1.95704
1.12035
0.596948
0.595651
0.798924
0.455009
0.647001
1.77898
0.979968
1.32469
0.285996
0.763639
0.516961
0.617873
0.726593
1.17107
1.61512
1.09659
0.665894
0.422175
1.08226
2.10591
0.962994
0.182578
0.822854
0.75383
0.77566
1.21251
0.87726
1.40179
0.762462
0.318324
1.91942
0.137772
0.973933
1.11829
2.67896
1.02014
1.19132
0.687784
0.95562
1.01251
0.665275
0.259214
0.910645
1.07005
1.91706
1.9752
0.501706
1.21497
1.49807
2.03863
0.344517
0.0395207
1.38875
1.00999
1.9386
0.0857394
3.79942
0.914525
1.15271
0.289161
0.56177
1.09451
0.408989
0.14884
0.589864
0.0309689
0.0553981
0.359701
1.48596
1.24027
0.961407
1.35863
0.676069
1.67481
0.521569
0.0963035
1.21068
1.11366
0.865923
2.55893
1.18702
4.54223
1.08055
1.22224
0.760917
0.935501
0.690723
0.807808
1.03418
0.636084
0.194852
2.95737
0.270341
0.941092
0.819484
0.212981
0.246505
2.08154
0.393705
0.51939
1.6056
2.03821
1.20525
1.3313
2.73256
1.29555
0.324212
0.841922
0.993331
0.169088
0.653183
0.608007
1.23674
0.296259
0.537344
0.706626
1.24974
0.320858
1.08571
0.494887
0.821027
0.464064
0.453564
0.914259
0.689746
1.53502
0.218102
0.966991
0.944064
2.18311
0.348031
0.164733
0.81394
0.146546
1.16403
0.324388
0.573044
0.697067
1.70696
0.937245
0.943332
0.514254
1.42882
0.387897
0.457521
0.798747
0.562733
0.217364
1.09239
1.10766
0.781114
0.46656
1.02829
1.2135
0.268745
0.4094
2.02223
0.59134
0.747953
1.30367
0.900952
0.661983
1.15232
0.146894
1.09548
0.518163
1.02313
1.28113
0.0540984
0.507419
0.614999
0.481872
1.5899
1.08394
0.124646
0.896924
0.359622
0.392442
0.150808
2.27872
1.04166
0.326455
0.484846
2.19527
0.470056
1.05437
0.0420163
1.69025
0.908141
2.23871
2.25025
0.475023
0.447137
1.71301
1.28963
1.6695
0.613188
0.364943
1.25746
0.298348
1.10282
0.165496
0.56475
0.967778
1.74737
1.67036
1.24925
0.3019
0.567204
2.08631
0.770289
0.885513
0.476641
0.991627
0.211472
0.954434
0.553714
0.452021
0.270763
1.82591
0.462133
0.832406
0.16743
0.459647
0.614568
0.231085
0.529796
0.210466
0.422627
1.329
0.401994
1.8914
0.506702
1.30647
1.0268
0.16201
0.735238
0.260399
0.503949
0.956616
0.161288
0.63445
1.55414
2.27846
3.16028
1.10259
0.195232
0.92179
0.7932
0.146292
0.912995
0.437409
1.42337
0.784917
1.24126
0.695577
1.174
0.357386
0.371703
1.48085
0.711118
0.792042
0.837177
0.715444
1.10644
0.738974
1.40939
0.375533
0.638104
0.394721
0.463812
0.997077
0.752152
2.44879
0.240673
0.607788
0.636093
0.504752
0.57141
0.894645
1.45672
0.470047
0.596604
1.24554
0.489843
1.73657
0.0264633
1.21958
1.40672
2.10183
1.1315
0.772251
0.316744
0.823316
0.353866
1.38518
0.885318
0.801969
1.53091
1.7487
0.702829
0.492039
0.358385
2.10602
0.202723
1.50978
0.306193
0.907654
0.447154
0.891602
4.7654
1.03971
0.638704
0.536843
0.76363
0.874771
0.662634
0.478866
1.02639
1.6146
0.427517
1.18767
0.242606
0.889986
0.691733
0.295144
1.09857
0.663993
0.388189
0.636864
1.46181
1.00518
0.458308
0.865663
0.921913
1.56186
0.364921
0.679009
0.284047
0.37544
0.7409
1.42447
0.712156
0.419887
1.69303
0.220707
0.841509
0.0782063
0.750775
2.59645
0.156793
0.374737
1.991
0.668087
0.0828844
2.26758
1.36226
0.736391
2.77429
1.04073
1.06137
0.214852
0.798773
1.03595
1.09608
1.01664
0.316242
0.216874
2.54577
1.06696
1.91662
1.25709
0.962074
1.81171
0.71268
0.7145
1.37953
0.0592215
0.992246
0.443658
0.631159
1.19712
0.279474
1.94311
0.499199
1.02465
0.4555
0.289693
1.42272
0.260917
1.73391
0.437994
1.04597
1.25711
0.402807
1.4132
2.57596
0.283392
1.3045
1.00638
0.260023
1.30532
1.53092
0.766627
1.21247
0.624177
2.33474
0.341592
0.552556
0.0347885
1.38886
2.07834
0.398864
0.782954
0.277721
0.75684
0.418556
2.58548
0.977543
1.22835
3.06238
1.11811
1.57267
0.134562
0.605332
0.294705
0.899791
0.81648
1.10109
0.234744
0.454315
0.482417
1.36571
0.836309
0.608019
0.608073
0.534321
0.901473
0.581201
2.1965
0.756877
1.67516
1.19281
0.902297
0.691338
0.0667766
1.12221
0.792118
0.814026
0.663753
0.322674
1.82793
0.313264
2.11911
0.285995
0.876027
0.484703
1.48085
0.524032
1.70087
1.70072
1.05445
0.883842
0.874611
1.9611
1.12267
0.784019
1.57155
0.614741
1.4529
2.05945
2.74683
2.08526
0.418056
1.0079
0.40813
0.257529
0.654708
1.64183
0.523415
0.343366
0.660007
0.429274
1.10694
0.158112
1.43412
1.03478
0.779179
2.3296
2.29903
0.376472
1.64907
0.808346
0.255108
0.544604
0.490117
0.879941
0.419691
1.81375
1.51391
0.554816
1.35082
0.359263
0.803171
0.789112
0.966336
0.789956
1.09468
1.29191
0.11762
3.32272
1.08363
1.35938
0.885306
0.748887
0.502199
0.890978
0.35705
1.45825
0.401952
0.605058
0.816873
0.907347
0.74731
1.64856
0.874792
1.38891
1.36641
1.51647
1.57757
1.26125
0.35607
0.491476
1.62294
0.723462
1.30138
0.857693
2.39024
0.636373
0.217647
0.756536
0.363977
0.325037
0.438395
0.898247
2.20286
1.33452
0.491015
0.146746
1.60864
0.233484
0.565874
1.08798
2.43609
0.8039
0.927543
1.97375
2.09511
1.80377
0.256875
1.46273
0.449148
0.775839
1.76917
0.719679
0.768103
0.554522
1.01764
1.40336
2.0183
0.577896
0.981958
0.241661
0.20146
0.0583225
0.866746
1.18683
0.988936
3.14743
1.19711
1.91638
0.491832
0.799993
0.982826
0.44358
0.711571
0.316322
2.57507
0.822343
0.979116
0.465099
0.419314
0.593096
1.25128
0.165961
0.741258
0.434549
0.979157
0.928337
0.60947
0.252929
1.11792
0.694443
0.309807
2.48374
3.23239
2.01154
0.0573532
0.464066
2.30865
0.722187
0.89396
1.07186
0.873802
0.973313
0.105416
1.08147
1.31863
0.721236
0.0444266
0.580446
0.0827468
0.4789
1.3123
0.838823
1.85218
0.859397
0.488232
0.442133
1.80365
0.242562
0.787653
0.19564
1.30546
1.3438
0.407333
0.473041
0.488139
0.705585
0.562499
0.533663
1.20134
0.570614
2.21271
1.66598
2.01835
0.200667
0.535774
1.36331
0.375294
0.309695
1.66954
0.96511
2.30102
1.39746
0.680023
0.37643
1.07402
0.789816
1.02664
1.36636
1.77877
1.10424
1.4348
1.42556
2.00573
1.0691
0.575409
0.557223
0.616492
0.426533
1.65938
0.267921
0.449679
0.210673
0.420593
0.18298
0.346934
2.11502
0.704162
0.916204
1.39503
0.535262
0.796023
0.816647
0.55704
0.85739
0.445947
0.532507
0.262559
1.36097
0.468123
0.858295
0.0876485
0.717537
0.496191
0.391605
0.747683
0.719221
0.536214
2.01184
3.7358
0.420345
0.35381
2.37179
1.59327
0.839632
1.53287
0.74415
1.76048
2.26523
0.652139
1.37609
1.33817
0.550585
0.21433
2.66953
0.789656
0.890785
1.5365
0.292168
0.871514
0.916485
0.191211
0.104482
0.801603
0.81371
1.03013
2.12254
0.228813
1.09267
1.02871
0.89386
1.67868
0.458331
0.479183
1.29645
0.738103
0.414067
0.29371
0.952781
0.916384
0.334226
0.420626
0.72043
0.361294
1.13151
1.45181
1.85971
1.73878
1.40034
1.14576
1.4954
1.31394
0.19107
0.606062
2.27475
3.01425
1.98468
0.329841
1.58076
0.932108
0.112331
0.214397
0.651268
0.990916
1.01467
0.428563
1.23346
0.361248
3.77186
1.59672
1.14003
0.232363
0.188112
1.13341
0.464754
0.449105
0.927289
1.78837
0.509303
0.397054
1.26184
2.07452
0.322812
1.32585
1.3534
0.607961
1.06844
1.39055
1.54622
0.26734
2.19541
1.7716
1.06992
0.0827529
1.11715
0.994167
1.89958
0.793963
1.44388
0.560559
0.251802
0.969671
1.158
0.830657
0.413029
0.230964
1.44124
1.63405
1.39203
0.586074
1.19845
0.762329
0.344699
0.258208
1.24551
0.52976
0.805013
1.48835
2.38185
1.55612
1.06981
0.333693
0.665966
2.15632
1.07768
0.871539
0.956313
0.65666
2.62822
0.490482
1.76219
1.00826
0.788031
0.731878
1.57407
0.690638
0.623183
0.548963
0.71697
0.523091
1.10034
0.945689
0.573911
0.283697
1.84681
1.59894
0.8703
3.67769
0.903888
1.35425
0.384031
0.711724
0.322353
0.66472
1.02327
0.985715
1.63442
0.597587
1.1226
0.59611
1.79972
0.535014
0.946155
0.620968
0.928576
1.22531
0.340646
1.02457
0.430141
1.99689
2.06249
0.884654
0.505815
0.533831
2.45348
1.37992
0.654651
0.82756
1.03821
0.836793
0.386643
0.422913
0.714442
1.70359
1.0648
1.6725
1.45654
0.27483
0.783878
1.01308
0.374642
0.525449
1.1413
1.7404
0.349238
1.94446
1.53102
1.93668
0.66042
0.60073
0.806503
0.569882
0.317689
0.061667
0.400953
0.300391
0.56572
0.498275
0.892731
1.7728
0.738185
0.230626
0.721548
0.435085
1.52425
0.985904
0.215033
2.91496
1.38556
0.365568
1.43853
0.825925
0.8404
0.620989
0.562492
0.790167
0.718583
0.194361
1.52756
0.654345
0.175849
1.03114
0.460456
0.28082
1.19825
1.48926
0.301183
1.58797
0.539837
0.692725
1.03921
1.2585
0.322931
0.727507
1.09593
0.256911
0.950582
0.581854
0.680561
0.35196
0.787582
0.114487
2.02187
1.92297
1.3483
0.292886
0.820956
0.649409
1.60185
0.517443
0.732414
0.527947
0.358281
2.53031
2.1957
1.74441
0.693808
0.360699
1.05237
1.17868
0.856806
1.02032
0.171988
2.41472
1.01176
1.13425
1.10539
0.338739
0.240099
0.639431
1.01029
0.566235
1.02283
1.04926
0.243648
1.60207
0.776663
0.753839
0.098777
0.891419
0.943668
0.415239
0.325766
2.12749
1.08148
2.60212
1.46571
0.607122
0.131121
1.81882
0.50972
1.78075
0.391313
1.30919
1.56827
2.09379
0.667479
0.325662
0.767645
0.377698
1.00759
2.54485
0.637415
0.173482
0.934865
0.560976
0.231315
0.423229
1.16853
0.591992
1.22073
1.20818
1.32584
1.57868
0.65642
2.6629
0.931129
1.32676
0.573187
0.706102
1.83151
0.821958
0.689868
0.20481
0.723715
1.06004
2.31781
0.792806
0.647816
1.39848
0.193093
2.70658
2.6847
0.361814
0.982174
0.694578
0.734181
0.989734
0.268045
0.790999
1.28207
0.0654232
1.08349
1.00345
1.39105
1.35905
1.95133
0.418032
0.145096
1.94453
0.781973
1.39516
0.271356
0.255454
0.357472
1.36908
0.490947
0.30096
0.250964
0.464219
0.768706
0.207272
1.15162
1.6499
1.47671
1.17769
0.675047
0.820793
1.47865
0.555342
0.831167
1.6551
0.501938
1.5713
1.53109
0.617171
0.520839
1.74785
1.33436
0.317318
1.13622
0.418613
0.756507
1.41696
0.81595
0.674189
0.771417
1.08825
2.40837
0.817548
1.71488
0.328761
0.450912
2.40892
1.64081
1.51031
1.17531
1.23851
1.02048
0.865747
0.510116
0.441091
0.977347
2.07334
0.38839
1.78574
0.602809
1.39014
0.698034
1.50804
1.66068
0.396038
0.629638
0.873324
1.5103
0.764815
2.67231
0.964568
1.52353
0.752339
0.928755
0.765828
1.00251
0.135635
1.00778
1.49283
2.00678
2.69068
1.09981
0.584142
1.12076
0.676275
0.169778
0.348484
0.0677359
0.507082
0.506295
0.347768
0.524324
1.95969
0.780276
1.86629
0.0941825
0.347598
1.21569
0.662346
0.519496
0.503817
0.520744
0.1261
0.999549
1.0744
0.94644
0.409355
0.266385
0.886596
1.68789
0.697889
3.20204
0.134558
1.2816
1.07135
1.02594
0.913143
1.10347
1.37253
1.90215
0.643982
0.708776
0.470653
0.538432
0.654609
0.354136
0.513977
1.93809
0.174541
0.417534
0.395688
2.73792
2.54337
0.91825
0.133726
0.809733
2.00198
0.509048
0.149359
0.37228
0.362817
0.655144
2.42503
1.41287
2.44616
0.965248
2.51483
0.958265
1.18297
1.25894
0.881452
1.4965
0.96908
1.05123
1.01391
0.861822
0.620554
1.48029
2.08464
0.54301
0.314609
0.394293
0.228214
0.304583
0.340966
0.437141
0.747744
1.50595
0.81643
1.74924
0.999701
1.09849
0.713591
1.61415
1.26791
2.3293
2.38004
1.06444
0.220464
0.244041
1.35911
1.31391
0.0385647
1.70171
0.585414
0.650806
1.67156
0.717286
0.356689
2.40827
1.15975
2.07541
0.39772
0.59666
0.735212
1.63232
0.598094
0.79078
1.59528
0.192592
0.712773
0.501215
0.64595
1.41214
0.592114
4.46876
0.611698
2.08813
0.827659
0.300213
0.406807
0.359158
0.349979
0.614647
0.213116
0.332123
1.66539
1.03648
0.607661
1.05356
1.0487
0.477813
0.114531
0.850299
0.340744
0.294565
0.228194
0.709274
0.887509
0.529623
0.509502
0.92042
0.728985
1.31917
1.50197
0.792064
0.783273
0.787655
0.852473
0.563958
0.910917
1.18207
0.590681
1.34972
0.83742
0.466111
2.71371
1.52163
0.591287
0.350074
0.471524
0.607599
0.530004
0.600807
0.593332
0.954601
0.452687
0.748682
0.359233
0.663662
0.30944
0.196315
1.04286
0.841113
1.3665
0.483676
1.03118
0.256813
0.818653
0.683764
0.102522
1.65568
0.363491
0.796644
2.1928
0.544829
0.413518
2.26261
1.91956
1.65233
1.70283
2.1438
1.44324
0.205516
0.334396
0.719535
1.30831
1.61074
0.405525
1.49606
2.04551
0.819932
1.49945
1.88143
0.550901
1.26133
2.04902
1.63242
1.13599
0.258597
0.411742
0.4196
1.07687
0.33311
0.885371
0.485739
0.564123
1.56997
0.660851
0.909814
1.16365
1.0983
0.383655
0.423549
0.972744
0.233966
0.86688
0.242845
0.910126
1.87866
0.815056
1.18934
0.457898
0.798593
2.51953
0.422936
0.51088
2.15925
0.850862
0.97506
2.80703
1.05483
2.79842
0.738859
0.481599
1.52629
0.564569
0.712109
0.0198467
0.852597
0.432299
1.69119
0.50958
0.947481
2.22255
0.758849
0.888437
1.50528
0.950805
0.206516
1.56757
1.79411
1.35344
0.540286
3.43207
1.00158
1.99791
0.872064
0.606654
1.37808
0.67061
0.953445
1.30095
0.950705
0.982382
0.110549
0.855869
0.452312
0.888854
0.916013
0.530974
1.08963
1.42325
0.586157
1.7276
0.579185
0.262601
1.75857
0.365539
1.67747
0.827589
0.963953
0.252212
1.61175
2.11168
0.134698
1.0825
1.01143
0.227209
0.419077
1.16849
1.34991
1.98206
0.313413
0.4058
2.70329
0.332973
1.61821
2.61903
0.644843
1.25282
0.871677
0.96986
1.26504
1.15722
1.00874
1.27953
1.26812
0.607793
0.546149
1.41234
3.32975
1.54099
0.681392
0.440675
0.348534
0.914814
0.576137
0.786915
0.509001
1.96116
1.46797
1.94548
2.0979
1.5477
0.67434
2.54305
1.25308
0.804222
1.40175
1.13757
0.283383
0.349411
1.30454
0.958143
1.44097
0.392106
0.400178
0.194273
0.238178
0.843881
0.791724
2.23431
0.805642
1.78572
0.496054
0.717313
0.889615
0.196686
1.50726
1.07877
0.985822
0.492239
1.50605
1.34121
1.61794
0.672519
1.06482
0.346016
0.428337
2.33759
0.440592
2.04905
1.65722
1.58103
1.53206
1.69894
2.03733
1.40612
0.673851
0.831824
1.33638
0.850598
0.260355
0.368535
0.99383
0.705749
1.06097
0.451337
0.127911
0.341269
1.08845
1.43272
1.65091
0.217043
1.22812
3.18673
0.792577
1.38648
0.336391
2.30423
0.33561
0.86162
0.366708
2.33575
0.391
3.43519
2.48943
1.19447
0.861224
0.911014
0.13526
0.700256
1.28466
1.07404
0.248898
0.339361
0.620911
0.931711
0.377253
1.68563
0.11169
1.10478
1.38745
2.32005
0.799947
3.00292
0.450746
1.66581
2.59298
0.160614
0.329291
2.38506
1.34132
1.03989
0.164847
0.225361
1.12832
2.2413
1.19409
0.711243
0.285915
2.55241
0.828098
0.63607
0.851003
0.881928
0.297904
0.473333
0.399746
0.201086
1.48395
0.71004
1.23133
0.927693
0.758286
1.20762
0.66203
1.86835
0.795188
0.143063
0.734732
1.41099
0.829452
1.18633
1.84934
0.17945
0.269529
0.0743144
0.260302
0.36782
1.48302
0.258422
1.85966
0.616291
0.582572
0.892482
3.25698
0.779615
1.62634
0.346519
1.32867
3.03531
0.929997
0.37249
1.93045
1.00243
0.0903029
0.564707
0.609213
0.375507
1.27725
0.333513
0.690855
1.50546
0.892334
0.726005
0.660156
0.615846
0.771309
1.85711
1.34088
0.558047
0.437422
1.22784
1.30464
1.25915
1.28456
0.594428
0.756009
0.361232
1.17581
0.841234
2.33851
0.503743
0.47848
2.37934
1.50627
2.01516
1.06162
0.628809
0.150387
0.395452
0.757974
1.83982
0.793086
0.773362
0.940274
0.943775
0.719145
0.543673
0.960129
0.86954
0.68496
0.818304
1.36806
1.38654
0.558338
1.23588
1.10393
0.89356
0.253429
0.369395
0.519637
2.32784
0.868949
3.92063
1.21423
0.164795
1.87305
0.948524
1.72235
0.355166
1.80432
1.00095
1.1269
0.461879
0.870854
0.697701
1.29154
0.502091
2.05659
0.731125
1.16449
0.518418
0.765026
2.45407
0.606805
0.817216
0.473012
0.586977
0.387444
0.282723
1.8043
0.416604
0.189347
2.20267
0.368238
0.66163
0.768163
0.493533
0.974146
1.61709
0.573697
0.0308978
2.77849
0.860313
0.498684
2.07068
1.46471
0.415929
1.74617
2.04039
1.36418
0.58915
0.478133
0.772657
1.21311
0.743924
0.793401
1.57219
2.76139
2.13806
0.76467
0.923509
0.364114
1.54925
1.38312
1.29698
0.686316
0.212256
0.573748
0.29766
0.425578
0.420883
1.69591
1.42319
0.72428
1.26382
0.58009
0.489322
0.392504
0.386162
1.80921
0.495659
0.688858
0.597093
0.272258
3.13176
0.342357
0.123436
0.214636
0.304701
0.9415
0.679548
3.50191
0.776357
2.38061
0.374625
0.655912
1.42017
1.26057
0.247382
0.202734
1.42447
0.354412
0.575293
0.588336
0.408147
0.575473
0.71997
0.966358
0.15268
0.839066
1.18626
0.695897
0.428828
1.43149
0.616406
1.33308
0.774886
1.13509
0.763193
1.16181
1.10463
0.203159
0.603493
1.44222
0.640798
1.70196
0.248339
0.291668
0.523541
0.847871
0.236287
0.720631
0.756424
0.279167
1.3846
1.56988
2.46649
0.63572
0.529657
0.863184
0.483936
1.34252
0.244273
0.783164
0.279681
2.04372
1.73083
1.42898
1.89801
0.585063
4.7829
1.15176
0.262481
1.56896
0.31606
0.312479
2.62347
1.03183
0.0177885
0.639341
0.245628
0.390698
0.504964
1.23819
0.681482
0.225517
0.24711
0.720425
1.19154
1.04037
0.443568
0.811027
0.69917
0.792775
3.20053
0.204006
1.69154
1.70745
3.1344
3.15506
0.107542
0.86218
1.21838
0.518903
0.656674
0.547112
3.201
0.315549
0.303869
0.914946
2.31083
0.439258
0.093673
0.467032
1.24708
0.735854
0.324767
0.382364
0.786254
0.648296
0.288763
1.16917
0.893421
0.584669
0.779629
0.795503
2.02059
1.17222
0.339547
0.402576
0.260262
2.22481
0.800466
0.629688
0.571198
1.73681
0.762736
0.993282
0.838164
0.342325
0.641466
1.13768
0.797453
1.20092
1.64669
0.764907
1.10475
0.985844
1.13357
0.571605
0.891658
1.97454
1.12366
0.416117
1.1471
0.604339
2.5475
0.699825
0.431013
0.0825841
1.50453
0.497748
0.900454
0.497054
0.232451
0.395712
1.44697
0.396372
0.502983
1.31272
1.04795
1.22606
0.924825
0.791466
2.01565
2.71113
0.426325
0.173675
0.551243
0.523467
1.5519
1.12427
0.875939
0.622891
1.68029
0.599841
0.61308
1.36866
1.1501
1.08613
1.6138
0.582228
0.513401
0.425792
0.140666
0.0534385
2.16278
0.538444
1.13752
0.866707
0.465007
0.974064
0.924588
1.83696
0.073987
0.947668
0.404321
0.390297
0.519648
1.02661
2.58656
0.275908
1.16062
0.176691
4.96923
0.277082
0.953025
1.01247
1.13383
0.793067
0.961825
0.913908
1.46153
0.381778
1.39952
1.40278
0.717339
1.21474
1.36495
1.36715
0.20258
1.77304
0.446866
0.730228
0.643575
0.835747
0.245794
0.954852
0.230473
1.09372
1.25912
0.794449
1.20343
0.998485
1.05895
1.09976
0.796072
1.1729
0.455924
0.63944
1.97694
2.66494
0.409057
0.821676
0.896964
1.59799
1.19045
0.262939
1.3855
0.188265
0.69023
0.189885
1.09769
0.542423
1.17018
1.94068
3.13491
2.30831
1.17977
0.942911
1.50469
0.271216
0.316179
0.437788
0.374074
0.710391
1.79518
1.41225
1.36371
0.742299
1.19844
0.314365
0.377188
1.08381
3.12127
0.743438
0.920745
2.09917
0.832488
1.19202
1.268
0.767061
0.685125
0.221433
0.548195
0.187967
1.39655
0.967909
0.66699
1.51901
0.560202
1.13543
0.0608593
0.75382
0.141305
2.04352
1.62482
0.602685
1.11656
2.90429
2.2888
0.373951
0.770564
0.838541
0.752707
2.1111
0.504607
0.885053
0.660582
1.60695
2.58929
2.38101
0.716369
0.374947
1.62719
0.46636
0.231071
1.41629
0.308446
0.873982
1.10635
0.212133
2.13554
0.796436
0.204105
2.10917
0.632625
2.36112
1.37452
1.08138
0.884984
1.27864
2.45797
0.421432
0.438095
0.710946
1.69797
0.202702
0.572827
0.588836
0.0750571
0.272084
2.38581
0.812514
1.1179
0.759807
1.82721
1.5446
1.29088
0.631148
0.392026
2.27658
0.315809
0.275286
0.860149
0.830364
0.822096
0.958136
0.578502
0.599071
0.410528
0.0728546
0.571258
1.90453
0.256651
0.877107
1.68565
0.876828
0.39925
1.61142
0.576216
1.90905
0.0578136
0.674932
0.660244
1.22144
0.174092
0.817857
1.23328
2.37349
0.25489
1.07953
0.977171
1.50331
0.286903
0.431862
0.687902
0.549574
0.596344
1.42551
0.298218
0.255626
0.792973
0.429118
1.67082
0.312137
0.490012
1.621
0.804586
0.318026
0.656754
0.521336
0.828487
2.54859
0.486091
0.248363
1.09483
1.35013
1.35434
1.51752
2.02832
0.774099
0.248245
0.315067
0.697616
0.872186
1.24234
0.281444
0.68135
0.070132
1.32832
0.559107
2.2779
0.976964
2.47338
0.660944
0.98833
0.626255
0.199575
0.50941
0.827735
1.28983
0.493529
1.36998
1.52547
0.803412
0.0313223
1.0503
1.28472
1.68826
0.510852
0.738853
0.468337
1.06628
0.878395
0.742959
0.113399
0.624675
0.152791
0.488004
0.776253
0.261708
1.12962
0.0972773
0.914881
0.804441
2.11997
0.194194
0.841597
0.845233
1.79124
2.67278
0.652288
2.53024
0.428889
0.393971
2.22496
0.972465
1.89215
0.583067
1.05611
0.568064
0.339024
0.726542
0.820156
0.431191
1.37749
1.183
0.954497
2.84716
1.07763
1.71949
1.4104
1.03392
1.52019
0.652002
1.30852
0.256654
0.926979
0.38129
0.583135
1.02035
1.50443
0.815286
0.302281
0.533344
0.935556
2.74187
0.340129
0.682622
1.15843
1.44989
0.489431
0.188083
1.27723
0.715851
1.57913
1.02036
0.74542
0.482868
2.19199
1.32514
0.389697
2.43487
0.510688
1.07988
0.700513
1.20782
1.34551
0.332933
0.493859
0.56195
0.955574
0.449649
0.777644
0.556447
1.36407
0.600134
0.835354
0.59885
1.26341
1.28352
0.484417
0.884866
0.689133
1.165
0.433651
0.281024
1.13867
2.36524
0.757165
1.67665
0.561945
1.28572
0.193717
1.72572
0.811311
0.472534
0.551696
0.65062
0.320634
1.48198
1.15058
0.764371
0.508655
0.84991
0.176315
0.819165
0.233885
0.673663
1.41511
0.187689
0.434136
2.07656
1.0956
0.422961
0.144164
1.21994
0.987854
1.14705
0.778973
0.461253
0.135778
1.86618
0.45405
0.634769
3.08033
0.746337
0.508898
0.682693
0.0599368
1.16479
2.41732
0.190651
1.03697
0.971866
0.301688
1.39945
0.927132
0.624275
1.5201
0.689527
0.412966
0.410808
0.56881
0.600321
2.87118
2.71104
0.866835
1.37018
0.937569
0.834013
1.16681
0.18234
0.84828
0.822803
0.249943
0.828422
3.27491
0.482656
0.221345
1.90574
0.219966
1.63997
1.61502
1.00732
1.87985
1.51645
0.383074
0.412346
0.46518
2.8395
1.00415
0.577421
0.353226
0.423633
1.99995
0.351921
0.895224
0.131103
0.634388
0.931691
1.5355
1.07645
0.325877
1.1134
0.439688
0.821622
0.446053
0.143562
0.653086
0.5609
2.22976
0.145676
0.512538
0.724928
0.177843
0.352535
0.360458
0.307305
1.40835
2.03563
1.19457
0.440137
1.44439
0.107796
1.07771
0.104578
0.705363
0.524767
0.510314
2.08259
0.105837
1.31392
1.03264
0.923369
0.209145
1.62162
0.607615
0.913858
3.82731
0.530551
1.73244
1.91994
0.752351
0.482457
0.196721
1.50213
0.153651
0.433957
1.63163
0.996091
1.81887
0.267647
1.1026
0.48431
0.418491
1.00552
0.790533
2.07046
0.378111
1.15268
0.131444
1.374
1.15349
1.61934
1.14405
0.537381
0.671551
2.01858
1.30295
1.37157
0.335603
0.621726
2.04185
0.378538
0.162788
0.543813
1.36181
0.79252
0.487467
0.43066
0.618473
0.671451
1.26044
1.76396
2.77927
0.643873
1.25556
1.3771
1.50027
1.68654
0.351555
0.526191
1.55566
1.0815
0.626986
0.830497
1.68065
0.679702
1.27598
3.09108
0.232866
1.0111
0.960925
0.872476
0.585595
1.31407
0.997949
0.927019
0.863928
0.473488
0.873235
0.916581
1.08125
0.258244
1.05084
0.397803
2.4055
0.926918
0.375234
0.63967
0.48553
0.454227
0.246224
1.18959
0.956544
1.40786
1.08904
0.431792
0.373003
1.63802
0.206094
0.339824
0.961469
1.07251
0.255261
1.56727
0.781777
1.14264
0.541084
1.24767
1.90374
0.51513
0.257206
0.840678
0.757515
0.100816
1.5146
0.857646
1.6449
0.623142
3.08508
0.270579
1.3055
1.83566
0.157963
0.515245
2.61992
0.486808
1.32343
1.07469
0.137579
1.8544
0.189429
3.69299
1.51263
1.13151
1.66872
0.692851
0.470655
1.11496
0.76275
0.537968
1.7106
0.282971
0.517183
0.724848
0.956948
1.75284
0.481798
0.555793
0.78131
0.669326
1.69862
0.731181
0.177081
1.30422
0.816871
3.2695
0.891262
3.12671
0.0781017
0.97507
1.18212
0.757229
0.470397
0.786799
3.62386
0.400656
0.820412
0.826952
0.875166
1.3305
1.36632
1.75058
0.616416
1.44038
0.447596
2.87273
1.27255
2.6634
1.79365
0.927547
0.0760152
2.00656
1.12634
0.562196
1.57226
0.819486
0.249747
1.29046
1.03873
0.410191
1.12396
0.354278
0.30643
0.972983
2.17514
1.84233
0.627475
0.688176
0.610644
0.367476
1.60674
0.98034
0.74214
2.07376
0.703712
0.33126
0.861974
1.08077
0.133063
0.983903
0.660188
1.16895
0.458374
1.18794
0.649975
1.12027
1.58285
0.449803
1.26955
0.953158
3.47639
1.17793
0.762017
0.847121
0.14085
1.019
1.14545
0.716018
1.1271
0.669161
1.35547
1.58844
1.42366
0.407677
0.194262
0.291713
1.11211
0.967601
1.47976
0.617719
0.642544
2.82908
0.369524
1.7055
0.278237
0.535489
0.267973
0.370769
0.562111
1.30934
1.06273
0.456333
2.66099
1.46664
0.289998
2.09273
0.642544
0.327069
0.413201
0.839784
0.967639
0.948818
0.256355
1.24593
0.465845
0.663518
0.645495
1.13861
0.770698
0.526153
0.540401
0.281999
0.60613
0.823823
0.120822
0.81509
0.692277
1.79942
0.885299
0.787719
0.36944
1.05414
0.211335
1.67879
1.05405
0.689937
1.61381
2.1306
0.9546
1.05998
0.444394
0.971457
0.770461
0.678803
0.983465
1.10468
1.22544
1.34019
0.490034
1.93755
1.74037
0.704985
0.381806
0.498391
0.585142
2.5617
2.87856
0.357527
1.02211
2.215
1.63188
0.611317
2.0459
1.38521
0.49877
0.123236
1.51132
1.31024
0.591276
1.35011
0.511935
1.67427
1.6777
1.46381
1.13738
0.735243
1.78113
1.20359
0.583979
0.893756
0.903131
1.68999
0.6947
2.45633
2.90691
0.996624
1.93996
2.00829
1.74713
0.867752
2.95572
0.203864
0.883599
1.22223
0.0597969
1.73803
0.768441
1.59026
0.814918
0.761811
0.876611
0.868509
0.175449
1.01107
2.67997
0.986875
1.42138
0.769068
2.06761
1.41544
0.404256
2.476
1.10832
0.0719251
0.25406
0.975595
0.911005
1.82537
0.945079
0.673218
0.737859
1.80286
1.80129
0.558985
0.961573
0.239106
1.17611
0.874128
0.397852
0.218772
1.42837
0.794731
0.42757
0.919153
1.09434
1.85269
1.16642
0.619086
1.58253
0.775678
2.04221
0.221881
0.244952
0.0836133
0.615166
0.943781
0.711302
0.755097
0.30042
1.99306
0.774598
0.302624
0.514392
1.78229
1.04374
0.142022
0.977313
0.366777
1.53878
1.619
1.14674
1.18166
1.05862
0.0373409
1.19694
0.862035
1.0727
0.903685
3.00068
2.17307
0.391111
2.0577
0.371558
0.458568
1.17034
0.448525
0.181264
1.47043
1.47615
1.03568
1.83412
0.836951
0.772605
1.48076
0.874969
0.831051
0.407514
0.621325
0.258461
0.415649
1.9969
2.32006
0.262732
1.28026
0.401309
0.34405
0.0714486
0.319287
0.258797
0.54137
0.744086
0.412226
1.05462
0.128816
0.976904
3.34702
0.0500163
0.159862
1.09544
1.79784
0.600705
2.46249
1.62665
0.216858
0.37493
0.781824
0.105207
0.374522
0.843314
1.47069
1.18945
1.9235
0.377509
1.9714
0.544792
1.78116
0.805934
0.45018
0.696117
1.90043
0.323059
3.71287
0.339303
0.304153
0.818808
1.41503
0.0525436
0.409938
0.657026
0.417363
2.87013
0.968278
0.671617
0.474898
1.59003
0.197381
0.0214864
1.65071
0.26453
0.882086
1.70857
1.8327
0.738431
1.57326
0.530898
2.26731
1.69182
0.762653
0.460981
0.507191
0.34721
0.559762
0.662118
0.586622
1.40465
0.744045
0.720194
1.568
0.316559
0.810972
0.903761
0.724981
1.6474
1.85899
0.503072
0.579085
0.992255
0.737646
2.3679
0.164601
0.827977
0.183147
0.799327
1.03835
0.222376
4.01029
1.11876
0.829571
1.21463
1.72351
1.7347
0.62501
0.467022
2.71078
0.427689
0.963198
0.426
1.66508
0.358239
0.520366
1.44231
1.49374
2.46425
1.75798
0.650544
2.22395
0.709848
0.18964
0.942592
0.440171
0.558514
0.546743
0.224296
0.736323
0.421935
2.65092
1.62357
1.31998
1.5524
0.317082
1.61791
1.17144
0.41243
1.74314
3.17437
0.453731
0.664366
1.00664
0.89532
1.17873
1.16349
0.48783
0.0295125
1.82512
0.876397
0.659223
0.837949
1.95965
0.681513
1.97831
0.4855
0.884462
0.256091
0.928349
1.83442
0.792626
0.755462
0.112027
1.02984
1.14562
1.05646
0.74675
0.623095
0.3248
0.406464
0.463778
0.215509
0.929332
1.26154
0.301522
0.632289
0.21006
1.4147
1.25289
0.661979
0.177019
0.675034
0.845794
0.380007
2.42424
0.428538
0.700622
0.812349
0.713866
0.555602
1.77019
1.01481
0.329447
0.23896
1.31642
1.69741
0.748751
2.0315
2.19387
1.66127
0.147898
0.950604
0.478321
1.09432
0.275431
1.2352
0.994449
1.14365
0.724066
0.312526
2.19893
0.562638
0.699033
0.251922
1.19658
0.818394
1.11962
1.20026
0.583806
0.162606
0.880306
0.337848
1.18749
1.87697
1.52017
1.07778
0.294232
0.90052
0.440554
0.0244406
1.54149
0.412352
1.30519
1.1791
0.167884
0.762269
0.572905
1.40382
0.49544
1.93328
0.0935931
0.146287
2.33926
2.36491
1.89971
0.367959
1.04189
0.456691
0.890646
0.188573
1.25792
1.12222
1.95596
1.47687
0.305274
0.673571
0.72804
0.718302
0.470953
1.13132
0.725495
1.95533
0.651804
0.476458
0.42376
2.60706
0.903957
1.45227
0.122544
1.16018
0.321975
1.12991
0.445901
0.698809
0.612568
0.973134
1.98785
1.5246
0.689038
0.306512
0.310005
0.717009
0.0926908
0.306003
1.54132
0.867612
1.55649
0.427185
0.675947
0.944854
1.10465
1.04257
0.47535
1.11145
0.887291
1.07953
0.583689
1.76593
0.68076
0.711106
0.329618
1.74726
1.33781
0.482103
1.17279
1.17129
0.826501
2.05273
1.10488
0.242266
0.420417
0.795397
0.229462
1.85519
1.35019
1.65328
1.83597
0.270216
1.41889
0.02476
0.483048
0.464238
1.54046
1.01322
0.962225
0.3701
0.505003
1.39834
0.777608
2.04959
0.510446
1.47596
0.123127
0.278415
0.330566
4.31953
1.5652
1.00177
0.210649
0.50956
1.2976
0.648044
2.31971
0.156917
0.835494
2.52425
0.120245
1.1149
0.334797
2.60685
0.385585
1.80513
0.702583
0.938689
0.54643
0.817654
0.498074
1.51393
0.412051
0.793495
0.593724
0.962615
0.335321
1.47191
0.495778
1.19139
1.85024
1.75514
0.846384
1.11855
0.611669
0.92976
0.695878
2.5882
2.12276
0.477921
0.672235
1.37257
0.754365
1.59122
0.430231
0.419449
0.885236
0.464704
0.529829
0.680399
0.521692
2.14419
0.395694
1.27935
0.703284
0.586847
0.383293
0.350563
1.56413
0.715968
2.51625
0.645255
1.50586
0.794838
0.453794
0.620522
0.522163
1.47274
1.62464
1.17877
0.535835
1.0412
1.54267
0.7291
0.166523
0.93032
0.970006
0.179099
0.965654
0.691029
0.0149342
0.45161
0.634522
1.4737
0.456473
0.89419
2.8754
0.195803
1.39323
0.759975
1.43
0.485732
0.0303486
0.500575
0.211267
0.227587
0.434931
0.641474
0.0511954
1.42522
0.851404
1.02394
1.77229
0.086325
2.1042
2.70743
0.635658
1.21197
1.62957
0.431948
1.16083
1.41
1.48237
0.969456
1.00299
1.81513
0.617601
0.619939
1.40207
1.27414
0.180981
1.13979
1.18616
3.04728
1.23956
1.4207
0.44926
2.22078
1.29194
2.0518
1.33314
1.23744
0.624889
2.20302
3.18833
1.51114
0.559333
0.498917
0.404572
0.800621
1.46619
0.262384
0.530516
0.983546
0.438928
0.353685
0.367307
0.811212
1.43259
0.356115
1.02701
1.03285
2.06753
0.360822
1.16683
0.312739
2.76644
0.291685
0.784945
1.24486
2.34855
1.39549
0.463328
1.85712
0.315935
1.56986
1.6161
0.555508
0.524814
0.195998
2.34819
0.772469
0.368116
0.857282
0.312456
0.173255
0.873748
1.4699
0.365914
1.24139
1.92913
1.14136
0.809605
0.262158
0.328882
0.948572
0.0610058
0.867779
1.0108
1.04972
1.77381
0.510418
1.23977
4.3147
2.09629
1.64553
1.91337
1.06451
0.611848
1.00066
0.871329
1.1576
0.550115
0.180095
1.04304
4.99956
1.36856
0.777012
1.99678
2.24775
1.64621
1.47954
3.6404
1.2139
0.397247
1.23634
0.515519
1.33332
0.956625
2.17047
0.950724
0.29849
0.729079
1.15759
2.00466
1.19486
0.550374
0.47384
0.258005
0.214423
0.15987
0.111656
1.32367
1.09349
1.04117
0.57795
1.27448
3.23799
0.677464
0.788683
0.656006
0.581311
0.311102
0.78316
0.521998
3.58379
1.74306
1.5398
1.58796
1.29358
0.835482
0.59092
0.629721
0.715888
1.65634
0.38802
0.507745
0.648524
1.62045
1.04694
0.532635
0.951929
2.26347
2.61582
0.46286
0.263123
0.657543
0.244838
2.3929
1.00857
0.554559
1.2905
0.253948
1.01559
1.1578
1.64372
1.32283
0.693059
0.659512
1.70658
0.981346
0.408573
1.29256
0.113294
1.29509
0.368039
0.894116
0.395053
0.589272
2.32175
0.268493
0.269323
0.290727
2.04477
0.205391
0.539774
0.388613
2.0283
2.03268
1.74164
0.313694
0.382315
1.6638
1.19876
0.579356
0.885827
0.655359
1.99917
2.63155
0.614069
0.347299
1.43885
1.05912
2.86997
1.42969
0.20344
1.21947
0.1808
0.760498
0.117613
2.09779
1.14703
0.155321
2.54841
1.23551
0.408888
2.23035
1.553
0.729086
1.49186
1.98839
1.25821
1.08961
0.625199
0.258262
0.355221
1.34746
0.808138
0.801506
1.10562
0.386381
0.994844
0.753531
3.24429
0.0447217
1.12543
0.402047
0.515975
0.599493
0.433778
0.500082
0.0414083
0.330789
1.02152
0.458378
0.593919
0.802002
1.90158
0.151975
0.730882
0.986082
0.719056
0.271856
0.739856
0.376945
0.620964
0.549456
0.568799
0.430722
0.281971
0.552482
0.270393
0.379461
0.679978
2.55606
0.571202
1.69211
0.585306
0.209268
0.560103
1.58223
0.993751
1.33434
0.732188
1.9533
1.23221
0.695849
2.85356
0.430248
1.33763
0.564268
0.667486
0.380361
0.416533
1.47058
0.261056
1.65218
0.265411
2.54846
0.477285
0.810866
1.47787
1.05244
0.690235
0.647929
0.430093
2.24945
3.22072
0.922819
0.565555
1.66562
0.212012
0.57604
0.254554
0.667256
1.18939
3.20828
0.543082
1.60298
0.938304
0.639651
0.398894
0.27751
0.394473
1.8838
1.09056
0.973544
0.497085
0.61207
0.580648
2.33518
0.810934
0.378905
1.00525
0.383581
1.32455
0.248966
0.56851
0.63471
0.33412
0.809499
1.77072
1.19642
0.769255
1.46272
0.613114
1.00348
3.10235
1.52375
3.381
0.954821
0.413
1.70038
0.45812
0.0425423
1.88415
1.12616
0.151293
0.321941
1.62246
0.875042
0.56418
0.788631
0.557489
1.55127
1.24583
0.0310491
1.11787
0.367297
0.253066
2.66718
1.00408
0.490044
0.73324
0.994184
1.75287
0.740672
0.889274
0.862036
1.45065
0.703188
0.380572
0.379212
0.43116
0.938677
1.04428
0.818503
0.704694
0.691712
1.73955
0.982421
0.760559
2.0122
0.518359
0.388293
0.269974
0.258655
0.948496
0.907809
0.618009
0.999853
1.72164
0.886552
1.39068
0.667078
1.40172
1.2275
2.31375
0.679745
1.43161
1.69436
1.22896
0.367091
0.815499
1.62426
0.917059
0.980391
0.0188037
1.08116
2.22355
0.330299
0.218396
0.840103
1.35464
0.840295
0.0819626
1.17832
0.271567
0.731999
0.904734
0.49348
0.567098
2.55099
0.362503
0.679226
0.430608
2.43812
0.434257
0.297124
0.717961
1.75297
1.15767
1.17118
0.838028
0.219361
0.299436
0.772144
1.82286
0.454886
1.77098
2.13548
0.452778
1.81277
0.943952
0.369189
0.730499
0.176245
3.87265
0.0805419
0.0879947
0.640179
1.20506
0.775048
0.772393
2.44714
1.1774
0.749398
0.683029
0.581216
0.238627
1.15839
1.03468
0.260034
0.795415
0.388906
3.08335
0.293674
0.743322
0.556639
1.08616
0.297167
2.08157
0.461595
2.17427
0.227968
1.57482
0.643932
0.206973
0.441351
0.629798
0.883132
0.943535
0.731126
0.98856
1.00821
0.0801745
0.900739
0.671131
0.149495
0.920259
0.632563
0.320533
0.85896
0.43159
0.394554
0.291483
0.0714057
0.081844
1.03132
0.471023
0.212285
0.923297
1.27211
0.742329
2.64371
1.06292
0.70339
1.38493
0.570712
2.013
2.64151
1.1902
0.390888
1.21294
1.53755
1.79145
0.385105
0.839502
1.53469
1.31113
0.830523
0.929783
3.21418
1.27434
0.183683
1.58897
2.19762
1.23947
0.500511
0.593322
0.884134
3.30615
3.06934
1.0304
1.85657
0.626938
0.832128
0.353746
0.909882
1.04805
1.13764
0.477593
0.191869
3.29849
4.63133
0.650613
0.353543
1.9515
0.576502
0.24661
1.82363
2.2066
0.620796
1.08909
1.49087
1.60626
0.39697
1.37226
0.386739
0.824344
1.11188
0.86883
1.35601
1.77726
0.6016
0.130297
0.309849
1.77711
0.812236
0.575738
1.11418
0.488472
0.784148
1.39632
1.35874
0.748004
0.0689758
0.529928
0.105899
1.27917
1.79398
1.55623
0.891638
0.739035
0.494344
2.66073
4.63248
1.21088
1.02761
2.9989
0.793976
1.76372
0.525032
1.13642
0.974478
1.74136
0.662661
0.82228
0.556138
0.489266
0.681169
1.23532
0.175515
0.154973
0.53518
1.16624
0.200049
0.906295
0.287835
1.22695
0.780385
0.843477
0.693534
1.04073
1.31982
1.31889
0.975609
1.04245
1.25102
1.12856
0.827095
0.973606
1.01296
0.606763
1.95276
2.24936
1.48252
0.610403
0.182552
2.13616
0.17646
0.0437927
1.37604
0.934158
1.14795
0.34361
1.08794
0.67902
0.716253
0.634794
0.368638
1.61368
0.200407
0.788406
0.976413
1.04068
0.255783
0.181359
0.955185
0.657849
1.38675
0.404318
1.11455
1.33485
0.797047
0.631351
2.3311
0.110328
0.296059
0.806328
0.943179
0.356843
1.83218
0.934799
1.16809
0.52001
0.262751
0.527679
0.121126
0.664034
1.55751
0.967043
0.909099
1.12412
1.25264
1.14818
0.570518
0.360249
0.564153
2.06017
1.74915
1.37572
0.748422
1.01693
1.33901
0.655317
0.393761
1.25356
1.01325
1.09816
0.613489
0.420596
2.18372
1.50974
0.595906
1.16641
0.518469
1.19729
1.24576
0.549923
1.40595
0.562827
0.966998
0.533972
0.605381
0.550588
0.394288
0.481611
1.95784
0.198384
0.993698
0.945699
2.30033
3.03223
0.944421
0.338295
0.580138
2.11213
0.239808
0.603637
0.746788
0.709221
1.32194
1.8237
0.562969
0.745101
1.16432
1.68617
0.226568
0.342041
0.36864
2.45001
0.547776
2.79854
0.901572
1.16326
1.00817
0.132503
0.512529
3.31713
1.45303
0.78574
1.01496
0.794872
0.726035
0.848268
0.740074
1.23223
1.0395
1.52585
0.998948
0.63802
0.27316
0.198291
0.338296
1.34627
0.709108
1.38799
0.534208
0.373628
0.298481
1.11489
0.435095
1.59819
2.93666
1.24701
0.298196
1.1674
0.471959
0.221867
1.66043
0.0812095
0.196514
1.4015
0.232913
1.06828
1.84781
0.476002
1.17532
1.5295
0.604632
1.21844
2.29559
2.65791
0.393281
2.08949
1.16376
1.30976
0.92814
0.508747
1.20677
0.75917
1.02511
1.09621
1.77197
0.18512
2.27622
0.398485
0.756769
1.11974
0.61133
0.593421
1.26317
0.722753
1.40911
1.78295
0.826808
0.419778
0.408098
1.25513
0.396903
2.27881
0.405003
1.34676
0.857839
1.0512
1.50694
1.04891
0.654596
0.800969
0.541558
1.67584
1.51419
0.878408
0.572888
1.45567
0.90642
1.27325
1.85931
1.61924
0.970904
0.291369
0.64857
0.641431
1.00849
1.08951
1.29209
0.301439
0.904157
1.79629
0.465615
0.449422
0.530113
0.812325
0.784096
1.26516
1.6677
1.17474
0.276071
1.1143
0.750502
6.1184
2.22515
1.76648
0.287081
0.487611
0.313705
0.935211
0.831176
0.66141
0.654161
1.06156
0.708101
0.601919
0.809554
0.926822
1.81318
3.41886
0.563563
1.7088
0.579969
1.82791
0.992447
0.474655
0.160424
0.852827
0.142946
0.264805
1.33856
2.46716
0.685379
1.303
0.72384
1.44257
0.393202
0.226074
0.272881
0.376597
0.393911
0.099847
0.522067
0.30108
1.50408
2.42186
0.651511
0.74531
0.441796
1.15018
0.301693
0.7065
0.169511
0.870644
0.607144
1.17468
0.557425
0.361829
0.344803
1.33657
1.26872
0.812797
0.39141
0.497568
0.246624
3.92126
0.389715
0.623301
0.191196
0.833048
0.284197
0.788547
1.63197
0.655794
0.519648
0.787989
1.25839
0.607428
1.11833
1.552
1.35183
0.28798
0.788002
0.374582
0.924516
1.33589
1.69046
0.523332
0.655119
1.20166
1.66729
0.34338
2.0005
0.666227
0.179093
1.01724
1.30261
0.500568
1.12233
0.488597
0.0423451
3.5589
1.02346
1.79896
0.568205
0.499151
0.455715
1.35763
0.641865
1.53803
0.392788
0.479744
1.93453
0.846328
1.673
0.593034
0.586915
1.26938
2.98738
0.425133
1.355
1.58414
1.38746
1.01866
1.24911
1.46542
0.0770695
0.591485
0.478114
0.508211
0.211501
1.68003
1.01437
0.369563
0.59863
0.349296
1.42571
0.227918
1.53955
0.938533
0.565269
1.25604
0.753015
1.40983
1.89716
2.24203
0.268109
0.875641
0.284758
1.62305
0.734296
0.878188
0.410802
0.666469
0.772644
0.155919
0.775097
0.522229
0.373197
0.084148
1.91406
0.850129
1.59194
0.160662
1.71041
1.00577
0.309497
0.205351
3.87813
1.21648
0.457843
1.24528
0.553304
0.454881
0.47128
0.835393
2.01543
1.4503
0.930447
1.04459
0.902284
1.52101
0.421549
0.900797
0.807672
0.764207
0.377957
0.716384
0.226622
1.28637
0.518255
0.850592
2.19679
2.43182
1.14257
2.82105
0.31264
1.38316
0.656747
1.58294
1.56785
0.814404
0.657339
1.61229
0.486682
0.449157
0.208986
0.847216
0.269545
1.33458
0.647141
0.0932254
0.974302
2.9523
0.939782
1.31089
1.30129
2.33095
1.03574
0.933731
0.497384
0.62288
0.917138
0.332865
0.744901
0.652831
1.13181
0.725002
0.89849
0.458102
0.657458
0.886471
1.66389
0.359581
0.691744
1.35478
0.225927
0.366322
0.279917
0.875673
1.74905
0.34386
0.595753
1.55656
2.28808
3.30225
0.603661
0.202667
0.351489
0.537047
1.95018
1.13089
0.646894
1.09905
1.78843
0.50631
1.89571
0.803967
1.5921
1.03993
1.79974
2.00756
0.373203
0.0410608
1.06474
0.788104
0.604131
0.591408
0.191936
1.24735
2.73651
1.76693
0.528373
0.482701
0.835452
0.789096
0.651453
1.25551
0.578941
1.5097
0.706182
0.776484
1.29704
1.681
1.56355
1.69727
0.865828
0.238278
0.179362
0.849318
1.00996
2.25425
0.45491
1.10952
0.466566
0.799225
1.31291
0.231829
0.542942
0.428672
0.222056
0.44823
3.19867
0.502409
1.3381
0.653674
1.13585
3.08735
2.40865
2.29331
0.239883
0.858399
1.34154
2.78435
2.95277
0.729338
0.525457
3.73613
1.67187
0.509606
0.505418
0.889258
2.45803
1.55795
0.469643
1.52178
1.26021
0.868659
0.324723
0.432712
0.494919
2.15629
0.214258
0.194567
1.16346
1.30929
1.1269
0.578229
2.60805
0.743469
0.635323
1.08229
0.708389
2.18699
0.939267
0.507806
1.19193
2.36795
1.57977
1.03471
1.46588
1.8367
0.582918
1.18093
1.94824
1.05938
1.54565
0.825835
1.14473
0.481974
2.24922
0.585534
0.0225702
0.731608
0.81785
0.158192
0.798823
1.42428
0.419445
1.18775
0.875449
1.67923
1.17268
0.187972
0.187787
0.102251
0.375453
0.456133
0.86742
0.606148
0.354863
0.750041
2.09295
0.614339
0.610767
2.36322
0.0553942
0.572269
1.14462
0.936342
0.425982
0.61673
2.61982
1.63793
1.80673
2.44242
0.416935
1.92106
2.97214
1.0909
1.57299
1.11645
0.339682
0.197611
1.48657
0.84486
1.13086
3.22572
0.653211
0.471368
0.202862
0.377024
1.747
0.224151
1.13826
1.22926
0.267953
0.194944
0.802719
0.549484
2.93201
0.325242
0.31942
1.99218
1.60612
0.243587
1.16576
0.861606
0.38469
0.636944
0.0452114
0.149237
1.27912
0.846376
2.90956
0.69199
0.54528
0.595761
1.77004
1.7957
0.707475
1.18929
0.803508
1.92661
1.15051
0.772688
0.929086
0.531193
0.836792
0.411747
0.852378
0.163922
0.735413
0.982883
0.812116
1.1866
1.33344
1.86934
0.659464
1.30713
0.411624
0.975689
0.449356
0.596239
0.620665
2.21457
0.811506
0.497903
0.42655
0.528517
0.607688
1.21676
1.45406
0.455358
0.556249
1.19658
1.1594
0.891534
0.544253
0.773891
0.568172
1.983
0.868134
1.08654
0.275719
0.51732
0.461061
2.43667
0.0339533
0.479661
1.92636
1.5422
0.900031
0.0675573
1.03236
1.16326
1.05666
0.656465
1.53438
0.50491
1.52896
1.26706
1.18764
2.89067
1.18312
0.69252
0.381015
0.794935
2.32067
1.83126
1.42226
0.764687
0.258796
0.936938
0.445378
1.0157
0.797154
0.6028
1.77809
0.347923
0.528784
1.05891
1.00091
1.05879
0.418077
1.19956
0.53125
0.454556
1.21194
1.20216
1.95699
0.580101
0.302343
1.40745
1.08015
0.409653
1.94707
0.0659521
0.120302
0.490894
0.278227
1.23944
0.892161
0.990723
2.27769
0.567766
1.23618
0.661831
1.27021
2.63848
0.667323
0.292171
1.04697
0.702879
1.05741
2.64419
0.929318
0.923175
0.834776
0.173749
3.14933
1.51767
2.67476
1.29421
1.26922
2.58473
0.743798
0.352903
0.237414
0.591315
0.321386
0.598521
1.8151
0.572114
0.853636
0.166124
1.00402
0.577192
0.248319
0.91094
1.16009
2.13195
0.763405
0.246398
1.90748
0.876986
0.94255
0.289846
0.704169
0.409463
1.2171
0.656483
0.01994
0.7846
0.819579
0.841544
2.67618
1.43753
1.12711
1.8604
1.0986
0.357692
0.648058
0.373574
1.91407
1.39375
1.23556
0.538988
0.907003
0.886033
0.0760195
0.734496
0.10072
0.341381
1.00839
2.94182
0.873874
0.829075
2.39273
0.703014
0.952781
0.44148
0.746054
0.491956
0.227625
0.328368
1.44479
1.17168
1.0686
0.605125
0.273887
1.04951
1.23077
0.291356
1.33942
0.672983
0.791438
0.783815
3.75762
0.470447
2.73196
0.332783
1.24041
0.863732
0.269703
0.572306
0.641967
0.349734
1.65494
0.410315
0.876088
0.125026
0.92354
0.146533
0.598921
0.860537
1.97751
1.26147
0.171712
0.272371
1.04716
2.12956
1.22252
0.793429
0.483822
3.0999
1.2293
0.826413
0.0385313
0.987989
1.28168
1.16476
1.04319
0.473749
0.909688
1.7568
0.900288
1.23287
0.214696
0.564088
1.46207
0.913171
1.42933
3.63421
0.775923
1.63575
0.523606
0.766096
0.968092
0.232689
0.571703
0.123286
1.485
1.60573
0.611651
0.295016
0.601135
1.84728
0.210424
0.410644
1.56544
0.879679
2.20977
0.744157
2.74116
0.482088
0.905504
0.72136
2.56207
0.348909
0.435347
1.66484
1.93121
1.31137
1.24693
0.683564
1.53734
0.377175
1.98825
0.662661
2.17818
0.448689
1.89285
0.561782
1.8873
0.340448
0.323197
1.56139
0.554615
0.388476
0.723437
1.09608
0.0492357
0.353866
1.34451
1.82652
0.801855
0.239804
0.604396
0.671361
0.67582
0.262149
0.830309
0.205293
0.35952
0.518721
0.94666
2.01943
1.47357
2.27477
1.20232
0.419817
0.555153
2.96896
0.433082
0.709983
0.315548
0.156018
0.581632
0.719249
1.10912
0.34839
1.12066
0.65972
0.228763
0.421562
0.961538
0.712275
0.573478
1.26859
0.919362
1.26153
3.00019
0.658007
0.659426
0.473884
0.419628
0.526213
1.1319
0.860323
0.510062
0.700464
0.785388
0.697896
2.12831
2.32286
0.841282
1.2216
1.51317
0.705367
0.991106
0.541428
0.408298
2.82423
0.845577
0.0488595
1.14852
1.86711
0.110096
0.764588
3.02957
0.144142
0.465102
1.11479
0.719059
2.14267
1.12171
0.226542
1.60233
0.401388
0.997079
1.94457
1.15949
1.61022
0.533915
0.650758
0.423091
0.836335
1.72221
0.969723
0.211949
0.904524
0.72414
0.402715
1.17561
1.27941
1.26852
1.64932
0.134687
0.86456
0.147815
0.197677
0.658006
0.955992
0.294873
2.45034
0.230908
0.91523
1.94473
0.338242
0.113461
1.79315
0.45648
0.26261
1.00416
1.12167
0.782956
1.1435
0.903338
0.83774
0.941502
0.850105
0.830493
0.575421
0.82558
0.515561
0.0393795
1.34334
1.13657
0.812684
0.875799
0.102314
0.569266
1.05642
2.24848
0.532164
0.265655
1.69887
0.501367
1.90237
1.76995
0.544468
0.845205
0.503333
0.818839
2.23385
0.100968
1.13889
1.03746
0.287317
0.612407
0.254774
3.36252
0.739326
0.907474
1.09573
0.978507
0.667072
2.09357
0.759045
1.63457
1.19516
0.374261
0.697292
0.237259
1.30519
0.535051
0.576677
0.131153
0.0200911
0.336519
0.45152
1.16979
0.189805
0.121559
1.39747
0.400356
3.67148
1.42161
0.695392
0.229106
0.231513
0.943683
0.983522
2.22125
1.39357
1.17451
0.715294
0.0842499
0.256842
0.574622
1.62069
1.29921
0.941706
0.66093
0.427595
0.374609
1.31852
2.76115
2.85305
0.204903
2.49634
1.03039
0.405882
1.03401
0.451217
0.129169
0.619383
0.821654
0.547001
1.44229
0.0681935
0.495468
0.118965
0.918536
3.14805
0.477441
1.33798
1.07198
1.71667
0.642958
1.21693
0.928847
1.2933
0.465461
1.70848
0.2065
1.38527
0.855991
2.86526
1.82638
1.1971
0.205277
0.613996
0.325909
0.440742
0.965744
0.534584
0.532713
1.75723
0.554154
1.62117
0.829458
1.54017
1.78937
2.95803
0.547621
0.0268149
0.222351
1.83981
1.40784
1.51567
2.46462
0.181144
0.0400517
0.724582
0.922748
0.674491
2.228
4.09789
0.411846
0.29642
0.0394022
2.21499
1.01294
0.871929
1.07945
1.21081
0.590859
0.152839
2.16094
0.404806
1.2669
1.77927
2.20561
0.108426
0.510459
1.64693
0.194043
1.018
0.980829
0.500849
0.727538
1.27242
0.708109
1.06122
0.530951
0.98914
1.06051
1.22591
0.935001
0.646922
1.04255
1.18822
0.963053
0.666372
0.503917
1.9788
0.431725
0.498328
0.914058
1.48655
0.511582
1.80983
0.945068
0.246576
0.120382
0.416763
2.48137
0.624424
0.744503
0.977714
0.511424
2.0526
0.513839
1.05955
0.067613
0.817852
1.54502
0.500773
1.56585
0.938821
0.798242
0.543022
0.470617
1.5918
0.510674
0.516039
0.98338
0.90191
0.468668
1.23307
2.78507
0.662238
0.922106
3.27947
0.267457
0.300087
0.362351
0.69634
0.191079
0.545336
1.22197
2.5867
0.0773558
1.91668
1.3867
0.762568
0.439645
1.77152
0.300682
0.69552
2.027
2.13533
1.18523
0.921521
1.7361
0.307048
0.932632
0.548813
0.462054
2.93942
1.09592
1.13891
1.4181
0.530136
0.771577
0.42848
0.870106
0.433673
0.580447
0.521036
3.33067
0.447358
0.722782
0.390688
1.65301
1.12495
0.622845
0.0184135
0.342334
0.283492
0.582246
0.855101
0.812599
1.24317
0.81283
0.589205
1.00255
0.370157
0.278433
1.44047
1.1571
0.892695
0.467796
1.47578
0.375556
0.231575
0.453445
0.942662
0.307118
1.09538
0.534509
0.756608
1.32343
0.259873
1.80235
1.97007
3.11448
1.7773
0.122393
0.397209
0.815236
1.31416
1.0654
0.237672
1.09281
1.14387
1.02018
0.563694
0.414488
0.444924
0.179565
1.26888
1.20516
0.958822
1.20415
0.172033
0.614372
2.17108
0.738603
0.324643
1.5529
1.02109
0.477404
1.0103
0.660611
0.531487
0.300922
2.63168
1.11048
1.5576
0.102741
1.17573
0.277976
0.494836
0.361287
0.525342
0.614597
0.851659
0.177766
3.27425
0.440161
1.57578
1.39857
0.500935
1.56622
0.972902
0.542044
0.520268
0.893388
0.585631
0.696343
1.13877
0.225787
0.519545
0.781999
1.15174
1.34008
1.10773
0.621292
4.2005
1.10676
0.597521
0.609333
1.26845
1.31499
0.929965
1.2522
0.443776
0.883428
0.436045
0.710727
0.105094
0.572099
1.83692
0.48211
0.313911
0.783793
0.59522
2.23871
0.139928
1.89857
1.14943
0.971709
0.675125
0.648353
0.777146
0.31514
0.662819
1.05
1.24002
1.04259
1.95855
0.782225
0.978814
0.953171
0.945416
0.480686
0.390512
1.65658
0.411343
0.288824
0.942627
0.772315
0.94397
2.14526
0.468149
0.629253
3.16456
2.05638
0.491378
1.79118
0.729756
0.996018
0.447871
0.722661
2.11526
0.8668
0.998057
2.13987
0.498859
0.260189
0.934023
0.630283
1.24828
0.221635
0.2829
0.495268
0.569785
0.83856
0.469978
0.541599
0.624903
0.577554
0.786796
0.636251
0.906844
1.41092
1.28967
0.670261
0.323063
0.142224
1.24729
0.668638
0.421497
0.646731
0.563525
0.481017
0.465454
1.10334
0.525584
1.76686
3.11413
0.199642
0.505334
4.02496
1.15972
1.6366
2.16428
0.440127
1.16588
0.164557
2.05352
0.806317
3.34411
1.45796
0.84463
1.93652
1.71171
0.888157
2.46732
0.613998
1.21606
1.56963
1.04292
1.72714
0.24204
1.26032
0.718089
2.23501
0.322989
0.486236
0.515611
0.62136
0.4948
4.32119
0.318496
1.72263
1.24875
1.12776
1.10215
2.42112
0.942007
0.402788
1.00795
0.533703
2.11752
0.897912
1.5951
0.269531
1.59939
2.06523
0.758691
0.338902
1.41038
0.939436
0.563701
1.24199
1.62943
1.36611
0.927939
1.2164
0.172184
2.60175
1.81594
0.489031
0.249258
1.04119
0.513689
1.28797
1.56947
1.2192
0.202247
1.43121
0.332251
0.390163
0.948247
3.05346
0.538151
0.431552
0.598304
1.57925
0.866907
1.42394
2.44812
0.605044
0.468062
1.64538
0.371753
0.510171
1.36869
0.27076
2.47844
0.149865
0.559833
0.640303
1.25321
0.37995
0.991176
0.222494
0.996709
0.839446
0.410155
0.95697
0.519071
1.69053
0.303148
0.977055
0.608875
0.647777
0.868645
0.701974
0.115387
0.654098
0.772003
0.764313
1.25798
1.10762
1.54481
1.52734
2.38033
2.27696
1.14859
0.38349
1.38695
0.733266
2.44507
0.605219
1.02566
1.32015
1.35115
1.13905
0.697404
0.784885
0.20865
1.07876
1.061
1.1786
0.324836
0.368626
0.261967
0.625416
1.59664
1.15755
1.01214
1.33559
0.621396
0.856841
1.07706
2.06788
0.480508
1.04997
1.21631
1.40058
0.542393
0.907601
0.526044
1.55141
2.12637
1.91773
0.693746
0.871212
1.28831
0.695041
0.512624
1.04676
2.05095
2.60803
0.984356
1.82908
0.184665
1.36449
0.387344
1.35269
1.25162
1.09277
1.36215
1.12884
0.144535
0.935299
0.367024
0.649305
0.808778
0.217549
1.35102
1.83698
0.649443
1.41827
0.791557
0.667226
1.01176
0.808513
1.09596
1.28308
0.852253
1.79663
0.807531
1.19426
0.790088
0.373712
0.0894065
0.366714
0.680148
0.713111
0.642085
2.04428
0.210138
0.860208
0.4689
2.19986
0.204162
0.25162
1.07352
1.29193
0.515174
1.09356
1.66516
0.253183
0.235113
0.77782
0.579693
0.348126
0.737326
0.431256
0.243593
0.998497
0.137816
0.928714
0.733342
1.08617
1.61288
1.69877
0.626417
1.64524
1.57674
1.62689
2.73254
0.287757
0.600229
0.691077
1.34205
0.345272
1.00625
0.651307
0.625467
1.60215
1.80606
1.19557
0.788552
2.11072
0.432
0.707698
0.609331
0.819181
1.30561
1.48905
0.365627
0.792294
0.677736
0.694416
0.738172
0.898556
1.57473
0.671781
0.901684
2.10978
0.922849
1.8039
1.83547
1.36428
1.65148
0.567104
0.673523
0.375401
1.28908
0.392142
1.11079
1.44346
0.959826
0.306999
0.370431
0.976597
0.753346
0.727444
0.59879
0.289029
0.286595
1.27667
1.06576
0.343945
0.388498
0.321932
2.04927
0.86676
0.340315
0.249678
1.26939
0.269826
0.654856
0.165084
1.64689
1.91457
1.71101
0.127079
0.791657
1.2637
0.398352
1.26252
0.687206
0.653476
0.3278
1.50782
0.212981
1.09035
0.989202
0.473293
0.593286
0.265542
0.352134
1.16077
3.10615
1.32967
0.59892
1.31577
1.17206
0.958221
0.324542
0.720041
1.58304
1.52886
0.906155
2.8665
0.844895
1.02537
0.363825
2.22565
0.586155
0.544724
1.46987
2.0726
1.36119
0.416389
0.666004
1.15274
0.800833
0.0482752
0.568001
2.08422
0.624987
1.01306
0.127104
1.21847
1.28309
0.621959
0.370784
2.37529
0.756573
1.91249
1.01525
2.05818
2.33806
1.05794
1.01877
2.33197
2.31841
1.37021
1.9001
1.10436
0.499817
1.63
0.531461
0.292337
0.234565
1.5454
1.17404
2.83875
1.30568
2.53483
0.760832
0.235772
0.365648
0.538073
0.390304
1.45453
3.15366
0.230676
0.621393
0.850458
2.05707
0.801552
0.881687
0.948509
0.204301
0.193245
0.136702
0.246571
0.946201
1.56832
1.44745
1.29423
1.72187
1.1006
0.350191
1.28664
1.30751
0.592074
1.44772
1.73288
0.590189
0.912421
0.282518
1.44508
0.00736275
2.23752
0.70697
0.220222
0.611207
2.17947
2.02013
0.929586
0.63455
0.229221
0.044136
1.27963
0.281475
0.542
0.362771
0.914412
0.900787
0.231129
0.380136
0.244248
1.39949
1.00363
0.977611
1.08283
0.523079
0.787109
0.632742
0.749324
0.723763
0.84714
0.156651
1.02099
1.80688
2.32745
1.06215
1.37353
1.39355
0.725771
0.463695
1.65395
0.283436
0.540287
0.56985
0.28236
0.752211
0.700433
0.734585
1.10182
0.288397
0.217865
0.75661
0.411531
0.68159
1.58919
0.325815
0.345857
0.383762
0.355938
1.40704
1.20579
0.998271
0.672745
0.964018
0.325605
0.363853
1.24874
0.780062
1.69046
3.09783
1.05377
1.35211
0.549248
0.117485
1.17312
0.256793
0.350932
1.85232
0.638844
1.09974
0.55772
1.20314
0.984771
2.96248
1.33381
1.47948
1.70786
1.66762
1.13737
1.16361
0.656867
0.731299
1.39507
0.0480543
0.573185
0.415718
0.848012
0.524725
2.51392
2.00616
0.901602
1.242
0.387272
0.497681
0.964727
1.19005
0.742492
0.413044
1.70261
0.225364
1.62326
0.572994
0.46784
1.13888
1.19927
1.45265
1.15634
0.921115
0.483263
0.380899
1.29925
2.81342
0.626998
1.16964
0.184098
1.52725
0.550047
0.630313
0.311132
0.538055
1.29543
0.601275
0.587969
1.30416
0.252536
1.49053
0.459706
3.07548
1.03666
0.453935
0.753884
1.39613
0.502839
0.440584
1.61934
0.85098
0.280052
1.08191
0.85739
0.395664
1.37169
0.616555
0.267329
1.36755
1.25904
1.89748
1.78793
0.804247
0.826781
2.43189
0.876234
1.0792
4.01816
0.469002
1.04671
0.891322
1.09409
2.3544
2.02125
0.8608
0.630315
0.396457
0.934795
1.34933
0.47007
1.62097
1.15482
0.462485
0.824374
0.420407
0.341372
0.837422
1.90185
0.167541
0.909587
0.176962
0.443823
1.34531
0.42352
1.08015
1.58567
0.49431
0.540371
1.65064
0.585879
0.990093
1.1955
0.501632
1.79224
2.82303
0.247195
0.177667
0.902274
1.51318
1.11903
0.0551218
2.85969
1.10356
1.17902
1.41514
2.09526
1.01406
0.372726
1.4993
0.356681
2.43889
0.276546
1.38989
0.691474
1.35259
1.39392
0.44232
0.761643
1.08535
0.584834
0.944772
2.03245
0.0428358
0.41585
1.03992
0.450336
0.255094
0.202816
0.36333
0.532383
0.366014
0.898536
0.0809404
0.0735616
1.78247
0.503061
0.862563
1.61697
1.5729
0.8609
0.67319
1.8588
0.357899
1.22825
0.287364
0.657187
0.747084
1.29153
0.508114
0.347275
2.38084
0.592717
2.6842
0.598583
0.173762
0.845317
0.67717
0.746119
0.403413
0.80097
1.89468
0.478392
0.637292
0.264511
1.05868
0.352176
0.158625
0.902702
0.835438
1.1842
0.502025
1.21328
0.140414
0.726591
1.13958
1.46615
1.05464
0.117774
0.364529
1.32126
1.13722
1.4721
2.16912
2.0783
0.385861
0.210981
1.32468
0.581377
1.38211
0.420742
0.236318
0.365258
0.125518
1.79143
0.447188
0.208066
1.10594
1.30068
0.883328
1.47531
0.250646
0.386736
0.730107
0.594461
0.890902
0.144068
1.00034
1.93733
1.19116
0.427665
2.19043
0.642498
0.194426
1.32493
2.12349
0.0637727
1.64444
0.728273
0.784299
1.01671
0.841289
0.695438
0.180692
0.126406
0.469272
1.58694
0.293713
0.400288
0.739171
1.38823
2.52736
0.767911
1.11204
3.4295
0.895795
0.354409
0.325185
1.99513
1.70635
0.565604
3.48819
1.10022
1.05384
1.17102
0.229691
1.21034
2.46739
2.68906
0.846734
0.713486
0.784558
3.12843
0.96281
0.188723
0.724161
1.03866
1.63291
1.16728
1.94878
0.121685
0.532977
0.459125
1.07187
0.977305
0.751487
0.863105
1.47678
0.644546
1.17839
0.953912
1.94788
0.718258
1.18724
1.0641
0.776704
2.11209
0.664941
1.70428
0.581017
2.2375
1.2437
0.343464
2.89704
0.208435
0.596308
0.816611
1.88306
0.377167
1.15508
0.678619
1.018
0.335208
0.250763
0.651866
0.412131
0.879431
0.557902
0.905768
1.45531
