1.99058
-8.9804
1.04273
1.21652
-8.86386
1.04993
1.75762
-0.0309737
0.339192
5.84092
1.39025
-95.5179
-0.478266
-0.256603
-0.694888
-1.35117
-0.300966
0.549158
-0.942907
-1.64934
0.542383
0.349397
-0.550326
0.345315
0.103402
0.64451
-2.28499
-0.289016
-0.0344826
-1.21464
-1.32516
-7.25497
-8.6087
1.54044
1.40698
1.25949
2.02637
1.20407
3.78099
1.0804
-2.3062
0.189198
-0.121566
-0.262202
-8.28334
4.81956
-1.42101
0.47915
1.96191
0.179849
-0.351995
1.08752
0.944437
4.50672
-0.116956
-11.8439
-0.295857
0.305121
11.0717
-5.1656
-0.106977
5.02809
2.92136
8.26729
4.88613
-1.6009
0.273691
-11.2253
5.37927
51.9982
-1.18399
-0.404307
-0.469826
-0.338728
-3.40795
-0.795744
-0.835706
-0.320697
0.490787
0.508975
0.0429895
-0.722783
-0.872339
0.552456
0.240452
-3.61346
0.312229
-0.294297
-4.53187
0.132514
-0.019898
-1.28908
-0.0449272
-0.316771
-0.34572
5.84021
0.701965
-2.31319
0.673626
-5.02847
0.769449
0.428143
-1.25365
-0.178777
11.1068
-2.09948
3.60429
-2.60261
2.06693
-0.845573
8.83452
0.428946
-111.647
1.41261
-0.258525
1.24349
0.813206
-0.117153
-0.08998
1.07677
11.4525
-0.931803
-0.124208
-0.223945
-0.971288
-0.498489
-0.255798
0.23326
-0.891206
0.6378
0.0608808
2.51431
-0.816328
-0.0436338
-0.751865
-0.197078
2.45374
3.0133
-0.129699
2.58052
1.20075
-6.19548
17.6093
-0.657752
3.26437
-0.11593
0.20116
1.22587
0.200027
-0.712292
0.253508
-0.508454
-0.665282
0.180774
2.97834
-0.287979
-4.40824
-0.145633
-4.94615
-14.1879
3.40705
0.0634954
-0.845971
0.0467467
-1.79498
-2.04729
0.297026
-15.2398
-0.534631
1.22799
-0.20696
-0.949015
2.08279
0.257034
-1.01827
-1.37948
-5.19794
0.101738
0.29481
-2.98281
5.86345
1.01395
2.86532
1.03473
0.732789
-3.57044
16.9493
-1.51693
-9.25249
-1.00879
4.50329
-4.40014
0.380063
-2.73089
-0.236237
-0.144274
-3.36898
-2.82648
2.48092
1.0461
1.23727
0.799254
-0.0132595
-0.367249
0.690088
-1.61705
-10.2741
0.54573
0.734528
-0.0775453
-0.635236
-12.5387
1.93075
-0.416203
-1.98116
-0.144165
-2.71218
-0.408011
-0.429124
20.0401
6.95437
-0.69277
-2.41758
-0.0372347
21.4576
1.448
-1.10023
-0.95638
0.405695
2.44265
1.05371
-4.17062
-0.835324
0.0248064
-6.29453
-0.0710312
1.37557
-2.18116
-1.05126
0.47603
-30.9876
0.257622
0.180205
-0.936977
-0.741594
0.505421
-1.01827
0.162832
6.37373
-0.871105
-0.299537
1.50973
-0.594919
0.0278289
3.27876
0.783035
0.396503
-37.9601
2.40774
2.08014
-4.08206
0.50007
-0.51994
0.37657
11.6631
0.20934
-3.77762
-2.00173
-0.451195
0.476242
0.518903
6.70876
-0.138582
1.26806
0.218308
0.831617
-3.30048
0.0478882
0.270258
-1.66726
-0.0386191
1.38295
0.528906
0.436755
0.71006
2.10362
1.23303
5.17769
-0.0714891
1.23872
-1.14905
1.61252
0.706972
1.06773
0.161943
-2.62002
-1.98648
-1.26349
0.0830519
0.279702
0.0229252
-2.44837
17.8726
0.0320381
1.00837
2.7713
-4.51331
-1.85682
-12.7703
-0.436266
0.844736
-0.78814
0.551356
0.399009
-0.610406
-0.858343
-0.278841
-3.72896
0.89154
-0.0753581
-0.0258061
-2.08456
-0.20572
0.137692
0.466865
7.09055
0.4326
3.79363
-0.0227889
-0.24818
-4.47626
2.45286
-5.24736
-0.638142
0.652577
-8.9179
1.74914
1.32559
-1.58357
-2.96074
1.41523
2.51476
-4.60645
9.71652
-1.78857
0.944694
0.509789
0.705246
-3.6903
2.33732
-0.649153
0.285945
1.72144
0.0979351
497.487
1.9731
0.735821
1.17621
-0.220148
-0.381449
-1.89864
-1.15566
3.42077
0.597738
-0.320195
2.02823
-0.71004
3.08155
-0.0968269
0.231733
-0.0995935
-0.652385
0.629428
-2.77343
2.25434
-1.2889
1.4784
1.52036
-0.604236
-5.20975
-0.933673
1.31179
-45.6059
5.49492
0.734747
0.630438
-0.547402
-3.17139
-0.705314
1.4723
-0.311663
2.31809
3.18272
0.839448
0.17479
0.449127
3.19702
-0.0818469
-0.751509
-1.12604
-6.95079
77.0651
-0.096104
-1.96038
-0.61208
-2.37629
2.77954
-3.63678
3.71802
-0.0295167
0.219464
0.457684
3.61343
-0.491672
-0.432541
-2.54155
-2.57828
-3.55539
14.2107
0.842938
0.0415743
0.424866
0.726245
68.0414
-1.7238
0.368416
0.114928
-0.614151
-0.955511
0.125609
-0.261942
-0.483575
0.974191
-0.0560485
-0.137232
-24.879
0.0574342
-0.676606
0.263306
4.41633
-0.39548
0.820486
-3.56578
-0.223406
-2.75498
0.104385
-237.591
-0.729234
-1.10171
-0.980432
-7.38161
0.841496
-3.89172
-227.709
-0.293803
0.27059
-2.23073
0.0221494
1.59669
0.586883
-0.0669867
1.2801
0.688629
1.63892
0.273779
-3.44073
-0.0884932
6.29453
-1.46659
-5.01813
1.96816
0.399872
0.0283036
7.94463
1.03297
10.1562
0.677913
-0.0633493
-3.15752
-11.8164
-1.85682
0.23695
-0.142884
0.849458
-0.99534
0.345011
-0.477098
0.0764845
1.25549
-22.9203
0.408519
-9.94198
-0.0140433
9.77572
0.913832
-24.767
-0.86217
-0.383859
-0.143782
0.626883
-15.2744
-1.02783
-0.350511
-0.0954922
-120.545
1.81293
0.0588794
0.604056
0.550969
0.0740268
-0.313075
-1.04204
0.181509
0.0983009
-7.36184
0.275923
0.275517
-0.356631
-2.95863
1.21852
-0.754505
0.463736
-1.40423
0.593343
-0.770245
-0.979547
-1.33847
1.05131
2.72677
-0.226643
-0.0549176
-2.08464
-1.17955
0.737514
0.139131
0.572196
11.0546
3.597
133.878
1.25999
-0.992941
-0.184518
-4.34628
-0.656622
0.815188
-7.27549
-0.416504
-1.05895
48.9836
16.639
5.3394
0.00509338
0.260007
-0.53718
-0.227092
-0.975903
1.38892
-0.167341
0.271526
-1.35787
5.53901
0.771259
0.716076
-6.0873
0.0379513
1.4208
-0.127226
11.6026
-0.122114
1.08133
-1.38015
1.5995
0.051677
-0.474205
-0.435624
0.127432
2.32955
-5.45203
0.0843094
0.425067
0.0646938
-13.2481
-3.36196
-0.348301
0.602762
-0.00507267
-1.63362
-0.148243
-1.16765
-0.543381
-1.363
1.94011
2.39206
22.8385
-0.355264
3.06561
-1.59959
-0.459191
-0.458541
1.0842
0.311884
-2.64263
-12.8023
0.566856
-0.231875
-6.74672
-8.24055
0.437392
-0.41086
-7.62892
1.1491
-2.42048
2.3986
0.454885
0.0456056
-0.51728
37.18
-1.85614
1.1401
0.868547
4.83409
0.463781
2.03855
3.80842
-0.499007
0.0843212
0.0799845
1.55963
4.5209
-1.9065
-1.70307
2.15416
-0.169832
0.0935293
0.785854
-1.54282
-0.530796
0.617045
2.43532
-0.205202
-1.55767
-22.0126
1.88818
0.230012
0.549942
8.75325
-830.721
3.06973
1.19236
-0.679669
-0.34215
-0.587457
-0.989242
-22.8637
-0.722848
-0.275421
5.9613
-6.093
-5.58562
2.46791
2.67515
0.315262
-15.782
-0.0880275
0.337182
1.0548
-0.176809
-0.104409
0.408146
-0.981288
-0.435284
0.394816
2.20823
-284.043
-2.11262
0.901149
0.876269
-1.32016
0.832248
-1.01643
0.272096
1.54012
-4.22434
0.538117
2.40665
-0.295168
1.05045
0.255475
0.784506
0.677625
10.0299
0.979328
0.24577
-17.2213
-2.07472
5.96021
-0.0714739
1.24924
1.18744
-1.73606
-1.39501
0.608667
-7.95953
-0.517427
-0.212379
-1.69426
0.376418
6.18784
-1.36937
0.493028
-0.919433
-9.48548
-1.24126
0.612223
-1.21804
0.193704
-0.532951
-0.596519
0.141366
-5.68863
-0.152631
-2.81519
-3.24135
-0.342736
0.594178
18.1651
0.43835
0.464292
-10.6755
1.50439
0.629501
-0.0185932
-1.15964
0.837113
-2.43457
2.40603
1.61153
-21.9386
0.363255
4.1263
1.02064
-6.86209
0.015149
-0.539179
40.2647
0.753052
-0.188511
0.901209
0.0702461
2.0388
1.57763
-2.31573
1.1762
-0.715423
0.317372
7.88968
0.392843
0.159432
1.13148
0.11594
0.633813
0.583134
-2.57078
0.507175
0.146965
1.59665
-0.180449
5.45146
0.0373373
-0.417307
0.306241
-0.44976
-0.0344399
0.100831
1.16042
-1.03727
24.992
-1.88173
-0.546615
0.872598
-0.070721
-0.00307853
0.848822
0.317794
-2.21089
-0.46162
-0.474261
2.98331
-1.40465
0.13093
-0.318981
-0.210692
-2.69084
-0.745441
-0.554445
-1.85701
-1.14026
4.71475
-3.56732
-0.396953
0.789824
-0.778799
-4.36771
-0.602415
1.15811
-1.0246
0.689892
0.517533
0.0686197
-0.10375
-0.520627
2.63985
-1.38264
0.0325289
2.60659
-3.8125
0.383809
-0.99092
1.5517
18.9325
-0.204041
-2.30205
-0.212865
-1.78781
1.01067
-0.661084
4.0781
0.430898
1.24045
0.564399
-6.61277
-0.456538
-1.23587
1.15943
-1.10873
0.360287
-9.50714
1.71386
0.396191
3.00413
-3.2506
1.35432
-15.6005
-0.995107
0.245814
0.68118
-1.03787
0.837945
0.668372
9.54439
2.19048
0.60639
0.836364
0.0400429
-0.600555
-0.215509
4.52785
3.73822
6.31904
-5.28569
-0.769077
-2.3772
2.47807
-1.79675
0.445916
0.550166
-0.915763
-0.505336
1.10322
0.0540203
-0.511704
-1.67685
1.40143
2.84492
0.0486309
0.693359
0.654362
-0.762448
0.558413
9.13924
1.91286
1.76637
-0.182253
1.41442
0.880847
-46.9217
-0.755153
-0.907891
0.774125
-3.31533
-6.05632
1.34135
2.0227
-0.221892
1.35495
0.825748
0.62425
0.874322
-3.75245
1.98681
-2.15268
-8.89147
-0.539788
0.877945
-2.24222
-12.0851
0.106878
-0.0627264
-0.422628
0.682737
-0.251869
-14.0506
-1.97249
-0.51438
2.96058
-2.32916
-0.0123609
0.334735
1.84195
-5.59947
-0.00728594
-1.36021
-0.900628
-0.790658
0.456657
-1.08755
0.74723
4.19363
-1.79945
0.137886
-0.737866
0.347006
-0.0352209
2.32316
0.620744
-1.07566
0.276951
-4.49496
-0.750449
-2.36375
0.948691
0.609816
-0.468106
4.77937
4.97921
-0.733904
0.424285
1.2663
-0.601224
-0.571791
0.564484
-0.74053
-0.328211
0.657018
-0.455433
-9.68295
1.67264
-0.321692
-1.00533
-0.962143
0.321511
1.29316
-0.0425314
-0.49036
-7.99698
-4.92869
-1.14904
0.444146
0.822374
-0.883347
0.490359
0.545965
-1.19499
0.274589
44.8531
0.0759169
1.46395
0.507879
-1.31059
-0.341926
2.25241
-2.60961
-9.99478
-6.48848
-0.986976
-1.31602
0.451403
-2.54061
-0.0181779
0.28535
-0.419541
-0.197938
0.572733
0.0395957
-0.35519
0.770143
0.194849
0.277955
1.02229
0.424874
0.162914
0.492302
4.86145
-1.62632
-11.4575
-0.164324
-0.0849882
-0.617898
-0.214726
-0.37611
-1.25933
-2.18712
0.326308
0.609647
-0.0653829
-0.0287718
-0.457557
-0.770057
-3.49738
1.7654
1.38198
1.45636
3.24809
-4.503
1.71008
-70.9586
1.16304
-0.324194
0.021464
12.8732
2.77467
0.749474
4.04214
-1.14474
-1.20328
-234.592
1.59407
-0.354196
1.44068
-0.490083
1.13124
0.828402
-1.99754
-0.828111
-1.28317
1.94367
-0.425285
-0.0761025
1.73555
0.17725
11.1179
17.5643
-2.68532
0.453946
-0.339138
5.13896
1.11106
1.44553
-2.98366
1.70432
-0.756965
-1.54798
1.53042
-1.56257
3.1608
0.697266
-0.886483
-1.469
0.413419
-0.76299
-0.267725
-1.3252
1.48464
2.00404
-0.442033
-2.48307
1.0598
0.811356
-11.0118
0.0734357
1.57374
-0.733228
-0.17986
-1.27859
-0.187234
1.62652
-2.29129
0.234956
-0.886199
0.160201
0.0877827
-3.56663
1.55053
2.08365
-16.7476
0.642814
0.26213
-0.00808831
-0.22372
-3.85449
0.591579
-1.01588
-4.23205
-0.776312
1.97791
2.73197
0.0124032
0.315907
2.03917
-3.96633
-10.4066
-0.54643
-0.0229292
0.852887
-0.489218
2.96126
-0.435383
-6.97836
-0.78408
0.25358
1.11869
1.00294
5.7877
-0.119426
0.243881
0.148036
-2.50958
2.23104
27.5674
0.210208
112.008
2.98025
0.0223825
-0.473762
-23.6587
0.356109
1.00435
-14.772
-1.20112
-2.07484
0.816949
-3.71031
-0.0433665
0.939856
14.1645
-0.117706
0.376262
3.11346
-5.56422
-2.44731
-0.524585
27.2393
0.386089
-4.91921
-1.18396
0.338492
0.481972
-0.826468
0.618382
0.90182
0.79934
0.0249017
-1.22257
3.03898
0.169667
-7.62939
0.909778
0.280469
0.383614
0.485426
-3.22697
-0.914651
-3.62169
-3.0973
-0.108068
0.982619
1.04839
-1.51391
-1.41762
-0.433577
-4.94804
-1.68769
1.37645
-1.01831
0.783593
1.15637
0.217878
0.385216
0.600887
0.284604
2.92738
1.55864
-4.21341
-1.10285
0.478351
0.509128
0.0817302
-0.465108
-0.665467
-1.2056
0.638897
-0.417573
0.918505
-3.79383
5.64237
-0.138571
-1.27902
-0.675889
-1.52592
59.6464
-6.72244
-2.6058
0.293318
-0.906708
-1.42144
-2.5823
-0.690104
-1.58107
-3.44159
1.95519
7.34081
0.0365283
-0.75248
0.164496
-19.324
0.692764
0.347844
-13.4792
-2.40249
1.64555
0.74124
-0.768642
10.265
-0.541473
-0.345467
0.659412
1.58458
0.779894
4.28349
-0.229885
0.881709
-0.0748791
4.19551
0.603808
1.09094
0.598357
-0.272547
-0.442794
0.969906
-1.38752
-0.0686711
-2.03164
-0.447359
-31.8307
-1.29613
4.33128
-3.49994
0.947002
0.321262
5.8583
-1.65246
0.208084
-2.50201
2.91363
0.296408
-0.564713
-0.338259
1.61602
0.528354
-2.25032
-3.74165
0.027746
-1.99832
0.235921
33.2524
-4.46704
0.396133
0.0233339
-1.72599
-0.867229
57.2833
-0.205487
-2.46496
-0.0492624
165.883
3.16936
0.707381
-0.0192414
0.664016
0.201058
0.250691
1.30384
2.18472
-0.576841
-2.43148
-0.305193
-14.6598
5.54134
1.31098
0.0345199
-1.17438
1.29987
0.317378
-2.40572
0.459144
-0.796709
-0.27898
-3.3097
-1.28467
3.09073
-0.903379
-79.9584
-2.09676
-1.10551
-0.321516
5.10795
9.58081
15.0738
-0.367895
0.474111
0.956
-0.289963
2.25207
-0.199093
-1.61312
0.992413
-1.59682
0.279595
-0.719065
-238.148
17.6573
2.87324
-11.1047
0.588023
0.467801
1.57452
0.374185
-0.943398
-2.21873
-8.08385
0.254702
4.90519
-1.1485
-0.142756
3.85926
-3.57562
-1.02359
0.598264
-0.459074
-2.26245
1.68475
0.0424913
-0.755345
0.817214
-0.0144917
-4.50784
6.80109
0.676237
3.60222
-1.52216
2.89509
1.78362
-0.355134
-0.300336
0.394861
-6.52677
12.1415
4.36055
0.919012
0.265014
-3.18676
0.0683255
2.22328
0.331486
3.91336
-0.14578
0.510139
1.27166
0.280743
19.4871
-2.34755
0.996492
-0.178074
-6.96106
-2.16154
-0.462911
0.615332
0.652947
1.79141
0.473658
-1.23578
0.717485
1.40898
-1.04261
4.85559
0.20963
-3.06653
0.0799873
0.680344
1.49431
0.183946
0.341146
-2.68506
-0.0958523
0.0325657
-2.7746
-8.19341
-11.3327
3.26977
-0.246619
0.405533
1.18848
1.08389
1.75389
-2.84075
-1.03362
0.601464
-0.430171
-1.84467
-5.59597
2.59408
-0.406865
11.0033
0.573869
-1.28052
-0.270065
-4.05456
-2.88138
-0.993705
-0.0841544
10.0284
-4.09953
-7.0664
-0.308955
-0.51242
0.325882
4.52323
2.48402
-0.519258
1.87983
1.15566
-0.351703
0.878183
-2.90431
0.854494
-0.227258
-0.402762
0.456404
-0.298363
-0.376733
-1717.56
0.619003
1.21677
-0.61832
-2.16425
0.840755
-2.32181
-0.498556
28.0881
-0.0732245
-0.179721
1.22172
0.113703
0.759196
-3.50251
-5.26289
-1.06321
-2.87186
-26.6852
-2.29616
0.298212
0.0545372
-2.97226
-0.411476
-4.11153
0.945206
-11.2245
-0.743316
-13.6479
0.37243
1.10051
-0.528627
5.48826
-1.17532
7.0803
2.71968
-4.49544
2.1705
4.65865
2.81427
-0.505127
6.34623
-5.57541
-22.328
-1.68728
0.458851
0.344402
-0.346995
-2.61092
3.54769
237.301
-0.637771
-1.30117
0.0672521
-1.52868
-0.0308637
0.52135
0.181246
-0.889862
-0.388586
-0.397258
2.60658
-0.052047
-9.83042
-0.65224
-0.583019
-2.85634
-7.74774
1.52487
0.654902
-0.482997
0.817325
0.397897
0.0157298
-4.42632
1.45557
0.16663
0.0903934
0.37896
-6.25602
-14.402
0.580834
0.634098
-0.863938
0.318542
10.9882
-0.720444
-5.36515
-31.4687
2.17552
0.967988
3.71312
-0.0482681
-7.7091
2.85726
-0.488548
-7.98329
1.15301
0.0321802
1.33196
0.605914
11.7916
-8.9439
6.53374
-7.4787
0.10031
0.276771
0.505499
-1.54164
-2.07712
-1.11135
4.41685
7.97031
2.20153
7.55535
-1.11144
1.23317
0.567562
1.9929
0.308401
-0.445196
-0.845923
-5.74426
0.334179
-13.3399
0.586831
22.9519
-0.410182
2.66048
1.56737
-0.0333677
-0.615264
0.432295
1.15185
1.26283
12.1789
0.234684
-1.45945
1.3082
3.81786
4.57911
2.75325
-0.350283
3.67256
-1.03495
-1.31626
66.7732
1.13121
2.80856
3.42656
0.441521
-2.09787
-0.651821
-1.24163
0.54758
0.908015
-1.60142
5.07298
0.0605582
-0.629779
0.471778
0.458121
0.207963
1.02374
-0.267252
0.587832
-1.77525
2.10119
0.879393
0.924311
1.4059
1.38526
0.0486928
-0.282417
-3.91711
0.145375
1.39198
-2.54464
1.29701
-0.992319
0.50566
-0.088758
1.40919
-2.37323
-0.634091
-2.82296
-1.81904
-1.15259
0.229355
4.3097
1.06371
-1.68824
2.80239
-0.79049
-1.8529
1.72177
-2.75258
-0.817947
1.00378
-0.278876
-0.987257
2.9008
10.3021
-0.363992
-2.64168
0.37109
0.307957
0.486798
-1.56635
1.5333
1.31306
-0.254566
-1.44354
-0.353457
7.47902
-0.883699
-0.355093
0.439746
-1.20357
-1.21065
60.9029
2.15868
-0.671055
0.243521
0.00757179
0.80945
-1.09038
0.278444
0.752137
-0.69883
0.70245
-7.06094
-3.05584
-1.12854
-0.511691
3.4991
0.227896
-0.675617
52.8362
-3.87546
6.63043
-0.64728
-8.62408
1.28988
-477.147
-1.50398
1.77726
-14.6968
-2.5972
-1.59082
1.44014
1.4557
2.43496
1.01269
18.8454
0.290009
8.72659
0.259957
7.00383
0.950905
0.963884
2.79442
8.64856
-5.7341
0.140631
-1.73088
-1.20075
8.42064
2.33747
0.368285
0.980132
0.416961
-0.383248
-0.731293
-0.924524
-20.3254
0.179312
1.63386
0.922323
-172.244
-0.441251
-0.433884
0.00108612
7.89305
-0.743093
-26.7227
-0.159035
-7.37834
0.0249757
-0.186884
1.37876
-3.65743
-0.114784
0.387121
-0.27092
-0.349799
0.177369
-1.00424
3.75786
-15.5639
1.04463
4.36672
-0.35088
2.43168
0.811957
-4.87781
-1.00587
-0.70102
-0.184722
0.0989243
0.32492
-0.867185
-0.737753
-0.0511631
0.307232
-10.5852
-0.0718104
-0.783391
0.0593786
0.343418
-11.6039
-3.08908
-1.00297
0.992646
1.94954
-1.76879
3.51081
10.4425
-1.304
-0.153969
-0.514248
0.443867
-2.46884
7.28025
0.59533
-0.707579
-1.69318
-10.2322
-2.00052
-1.69905
0.552732
1.1914
-2.34094
1.14259
-0.926521
-1.5588
0.178844
-2.81145
-6.06526
-3.93611
0.648079
-0.128428
-0.109941
2.63362
-0.0101195
-1.16533
3.65672
1.36062
0.148705
-0.0810198
-1.28655
1.8282
0.446177
-1.8779
-0.403436
-0.429151
-3.99936
2.58422
-0.33362
-0.925447
0.692048
1.32733
2.64815
-1.94593
-0.497349
-0.164598
17.0088
2.29022
-1.09908
0.523466
2.74024
-0.245731
-0.474308
-1.11292
-2.29923
1.47316
-0.968675
0.564077
0.078709
-0.183938
-0.150417
-0.377269
0.756064
-1.89793
0.734719
0.883077
-0.162324
2.1851
-1.68927
0.307818
-0.69878
-2.08325
-1.41713
1.82617
-1.64734
0.100506
3.0254
-1.49559
-0.415547
-0.564557
9.6296
0.00756513
1.38183
-0.0546442
0.0137418
-0.851961
0.320151
0.264821
-0.141086
0.426106
11.5378
-2.47857
-1.92674
0.48646
1.20621
3.76227
-1.55417
0.230597
0.318658
-0.402097
10.1378
1.56384
-2.25321
-1.70516
1.04224
8.66205
-2.58392
0.0522182
1.56043
0.596095
-0.183909
-0.213572
1.9915
0.509829
0.310371
-4.63027
0.828953
-1.65755
-0.755377
0.881047
1.7342
-0.0272221
-1.06946
-0.938806
1.5311
-0.0831744
0.877624
-0.220206
1.7968
0.730857
-8.91413
0.0610623
2.92632
-1.07037
-0.781434
1.57676
1.40115
-0.0952576
-0.920936
-1.64685
-5.20492
6.44907
1.43664
0.115457
-0.556226
-1.33606
-0.413092
-20.7598
-0.083494
0.774742
0.176595
-2.05508
-0.533652
-0.0922737
-6.05705
1.35407
-63.0629
-1.30041
-0.469325
5.19366
0.527562
0.522249
5.0193
-0.937894
0.448824
-0.414454
-2.35757
1.80841
0.481807
0.756842
0.294498
-1.00973
-0.435434
1.25829
0.0754914
-2.96248
12.6072
0.983188
-0.0421846
-0.715402
11.0261
-0.195808
-0.0674712
-2.26972
-0.916123
0.251548
0.521327
0.390827
0.280295
-5.28253
-0.061116
-0.450887
1.21441
1.04057
2.01317
0.455715
-0.462884
-0.853645
-9.43084
-1.39752
-1.50463
4.12273
0.348427
0.314053
0.255722
-1.22137
-1.93513
0.00391569
2.53066
-0.735175
0.0827984
-6.16992
-0.742052
-4.45736
-0.590281
0.159854
0.702278
-3.1904
-0.546905
0.356349
1.55409
-0.334235
-1.44893
1.16127
-2.42977
10.4583
-2.06824
-0.0246728
-0.30499
-1.08282
-10.89
1.73903
-1.52993
0.737789
-2.17574
1.01105
-6.99192
4.53226
1.29713
0.133966
-0.108823
3.74355
22.3551
0.20616
0.201309
-7.15886
5.26766
13.0414
-1.13269
-0.593563
-9.3085
1.36137
0.495362
0.301346
-1.737
0.579516
-0.972372
-1.013
1.11609
-0.184588
32.4774
0.251391
0.776525
0.645237
1.83863
0.505086
-0.80353
-4.61389
-0.541755
-0.808287
0.628556
1.97556
-6.83112
1.31832
-0.246681
-0.000752358
0.000962983
14.7933
5.44754
-0.448537
-3.18841
0.457352
28.332
0.025024
0.436436
4.1813
3.98036
-3.83777
-0.428414
-12.1146
1.05625
1.21532
0.417292
2.24674
-0.13772
1.0879
0.341056
-1.25172
-1.36275
-0.364813
-0.704595
-3.99281
22.3882
-0.317926
-0.0157299
-0.316939
1.80128
-4.92364
-5.40205
-0.815541
-3.24031
-1.46186
-3.37037
0.36754
-1.49868
-0.109854
0.224865
0.307683
-11.6682
-0.700058
0.658535
-0.994
-1.06902
-0.754363
-1.12652
-0.0350624
1.63074
0.0477069
14.7341
0.0311118
0.321186
0.0860314
0.41841
-2.36905
-10.1018
0.474153
0.0411645
-0.78594
-3.09779
1.8376
-0.610994
-0.318938
-2.42158
-1.39942
3.59214
0.621884
-0.192323
-0.477103
1.54857
-0.281588
-0.104592
1.42909
0.371285
-0.302573
-149.341
-1.41504
-1.78403
-0.350937
6.74654
0.552587
-0.47307
1.3934
-0.651105
1.62686
-0.0102648
1.16003
0.793988
0.252822
0.325266
0.0978728
0.0971886
-0.670873
-1.91347
-0.440972
0.181175
0.340984
-5.68565
0.808766
-10.264
-155.178
0.535249
-1.41023
-1.30133
-1.29298
6.26165
0.572369
-0.13269
-0.734477
4.52522
0.388999
10.1462
3.9531
4.43999
0.340715
-0.0333723
1.68884
1.95128
-14.085
-0.522302
0.24883
1.56925
-0.995157
6.24096
-3.93521
0.523326
2.55692
13.4516
1.94293
-1.48509
-1.09306
0.906945
-1.32032
-2.61355
-0.914555
1.10353
0.411408
0.34842
-0.681184
-2.2682
-0.536982
-2.28666
1.9848
-0.553247
0.0371634
2.57106
-1.58648
-42.3276
0.138281
-0.226477
-0.202765
-0.993396
0.588705
-0.458785
4.88995
-2.11403
0.048017
-0.579039
0.637169
0.143669
-0.427007
-0.403469
4.37591
1.48154
1.01244
0.227957
0.248909
-1.74656
-3.81414
-3.76676
-3.6142
-0.474728
-1.13553
-1.94795
-0.40435
0.0763801
-36.6965
1.3109
-1.51981
-1.52843
0.459534
1.02214
-0.889452
-0.778236
-3.30695
-0.614711
6.69815
11.3745
0.294641
-0.00358113
5.41485
-1.63046
-2.27337
1.66013
-0.191782
-1.05019
-0.170374
-205.921
-1.68397
4.39843
4.2902
0.05015
2.16946
0.556857
-0.274402
0.759933
13.9703
-2.52646
117.335
0.054225
2.60905
4.32565
-0.670476
0.0632339
1.61095
-0.0213043
-7.03933
0.666815
0.156846
-2.87542
0.939942
1.51729
-2.7259
-1.69894
6.01597
-0.468066
-2.39408
4.05519
-58.3175
-0.921619
-1.51105
2.67337
-0.0973788
1.37166
-5.20754
0.886151
-0.93574
0.662275
13.608
-0.256779
-0.228145
-0.56474
-0.527161
1.16413
-0.773311
-2.80098
2.98046
2.23043
-1.48661
-0.55626
0.729895
-4.83398
-1.69976
0.512216
7.14363
-0.641593
1.94744
-0.406575
9.16474
0.379596
1.53001
-0.493976
3.8465
0.799186
0.189973
0.63734
-0.418549
0.590591
-6.9288
0.443285
0.0243867
1.33352
-1.14043
-3.79332
-1.2916
-0.0563191
4.04502
0.390388
-1.06455
1.5717
-0.534876
0.775577
1.35099
-0.375946
0.528635
-0.955433
0.659513
1.81106
-0.678941
2.18665
0.0266457
-0.173826
0.507842
-0.349247
6.7845
0.451283
0.112555
-0.532062
5.89027
-0.157043
-0.958537
-0.0107664
-1.71577
-0.545777
0.55296
0.350296
0.400758
-3.1495
-0.973473
0.403881
-0.595399
0.500679
-0.626558
0.308991
0.0152606
-2.4105
-0.284064
-2.02652
3.29801
-2.26937
2.65842
-1.26724
4.95312
3.55976
-3.81122
-0.200002
-3.75055
5.61995
1.54901
-0.465544
-1.69618
-1.94962
21.5694
-0.430615
-2.33338
1.00054
3.44355
0.397635
6.22229
2.43476
-0.351241
0.16281
28.1454
-1.2695
1.08118
-0.180901
0.262874
0.716989
0.488707
-1.57035
0.210645
-0.754309
1.37648
0.421374
1.91952
4.7747
3.47017
0.104144
0.666035
0.259708
13.2899
-1.73475
-0.0170925
-0.715898
8.41755
-2.61638
3.25549
144.167
0.0846061
-1.0766
-1.44459
-0.23528
-2.67475
-19.8483
7.17032
-0.277042
-0.596062
1.23826
3.7984
-0.371009
0.989064
-0.383766
-0.402916
0.902997
2.27816
-0.218154
0.280175
25.9564
0.0375634
2.07488
0.0505825
0.859062
0.95899
-0.153942
-3.56522
-0.0544716
0.0670522
4.47693
0.221217
0.149962
0.992027
0.894914
0.649328
-3.32752
-0.375014
20.189
37.5139
1.84679
-0.101085
0.702132
-15.581
1.354
1.57091
-3.78615
-28.7752
-1.17606
0.342991
-0.243918
-1.89085
-15.5792
-1.07418
0.411923
-0.514474
-1.23665
-0.648724
-0.709991
2.0162
-0.813222
-1.82655
-0.531317
-0.0159765
-0.809765
0.16135
1.99343
21.0421
0.221401
0.638651
0.475199
1.21651
0.736358
2.10557
-0.919541
-0.0533146
2.54779
-17.4155
0.461421
0.165012
36.3483
4.81456
3.23976
-1.39817
-2.95432
62.2783
0.865944
1.55195
0.669373
-8.32287
2.63323
2.8233
0.769206
0.38008
-1.45962
-0.511823
0.0506908
-22.1112
2.45606
0.133355
0.311176
2.13955
-0.074163
1.53072
1.03908
1.10453
0.119635
3.02536
0.352777
-0.650139
0.0972147
0.267103
-0.051943
0.215308
-0.56859
-0.821714
-0.261856
1.10006
-0.738073
-2.03303
0.382731
-4.43794
-7.14042
-1.06695
-4.98403
0.259299
-21.2541
0.784259
-0.659233
0.211936
1.33675
-1.97037
1.0785
-0.138695
2.6901
-0.160316
-0.595477
0.227469
-1.03999
1.17015
0.53165
-1.65876
0.938612
-0.29201
-0.621069
4.5765
-0.74524
1.05406
1.55404
0.0873355
-1.39996
-1.99052
-0.0732492
-2.14801
1.54
-0.495
-1.20561
0.0912853
1.71165
-2.12121
4.08104
0.538414
-1.83482
7.12922
-9.73604
-2.20365
1.39773
-4.65653
-0.893038
-0.738625
-10.4446
-0.730311
1.59267
-1.00326
0.0538148
4.08971
-1.84375
0.19416
-1.54222
-0.870152
-0.0500776
-67.302
2.3622
-0.0732006
-0.399735
-2.58302
-1.44243
-40.5757
2.84926
2.32862
4.79842
-0.418001
0.977582
3.22112
-24.9606
0.845546
-0.842203
1.46777
3.39635
-1.2113
-0.317787
0.712062
-0.702428
-81.1454
-0.60473
-0.610242
-2.16531
-2.20986
8.92074
0.159132
3.94769
9.22506
2.60321
-0.858929
4.59259
-0.961922
0.492422
0.605177
3.61976
0.563124
1.11993
-0.646919
-0.381638
-0.837183
0.319302
1.07055
-2.80897
-4.08008
3.66013
1.28042
13.8658
0.976434
0.0277408
12.5219
-9.45496
0.839929
-4.51813
-0.961799
0.00441118
-0.2417
1.25857
-24.2344
-0.607209
1.99315
-0.519688
-0.414728
-1.15117
-2.22215
-0.305792
1.24093
14.0792
-9.69946
-1.86635
0.0365807
-0.877534
0.0135452
0.032247
-3.15131
1.0173
-5.06792
0.173135
1.62663
0.0351144
-1.4478
0.811789
-0.322418
0.719211
0.819058
-2.56137
0.758085
0.909482
-0.947668
-0.439794
-0.624161
16.0655
-0.0425899
-3.97291
-2.14524
-19.2553
10.6639
1.43201
-1.21585
0.617878
0.455895
-0.943332
0.799758
-1.50221
0.478048
8.20298
-5.74674
0.0913178
-6.00767
0.404325
0.196419
0.203168
-0.817063
-1.35257
-1.09295
-1.40279
0.0315616
-16.236
1.03281
0.917093
0.0565735
-0.975003
-0.861042
0.363067
-4.5865
-0.301605
-2.06859
-0.326745
-0.944806
0.0281045
0.549716
-1.21185
-0.291124
0.00929779
-1.71352
0.585351
-5.28256
2.0504
0.162651
-0.20042
0.490099
-0.133822
-7.25563
-0.0280925
-1.13778
-1.67552
-1.58908
-3.23634
-0.720548
-0.323658
-0.425134
-0.985642
0.49462
-0.0877508
5.46131
9.55942
-0.284653
1.15186
0.554476
2.67052
0.0276412
-0.0818259
-0.382351
1.45434
0.849405
-0.118952
0.647367
-0.422527
-1.65251
0.944186
0.507611
-15.1549
-1.00927
-0.0805995
2.91518
0.461522
-0.386416
-11.1702
0.254589
0.796302
0.503096
-0.703344
-5.86817
3.57157
0.624904
0.253918
-0.964112
-8.56819
1.13709
0.568717
-0.133102
2.67641
0.340894
-1.11302
8.52594
-0.681173
4.9546
0.57357
-1.16161
-1.02061
2.31562
0.0256214
0.282933
-2.8166
-16.4165
0.699605
0.818372
0.109555
0.982219
0.409515
0.0958961
-1.76995
-2.12983
0.589103
-1.88541
-2.24335
0.744043
0.201097
-27.9884
0.60318
29.009
0.402154
0.462393
0.802996
-1.05831
-0.422336
0.669653
0.673575
-7.59892
0.511726
0.126485
0.302013
-2.08966
1.54507
0.533611
-6.50647
-1.46533
0.541002
0.768529
-0.429442
0.065911
0.586382
0.571941
-0.359097
0.194794
4.96897
-0.483434
0.591938
-2.26752
4.56414
1.1206
11.3499
0.946052
-1.0148
-1.82443
-1.4838
0.101942
4.00884
-1.09034
-1.5312
-0.102367
2.5766
-1.64401
-0.34906
0.272707
1.39799
-1.80273
0.33376
0.672014
-1.13261
1.79392
-0.0303171
4.30139
-0.341691
0.227879
-1.78966
1.21283
-22.526
-0.943034
-0.411538
1.31564
-1.70884
2.95729
0.213469
0.210128
2.32552
-2.7579
-1.91924
-0.0937582
-0.245071
-2.25203
25.2649
1.51974
0.15641
0.418731
0.543411
-1.01585
-16.6301
-4.51773
0.773942
0.550167
-9.09423
6.06761
-0.0682835
-0.609214
2.11079
-2.95441
-0.629482
0.810973
-0.37054
-0.878255
4.13894
-3.83716
0.32169
-0.519703
0.116364
0.969902
-0.0642068
-0.638587
-0.00764161
-0.0624148
-0.375819
0.28982
68.5484
-1.74732
-0.155333
-1.13781
-0.388344
0.219784
-3.46535
-0.328437
-0.360902
-0.0771918
6.24005
14.1489
4.671
0.366075
1.92741
0.0911966
2.12455
1.79154
2.83121
3.32253
-1.02395
7.51975
-0.758147
1.8298
-0.336905
-1.06728
-6.16631
2.99652
3.76698
4.53151
-0.231507
0.401045
3.49962
1.50652
-0.0222816
-1.69684
0.237012
0.211924
-0.18118
-3.67118
-0.789252
-0.22959
-1.73465
-0.533145
-7.02238
-1.94631
0.555063
-11.1389
-0.514563
-1.17643
0.962092
-0.377902
-0.652689
-1.73638
-1.26041
14.4856
2.08892
-12.8782
-0.349031
7.92537
-1.05586
0.629491
-0.234845
-4.05086
0.315944
0.649471
-0.450531
0.913651
11.5979
-0.778199
-0.0897695
1.01816
-0.683235
-0.812774
0.947525
-0.122865
-2.19923
0.23853
0.656397
1.96061
-0.0733736
1.16933
-2.35307
-0.804903
0.0449873
-0.0453071
0.125205
0.219422
-0.296604
-0.113928
-1.60811
-2.99387
-0.57835
1.23505
118.779
-1.60989
0.0840272
583.66
-2.47022
-0.215808
13.413
-20.9856
-0.351223
-0.631222
-0.324057
-59.3892
-5.62285
-278.731
20.0663
-0.792474
-12.4715
-0.517596
0.410906
1.48536
1.33489
-1.07417
-0.0781
3.98866
6.2037
1.09199
0.165726
0.707414
-2.50923
1.19066
-0.488678
10.2631
5.31001
-0.517134
-0.0627136
3.69189
0.572535
-0.824774
-0.833335
-0.163637
-1.72306
-0.39756
0.116344
-0.550216
-1.28999
1.8039
6.30924
0.414855
0.529477
0.602759
-0.455224
-33.8903
0.112528
4.09309
3.67096
0.786615
2.08967
0.694069
-2.02871
0.930245
0.650985
0.420618
4.46308
2.03196
-1.03718
1.51825
12.8339
-0.0939152
-1.55465
-1.46695
-2.74511
0.776833
0.187452
0.228399
10.6828
5.75549
-0.449696
-147.366
-0.149842
0.721077
0.705425
1.00853
-1.72805
5.59975
1.3303
-0.936095
-4.02164
2.2762
0.760067
-0.555493
14.487
-1.28684
0.862136
0.212463
-3.07758
1.33273
-2.77786
-1.31911
-0.380896
-1.22853
-0.9162
0.534848
2.16826
0.987209
6.24008
0.510775
0.306158
-0.399298
1.44457
-1.56594
-1.84189
1.10529
-1.22761
-0.591848
3.6675
-1.34755
3.54109
-0.604253
0.735855
-1.14958
-3.79341
3.09196
-0.0194911
1.55568
-0.628386
1.56016
-3.07962
0.113595
0.217543
-0.126557
1.55512
0.268565
-0.29565
-0.982297
0.694783
-0.660121
0.248094
1.17916
-1.60272
0.634142
2.10023
-0.813151
-0.375624
7.76848
-0.115432
-0.494235
-0.72267
0.580859
0.774775
2.32949e-06
-4.78404
0.107091
-5.11612
-0.461149
0.436631
1.60878
-0.786413
-2.83009
-1.74856
0.198779
2.05883
0.759632
-1.73941
-108.609
32.9423
-1.93744
-2.58692
3.14113
-1.45092
1.09555
83.6165
-8.49921
-0.185344
0.1252
-13.0392
-0.216372
-0.514405
-0.812045
0.276733
-186.335
0.344081
0.916204
3.3813
-20.4813
-2.72697
-0.981856
-7.49608
-33.8239
-4.67696
-0.70434
-0.39807
0.203722
-0.79702
0.361589
1.60206
-0.473687
-1.8028
0.865959
-0.311422
-0.0779967
0.105932
-1.26554
0.773907
1.25997
-2.34076
-0.0517256
-0.914483
-0.55021
0.0966258
-1.65332
1.01056
3.55307
1.48103
0.50606
0.287335
-26.2337
-0.925643
-0.0705223
-4.25453
-0.178585
0.993685
-8.83826
2.99358
24.3966
-10.0514
0.164903
-0.767387
0.70472
0.118874
-0.398944
-0.367393
-0.0215493
2.80736
-0.348056
1.99637
-0.521723
-1.19076
0.289168
28.4291
-0.363391
0.612405
0.439911
4.97778
3.28325
12.1936
-0.065997
-2.16833
1.13533
-1.31253
-7.23788
-1.29587
-5.41162
0.730952
10.8181
0.542535
0.276111
-0.0812876
6.05165
3.83391
-0.929408
0.76129
0.758939
0.184408
1.34009
0.725846
1.3202
-0.396462
0.348753
-0.632714
-3.01622
0.503286
-0.240346
-11.2342
0.611644
7.14294
2.18794
0.389278
3.43682
0.17185
-1.80124
-0.134889
-0.377801
-0.226282
-0.623252
0.278862
-2.52307
2.67105
-0.46293
1.12796
1.18892
-0.151739
-1.65002
0.520195
-3.74398
8.43054
-1.78317
3.5125
0.665696
4.64781
0.206194
0.765255
1575.03
-13.5483
-2.29025
5.17626
-0.837269
-1.62952
0.323051
8.06869
0.0946406
-1.03075
9.24611
2.45661
-1.30676
5.44286
-4.69853
-1.56253
0.106825
-0.0853933
0.815035
-0.826617
-2.01515
-7.22939
-1.71024
0.972936
0.899484
2.0053
336.092
-0.53511
0.942852
-11.7639
-0.737999
0.282646
-2.77256
0.348211
-12.5278
2.80698
-0.80816
-0.462646
0.680423
-11.5699
2.57973
-0.133997
8.89563
-1.81971
-0.0320339
15.8582
-0.757694
0.475174
-4.77542
0.228832
0.569651
-1.16738
0.467961
-15.6348
1.81325
52.303
-1.5155
-6.15051
-0.635991
-34.9331
-6.12475
21.9178
1.22551
0.168997
16.7681
0.186614
-2.79301
-0.525953
2.24334
-1.12436
3.34501
-20.793
-2.65349
-9.50595
-0.419479
-1.02386
0.00273814
1.38682
-1.91106
-0.287716
-12.9469
-0.570724
-0.036077
0.679911
0.156357
0.532464
0.224284
-40.392
1.34852
0.702856
-3.53382
1.5943
1.12894
-0.291782
-0.114487
1.00054
-0.470724
0.384274
-1.62626
0.414547
-0.23782
-0.656462
-0.61248
2.14302
-0.254003
-0.377024
-0.278713
0.0806184
-0.595667
0.286647
0.489837
-0.680108
-0.603764
-0.490992
-0.139184
0.0828467
-1.36362
-3.07914
-0.110882
-0.517578
1.52354
0.0910728
0.10986
0.388478
5.04289
13.2927
-0.570802
0.905809
-0.302082
-1.81103
3.25087
2.87207
0.559469
0.457909
-2.41148
0.415863
3.31233
8.23374
-0.829973
-0.685622
1.01861
1.33997
1.30553
-0.192676
0.113227
0.221607
-2.48787
-0.384728
-0.137922
-3.13477
3.06766
2.07697
5.10581
1.2229
57.0713
-0.827063
1.85873
-2.2787
-0.217416
-6.17516
0.725463
-1.28333
-1.20872
2.30763
0.987269
-0.839277
0.0751836
4.98305
-1.18557
1.51544
1.57603
0.12025
0.295362
-1.12397
1.20986
0.0502316
-3.86776
23.2851
-0.113567
-0.223446
-6.72912
7.6602
-1.78613
-0.307935
0.661319
-0.103602
-1.10209
-1.28839
-0.399284
-0.0950591
0.123666
-0.691921
-0.650292
-2.10997
4.01905
1.26871
1.8752
-0.489862
1.83568
3.45341
0.266166
-0.983917
-0.331445
1.57657
0.318549
-6.21344
0.202563
2.7537
-1.0523
-114.021
-12.7407
2.69431
-1.30052
0.2471
0.20334
0.325561
-0.698288
1.31864
-5.49419
-0.231205
-0.303996
-0.462389
15.2779
2.1143
-0.565998
-0.244945
0.15355
-0.38087
16.41
1.8957
-0.311237
7.67271
6.76353
-1.51998
-0.625962
-0.969187
0.610256
-5.13712
3.11862
-0.617621
0.394457
0.272568
-0.256659
1.77102
0.700025
1.35926
-0.586637
0.337364
-0.462719
-0.825712
0.00948977
2.26561
-2.98085
0.532237
-0.0626039
2.3201
-0.00503738
0.64145
-0.894129
1.44138
15.4311
3.3729
10.6961
0.115289
0.0621184
-6.19795
1.19793
1.22701
-0.844268
0.057468
2.38042
-0.171327
0.429175
0.358987
0.0176925
4.26715
-1.17196
-0.708153
-4.78677
-0.202697
4.14929
30.7743
1.36503
0.585971
-0.823887
-1.08249
0.752013
-0.114565
-1.55294
2.43829
-0.65677
2.67257
7.90599
1.15233
0.299681
0.473598
0.428115
0.538235
-62.441
6.23371
-2.05289
-0.322811
-2.19259
-1.81704
0.945457
13.7403
-0.356038
1.71586
0.448158
0.0820852
-6.04953
1.19404
0.295099
-1.22476
0.693406
14.3701
-1.64363
0.464297
-0.0128105
-1.63852
-25.6971
0.332389
0.531221
-0.0881797
-0.489877
-0.527571
-0.614913
-13.2344
-0.519984
-0.289643
0.877911
-2.31881
-0.14895
0.370041
269.962
-4.40023
0.97601
13.7602
6.09335
-0.922982
-3.19908
-80.2239
-0.715515
0.372262
-0.690798
0.54116
-12.4219
-1.84267
32.5281
-13.9538
-4.34187
1.9806
0.505979
-0.598685
1.58779
-1.3516
2.23761
-1.62364
1.59294
0.952117
0.238484
0.189021
-0.20377
-0.378495
-0.415616
0.312104
0.134008
0.018376
-4.19323
0.595556
-5.39492
-1.29932
1.6364
0.169076
-1.04005
1.45549
1.11363
0.81989
-3.40504
-19.9269
-0.149796
3.69766
5.87925
1.19842
-2.66147
0.189898
4.12129
-2.05928
-0.414993
-2.43928
29.8003
-1.86307
4.33443
-3.17922
1.13921
0.79937
3.11945
-0.0295302
-0.439282
-7.26155
-1.02065
2.20323
1.99985
-0.576165
5.73262
-1.82594
0.109039
-0.891939
-0.948221
0.123286
-3.0614
0.213225
-0.952253
-0.542763
-3.25925
-0.423421
0.22896
-1.41613
3.30765
1.79279
-1.15149
0.0808143
-0.186767
8.42563
0.833602
0.164866
-0.100966
-0.0803565
-0.328073
-10.9335
0.63456
-1.0438
-1.56196
-1.21943
-0.509439
-62.5238
-0.163014
-1.42602
-0.92711
-11.5982
-0.225859
-0.806805
2.0653
-2.51513
8.50054
1.75054
0.0587198
3.95911
-1.42707
0.813002
-0.324964
1.52279
4.08533
1.69514
-0.969904
-2.1692
-0.907739
2.46715
0.0639924
1.88854
0.0776505
0.435792
0.0944916
2.07215
-2.89858
-0.387069
3.12178
-0.758794
18.7067
-0.346597
0.293975
0.727143
5.17249
1.19961
0.29749
3.6528
-1.89961
0.115224
0.259276
1.06995
0.81175
1.8368
0.856071
3.01397
0.00766222
-0.913844
-2.04237
-1.00066
-0.283341
-1.01516
-0.618841
1.58021
-1.27783
-0.124328
0.430219
4.44527
2.60283
1.15252
-1.21279
-0.634394
-1.78419
3.07703
0.361085
1.92218
1.16394
0.0713817
-4.8765
-0.076741
-2.87136
-20.0798
-0.335331
-2.70009
0.226741
0.18065
1.09345
-1.8903
0.685263
1.13247
-0.479638
1.05719
-0.988892
-1.8839
0.6599
3.32368
-2.64558
-0.228335
0.0456613
0.192882
-10.8613
0.138951
0.86788
-3.14178
-92.2947
-1.43539
0.442928
-87.4678
-0.44163
0.490417
-0.50414
-1.57097
1.62888
4.73551
1.4217
1.36084
1.03801
-6.2723
-0.608159
0.912729
0.948642
-0.166818
-1.22198
-63.1318
0.466962
-0.303565
0.434824
1.93272
-17.9954
-10.4905
2.44051
1.36037
-0.437277
-0.955983
-1.15262
0.751607
-25.2362
1.2583
1.35855
-268.3
1.09456
-10.4084
-2.5666
-1.35904
1.20558
0.538711
-0.325613
4.35215
0.620601
-0.108918
0.0410435
-0.339094
-0.925416
-2.67939
0.743051
-3.56361
1.83067
0.620181
2.43373
4.18458
-0.572697
0.463083
-7.41943
3.34205
0.857453
1.03054
1.0156
-3.51566
0.806973
-0.750108
-0.670078
-0.433479
8.46923
5.27157
-0.27606
-9.96974
-4.73315
0.471828
1.83188
-4.38316
0.889097
-1.09922
1.28615
-1.58532
-40.2382
1.20631
-0.616614
0.975194
7.98794
-0.223415
0.466594
-28.0902
-2.14142
0.485453
-0.555737
-1.81809
-0.533925
0.230793
1.64537
-0.694493
-0.458987
1.1117
0.279487
-0.229577
0.945886
3.47904
-0.0241583
-0.351878
-0.621686
0.741169
-0.118888
0.421574
0.76243
0.24644
7.80036
-1.77854
0.0174322
0.27787
1.008
0.808814
1.31113
-0.868721
-1.47626
-2.09073
0.708516
-0.323616
-2.01577
-2.0763
4429.04
1.16965
-0.417911
-0.821503
0.794624
-1.43395
-1.42619
0.706437
0.273055
2.41925
3.34705
1.31662
-7.92872
-16.5862
0.760527
-3.11272
1.34244
0.632896
-0.348469
2.01881
0.104423
1.8873
-0.58053
1.27792
18.8495
-1.56508
-0.874028
-0.143866
-0.649337
-0.366389
-2.04617
-0.530051
6.25688
1.80278
0.762597
-1.52702
14.4201
0.0142975
1.08845
-0.409163
-0.48393
-0.135378
-2.08413
-0.980138
-0.13885
0.254392
1.62472
0.972123
-3.79473
-0.426776
-1.17806
2.8489
-13.8502
0.160206
-0.162501
0.363264
0.385128
-0.132666
-0.508575
4.36182
-0.0685067
-0.261893
2.89423
-0.526742
-0.786486
0.542434
0.199645
0.218436
0.321418
-2.81288
0.021828
1.00735
98.238
-0.366609
0.565104
2.69833
-1.103
0.697202
-0.377004
5.31023
-4.03674
-4.67732
-0.427861
5.52226
-1.5725
2.49885
1.0913
-0.00528551
-1.26851
-0.873732
-0.250224
-0.355085
-1.63923
0.250006
1.04019
3.671
-1.32394
-1.1107
0.00109359
0.644559
0.583099
0.0749532
1.53276
0.777629
1.33711
2.52784
-0.398255
-0.936609
28.7921
-87.9215
1.4216
1.85136
0.352764
0.484289
-0.705425
0.240499
-0.207723
2.80788
1.18171
0.590401
0.794462
31.1608
1.45943
-5.88684
1.26482
-3.1139
0.10464
-0.220045
-1.28738
0.175446
-3.62254
-6.78399
-0.349366
-3.51407
-1.27327
6.23064
-0.253558
-0.534196
0.257647
2.6792
-2.4473
3.19008
0.195799
-2.68588
0.256558
0.0385468
-2.71746
-4.0894
-0.893778
-1.03115
-1.92428
0.574175
1.47388
-7.99461
-0.277946
-0.110426
-0.35643
1.51816
-0.0350454
0.633133
-9.60001
-0.629338
-0.710332
-0.203728
-0.221534
-28.6056
0.141107
0.680409
0.703506
1.39138
-0.286523
6.64286
-45.3022
-0.723337
1.75152
-1.88693
0.139384
15.5311
1.15852
1.22917
-1.58871
-0.477555
0.592471
4.10457
-1.11339
0.586351
1.75431
0.025467
-1.54887
-0.582207
-1.41657
-0.44655
-1.911
-0.379179
0.074463
-2.58731
3.53392
0.70239
0.117986
-3.17463
-0.901621
1.6893
4.33289
-0.978195
0.262486
123.702
13.0331
-4.00052
-0.605508
-10.2202
-9.63691
-0.333768
1.14575
-5.28556
-2.74997
-0.0105133
-1.52943
0.730221
-0.473571
-0.561144
2.08892
0.32761
-0.0282396
-0.560342
0.855984
0.599684
-0.41811
-0.150628
1.40156
-0.301673
0.0513452
1.692
-0.831369
2.34588
0.121443
-2.72783
-0.170346
-1.8477
2.03651
-0.108289
0.616987
-0.326193
1.8107
-1.06027
-0.319753
-3.51033
-4.26488
1.41448
-0.102955
0.389999
2.94778
-0.472597
0.192046
-0.0444505
-0.383921
-0.399348
-3.1332
0.397832
-1.16263
-0.226184
0.17919
1.43721
-12.7335
-1.47886
0.00332384
1.15312
3.45854
-1.31416
1.06709
0.574105
2.95676
-0.298514
-0.125524
-0.0846958
-1.30999
-1.16563
0.164554
-1.69779
0.216775
-1.03234
0.136984
-1.41924
-24.8721
-2.87094
1.29485
-0.114532
-0.299385
-0.0895304
-1.33912
-99.1281
0.355064
0.742425
0.191546
1.51994
-0.747664
3.11612
-6.70305
-1.98371
0.669244
-0.0708426
0.0170394
-1.81905
1.31075
0.565363
0.155278
2.1333
-0.0995381
-0.514715
-0.539889
-0.729577
1.63355
1.23512
0.863969
1.96762
0.103658
-0.869654
3.43983
-1.73586
2.23451
-2.033
1.37492
-1.17436
0.0127184
1.91314
0.588039
-14.5824
5.88933
-16.1267
-0.0249965
-0.26334
0.56502
0.335735
-0.142378
-0.125943
1.0447
2.66945
-2.20289
-0.636207
1.4006
0.437279
0.789327
-0.548746
0.375562
0.50994
0.830463
-3.05367
0.942213
1.15473
-1.30154
3.06809
-0.721588
0.597382
2.53341
69.973
-0.406188
-8.38709
0.529075
-1.21895
1.27712
0.701782
4.43747
0.602868
-0.520551
0.402988
0.0156049
-0.285364
1.19865
-1.45186
-0.0141059
-0.374232
1.75911
-0.349221
-0.113217
-0.256263
0.590029
-1.19799
2.67326
0.0707097
-1.88428
-0.919757
-0.337404
1.26861
0.572637
1.75928
1.28114
-1.0909
-0.0603633
1.48945
-3.01203
-1.92007
1.15675
2.08849
1.35488
-0.479222
2.57214
-0.45205
-0.746578
0.744208
-0.303831
-1.66995
0.833092
0.604565
-1.78444
-0.0564461
-1.94158
-0.150533
1.13424
0.769812
-3.54258
4.61938
-4.00722
14.5457
-1.2089
0.509988
-0.463039
1.7234
6.83564
-3.54223
-11.7641
3.4464
-17.6909
-0.0813287
-0.404841
2.4217
0.481783
3.47007
1.26089
0.306038
1.37203
0.364013
0.751908
-15.6007
0.392363
-0.247925
-2.08648
-0.258322
-1.21424
11.5781
-0.92736
-1.76927
-7.23631
17.0215
-4.99131
-0.46597
1.54462
2.74522
1.46901
0.505618
-0.792818
0.82349
1.76552
-1.87424
-0.464422
-0.0893669
-0.442523
-0.433806
-6.68374
-0.00183807
0.638441
-5.41538
0.054655
-0.787992
-0.0538848
-16.9861
0.598614
0.224499
-4.69845
-6.94611
-0.00756401
0.877372
0.0278028
-0.530375
22.878
1.1179
0.103195
0.326312
-0.911122
0.449531
5.97066
-0.233905
-26.2803
-0.139858
-0.354785
-18.8303
1.46395
-74.2075
2.11633
-0.0220973
-0.609855
1.62167
-0.923323
0.957055
2.56705
-1.41917
1.73298
-0.629329
0.0172571
0.889873
-3.96624
-0.937706
1.30402
1.28981
-0.781466
2.78878
7.01084
7.62963
1.49459
-0.580129
-0.135888
-0.163652
-3.65085
1.9415
1.42166
8.33729
6.63694
0.194087
0.155528
-0.811997
-3.57371
-2.24052
0.459431
0.214442
-0.0267369
3.20691
-1.56621
1.57422
0.328643
0.544499
0.0234773
-0.341175
0.856053
-2.89036
1.24426
-1.05761
-1.56546
1.51002
2.24602
-0.135932
0.0163657
-0.356058
2.72122
-0.657062
-0.878505
-0.159657
-0.798111
3.82219
1.55751
8.15474
97.4631
0.508221
0.913873
0.33446
0.272256
0.522782
0.265907
-0.588736
-0.046842
0.428776
-1.64097
-2.87796
1.90654
5.88801
-1.39386
-7.25255
3.85423
1.22495
-0.294111
0.807807
2.18494
2.96442
-0.580709
0.177375
-0.385549
-3.48448
0.589767
7.20803
-0.499452
-0.831616
-0.808957
1.0802
-0.179355
0.390859
1.01151
-0.249537
-0.186832
-26.0066
1.64034
92.9561
0.0991338
-0.914314
3.52212
-2.19959
-0.221654
0.180904
0.935309
-2.1973
-0.524097
0.326361
3.26188
-3.04663
-0.635272
7.45296
-0.314781
-0.824404
-0.743628
1.68304
-3.37897
0.0644144
-0.863144
-0.163482
1.86881
-30.2377
-1.27642
0.344723
-0.177917
-14.0299
-2.44414
1.94396
-0.900765
-0.739315
0.0619567
-0.951741
-12.0795
3.71193
-0.721065
0.288116
1.09944
-0.584119
0.376463
10.2442
-7.0671
0.10541
3.4445
-0.455498
0.515701
1.27857
0.878336
-0.186799
7.38563
0.0020522
-1.58253
-0.0748591
-2.11783
0.639819
0.523129
-2.96653
-0.112657
-0.317234
-0.3683
2.04094
0.214873
0.4328
0.16074
1.84143
0.338191
0.497116
-0.116553
-0.403631
0.132511
-0.182529
147.84
0.385353
-0.837891
1.31195
-0.191156
6.62405
-0.0344265
0.3231
-1.03822
-2.77041
-0.800354
-6.44154
-1.4185
7.04297
0.416045
1.53697
-1.43384
-0.870769
57.2438
-0.849271
-0.778505
0.379029
0.448025
2.68068
-1.27297
3.12553
-4.51318
0.603464
1.37827
0.521987
-0.637123
0.726375
1.00906
-0.000479937
1.3656
7.11859
0.831832
-7.77775
0.410174
-0.914646
-0.897943
2.19917
1.62447
-2.07673
-0.0999483
0.0901069
-6.73256
0.522422
-3.25696
-3.36089
-0.604502
1.96209
-0.12364
9.33462
0.396471
4.78216
0.506293
-1.58094
0.0687181
0.466471
1.86793
0.551892
0.0176331
-0.307078
-9.59907
4.42438
-0.0479484
-1.2895
0.620304
7.77891
0.842014
-0.944718
-0.295459
0.529331
3.11564
-1.66535
24.1983
-0.167557
-1.89376
-3.97725
-0.925831
0.0960373
-1.86471
-1.52151
1.09758
-1.63088
-0.747995
-1.27612
-11.828
-1.31729
0.403937
-0.0293713
-1.50119
2.6023
-0.635515
-1.25345
0.927265
-1.88837
1.57346
-0.00131096
-4.1876
-0.490997
1.3786
1.90321
-0.326565
-0.333822
-0.575239
0.513755
-3.18649
-1.33239
0.255133
-0.413576
11.1143
-0.426758
0.435919
0.315329
0.165629
-0.737013
-0.786995
3.1613
-4.20804
-2.52691
37.4037
-0.587638
0.0795203
1.12756
-0.86243
0.809524
-1.83763
-0.173182
0.784826
0.703353
0.461755
37.719
-0.441346
1.1711
0.0696656
1.58674
1.16898
-5.26698
-0.413081
0.59792
0.0559258
-0.960039
0.106367
-7.54572
-1.48883
-0.1659
-25.2042
1.14054
11.4128
1.87525
-3.35877
-0.205255
-0.899523
-0.121732
0.68573
-1.4279
1.14294
-8.1164
1.15143
-0.865149
1.24494
0.661583
0.00281413
7.83526
5.26424
-1.5154
0.923124
0.974343
0.000450141
26.0948
19.9747
0.627507
-5.44789
8.55658
0.845486
13.9345
-0.542914
-1.69952
-0.888349
-5.51462
-3.10255
-1.74517
-1.5158
-0.0574509
0.405118
7.46749
3.89863
0.368276
-2.11723
1.31365
-0.204587
1.87509
-0.774985
-0.662376
-3.05641
-1.67863
0.848039
-3.37651
0.6981
-1.62871
0.200078
11.3057
-2.11885
3.69646
-2.01361
-0.55434
-0.326103
2.46587
2.82001
1.97615
1.67208
7.30171
1.60744
4.62061
0.336273
-3.90477
-2.41949
0.74667
0.252342
-1.53675
0.470288
-3.157
-1.7086
48.7291
-1.63522
1.21837
-22.5787
5.51229
-1.65783
1.66341
-6.79832
0.262393
0.524593
-2.61169
-10.9362
1.76404
0.956975
-0.564231
-1.88504
-1.86578
-4.40026
-4.20045
2.50849
0.571213
-0.760684
0.5805
0.406158
0.789871
0.364628
0.65732
3.50362
1.20948
0.620004
-0.387725
-1.4592
1.51255
0.16261
-30.878
-0.232599
0.090819
-0.211206
-11.0216
2.64155
4.74854
5.6463
-0.244649
-2.0725
1.38783
0.238149
0.182512
7.69815
-0.0779444
0.147616
-2.44602
0.852379
-0.232611
1.03614
0.542721
3.42894
0.162096
0.153242
0.0446295
-0.600162
0.469703
-0.359442
-0.302242
0.854743
4.38907
-0.7934
-12.0654
0.748151
1.97211
1.62162
-2.00734
1.41305
-24.1778
-0.916517
-7.04612
-0.24858
-0.372098
-2.6593
2.57328
-1.63754
1.87136
-1.06311
-0.393149
-2.23273
543.167
-4.98089
-0.3726
-0.168714
0.391971
0.544804
-0.468351
0.0784372
6.06941
-0.902906
2.36041
2.28448
160.604
-3.17109
8.5615
-0.501277
-1.0927
-1.37636
0.355277
0.562554
-0.217937
-0.0262379
-0.93325
110.287
-0.650986
0.0490221
1.0923
-0.397799
1.86891
-0.0073628
-5.60147
3.59552
0.572456
0.164394
1.65839
-259.463
-1.30874
4.06321
-1.96682
-1.36315
0.218785
0.0338736
-1.58585
-1.93481
-1.52386
-1.64713
2.45975
4.57376
0.416325
-0.0933925
-1.14354
0.806419
-1.99743
-0.916689
-0.198604
0.515106
0.599311
0.0433275
-5.69642
-1.68325
0.101565
1.81063
0.454538
0.157045
4.01961
-0.645832
-5.01984
-2.77498
2.57734
1.47108
0.00881281
0.457509
-1.88885
-0.267092
-2.75094
0.209036
-4.74871
-0.0686465
-1.32657
1.56731
-0.7408
34.5693
1.86099
11.4396
0.907342
-2.42693
-0.922054
0.660933
0.566192
1.31169
-11.5207
0.704507
0.761755
-1.08279
9.40945
5.69789
-0.222929
-0.161605
-0.265648
-0.0995755
-0.172973
-21.5434
-2.351
-0.377986
0.128536
-0.344337
13.8231
-3.10543
-0.695518
0.0490112
3.4759
2.18889
17.4619
0.852036
0.648697
-10.8084
0.0410278
0.573208
-1.53263
-0.559435
-0.573307
-0.150555
-0.360255
1.29824
-2.02034
6.0845
2.60227
-0.322049
-0.748077
-0.519836
-1.34787
-3.95618
0.420499
4.66564
-54.1801
-2.53245
1.86228
4.73123
-1.71662
0.578985
-0.490416
0.533564
-2.94283
-0.553431
-1.53286
1.29654
-0.166885
1.18838
-1.31604
1.13317
0.655163
-4.36643
-0.329693
-1.53666
-0.57138
1.21443
-0.378788
-0.848181
2.32828
0.4321
3.87383
4.41037
-0.129533
3.23786
-0.387354
-0.561093
1.36451
-0.525728
-1.80794
5.12353
0.910797
-1.21788
-2.51195
-0.770498
-0.590145
1.23061
-3.00884
-0.141831
0.293588
0.681341
1.97894
-1.54458
-68.5107
-0.153037
-0.496586
0.592438
0.151648
0.0962169
1.61104
3.37714
-4.89724
1.85649
-155.022
0.486053
-0.553957
-0.301261
-6.58561
0.613056
1.67326
0.754813
10.4
0.482567
-0.234645
-4.34361
1.58176
0.0448062
-0.657828
0.166942
0.192746
1.38632
-0.985407
0.30792
-7.84129
-4.21474
-1.13573
0.192555
4.20752
-0.369342
-0.751724
0.671638
-0.259022
-0.137177
0.671948
-0.150421
2.36293
-0.250176
-1.59271
0.304315
-1.91201
0.0219457
-2.7277
3.53571
-0.52485
3.51296
-8.47395
-1.51635
-0.0418275
-0.682205
-4.71379
-0.189531
-4.71455
1.20483
-27.4302
0.765494
0.885114
-0.399131
0.248346
1.68098
0.0927239
-0.0920831
-0.902616
-0.494739
-58.4665
1.5444
-1.03587
17.4293
1.19867
0.111568
0.113862
1.59491
-1.14041
3.97387
1.03182
-0.504597
-0.0355778
2.18747
1.49879
-0.371421
3.85607
16.123
1.4832
1.0772
-0.190356
2.17355
-0.194706
-0.539759
0.57348
0.821436
-0.166377
0.370921
-0.293232
-2.91758
-0.285587
1.12355
-2.21499
-1.18345
-1.02522
0.58814
3.22743
0.788565
5.2987
-0.554539
-0.934358
0.597298
7.27528
0.925806
-0.960371
0.22491
0.0362543
-3.05825
-5.02748
0.528599
1.1588
-1.42302
-4.67608
-2.88741
-3.08986
-0.363225
0.0684307
-0.528689
0.111229
3.16395
-5.21115
-9.16367
-1.61976
-0.0445513
-0.324725
7.44803
1.57863
9.94609
-0.171298
0.236676
-0.707526
0.471247
0.356514
-0.441313
0.087729
-1.05743
-3.54648
7.09234
-2.98892
-1.33272
-1.7357
-0.706527
1.70717
1.2794
0.553699
-0.38838
0.425689
20.7106
-0.743053
-1.36487
-1.73339
-0.296452
1.54603
0.242739
-2.1953
0.106562
10.5777
0.0456165
21.7657
0.663676
-0.820235
-0.0327727
1.49924
-0.548492
-0.41497
-0.889995
-2.33385
-0.501862
-1.24601
-1.06798
0.0515614
-3.77048
-0.495842
-0.152378
3.68212
7.24862
1.3745
1.03145
-0.871191
0.882128
0.156906
1.48235
0.203747
0.147656
1.84464
-0.00133035
-1.11793
0.212444
-3.07322
24.8574
0.705079
0.6644
-12.9693
-1.86789
-6.26295
6.54812
19.2549
0.0907071
1.72638
-5.90165
-6.61089
1.56708
-13.062
-8.13062
0.43509
4.89569
-0.0368894
2.01243
0.364798
2.41601
-0.929571
-3.16991
-1.29493
0.436392
0.743607
0.708123
-0.476615
-0.5124
-0.418289
-0.226456
-2.65915
0.380502
30.7216
0.452288
-1.73306
-2.8307
-0.0927658
1.64334
0.299208
-2.98099
1.84226
1.74551
0.483379
-16.6798
-0.606571
-4.0957
0.214193
-10.8617
-0.254698
0.485766
-0.297251
-0.544726
6.48431
-1.06206
0.104191
-1.09357
-0.137388
-5.00401
6.67085
0.805907
-0.716016
0.0574433
-1.54902
-0.372697
0.717307
-1.3782
-1.02719
5.4099
0.35498
0.0649543
1.06454
-0.827362
-2.27354
0.0219463
1.12313
-0.356458
-0.0725963
-1.28161
-0.996496
-0.769426
-38.9329
-0.133894
-1.26605
-0.825892
-0.192855
-0.666805
-5.67191
-3.67152
-1.42893
6.96655
0.205422
0.678962
0.561205
1.72203
3.79671e-05
-0.264833
-0.135727
-0.10041
1.39258
3.83
-0.147885
-1.36697
-5.33297
-0.865212
0.268483
1.39189
2.02804
0.384461
2.6358
-1.05132
0.642999
-8.55915
1.14988
-0.214021
-0.660134
2.7985
-0.351403
-0.484863
-0.821642
0.19073
-0.215136
0.372844
-0.171086
5.31986
1.77985
0.576658
1.23174
-1.05036
-0.258522
-0.61058
1.86198
-6.58961
-0.536971
-0.79357
0.936007
1.51902
0.0535222
-0.0534692
4.24803
-0.94161
-0.288493
-0.306352
0.301093
1.32962
0.322422
0.437067
-11.4399
-2.89951
1.05575
-24.8457
0.104157
3.34198
-0.883253
-0.47772
-0.399711
9.19767
0.0683919
-0.202857
0.0406455
-2.67846
-0.254812
-0.648217
-0.825537
-1.55124
-0.0822607
0.480109
3.9375
-1.06902
1.26631
0.764372
-1.04804
-0.552159
-0.215129
-1.10999
-0.152921
6.68788
-2.53638
1.69114
5.78315
-1.48831
0.108128
-0.621818
2.47432
-2.39176
-0.787249
-0.12206
0.354471
1.12014
8.01145
-1.41122
9.50107
-1.0968
0.121115
-0.314417
1.70637
1.30356
3.09071
-0.723269
-1.23384
-2.85371
-1.6654
1.67381
-0.0584512
-3.81887
0.69437
3.66862
0.652034
0.703083
0.578772
-4.71933
-0.830788
-23.5812
0.422985
1.47782
-0.612271
-2.27421
0.651007
-0.421139
-0.617081
1.90243
-1.21645
16.6386
-0.128055
-4.25274
-0.873192
1.61326
3.66572
0.303355
-2.92875
-0.567424
0.639152
-0.471518
2.11413
-4.61248
-0.294665
0.0133627
2.35545
-1.23601
-0.0873977
-0.218473
-2.21863
-3.70506
0.509669
-3.18616
3.03433
-12.7871
-0.189325
-0.18272
0.0793617
-1.10486
-0.934356
0.597789
0.322869
11.0046
-0.521408
3.78455
0.608282
0.955481
0.397577
-6.97396
-1.20609
-0.600606
1.73741
-28.6054
1.60782
3.07288
-0.112512
10.6312
0.387739
5.41577
-1.91395
1.25067
-0.684359
0.454387
-0.175921
-2.70717
2.38
0.775536
0.377482
-0.717844
-6.69593
-0.554683
-4.34314
-0.357546
1.23107
-0.238602
4.57497
-0.780469
0.158152
3.04277
2.3322
0.79324
2.00963
-1.85286
0.72747
0.606421
0.147839
-0.994545
-0.22554
0.205832
-0.34229
-0.170209
-0.717319
-2.46576
-0.159117
1.62555
0.317009
-0.00877907
1.17275
-0.0090468
-7.73843
0.959901
0.0221541
-0.724876
11.2123
-0.862906
-0.586479
1.45853
0.810969
-1.68244
-62.3761
-0.863394
-0.121214
1.55828
1.38635
-0.564072
1.98587
0.371139
0.717104
-3.91541
1.57326
-1.28896
-2.51959
2.18437
-0.310268
0.211113
0.41006
-1.51954
-2.71534
-0.0119506
0.577195
-0.361066
1.1778
0.513424
2.72322
-0.229182
-0.0432081
-0.207448
-8.21625
31.9887
-1.1435
1.69638
-0.707245
0.582613
0.246482
-0.508058
-2.1433
-0.85928
-0.159218
-3.63155
1.63811
-1.24334
-2.4804
-4.63022
70.8109
-126.288
2.16868
1.30193
1.84299
0.823346
-12.3124
1.32041
0.848261
-1.49797
-0.693225
1.67683
0.214774
0.957281
-22.3298
0.475903
-1.77271
-0.0350719
-14.3692
2.01546
-1.59602
-5.9636
0.681725
-0.416326
0.0797853
1.12848
-3.03806
0.663005
-0.306954
8.50277
2.4078
-0.233402
0.94256
-6.30572
-2.06911
-0.326599
-0.414363
0.627835
0.0387898
-0.860525
0.192063
-0.0325421
-0.340055
0.195009
0.928833
-2.46831
-0.427231
-0.202136
-1.50407
0.974497
-0.902547
-0.226029
-0.796878
0.191319
-0.183893
2.1366
-27.5931
0.232557
2.82042
-2.7112
0.384419
4.90689
-1.3491
0.735677
-0.366008
-28.2425
0.34191
-132.819
0.676129
0.302139
1.04425
-0.229554
-0.0829911
-0.0826638
-0.0649466
0.434231
0.695352
-0.0906979
-0.298089
-0.325444
-0.348492
0.000161635
-19.5831
-1.00455
0.435729
0.0526268
-0.302452
-0.295723
-0.985615
-0.297254
-7.45907
2.58859
-39.3096
2.15289
-6.2844
0.59666
1.29597
-0.0722079
1.0221
-0.632692
7.72906
-0.263016
-1.52828
3.30944
0.807603
-0.813484
-0.775914
-25.3427
0.433523
-0.293238
11.2905
2.70028
0.107083
7.25173
13.753
-0.260402
-0.00201114
-0.913671
0.117566
0.188139
0.0550213
-1.98551
4.14058
-1.27671
-0.0709176
0.176088
19.2149
1.04297
-0.465161
-0.753487
3.7798
1.22355
0.103314
-0.0250314
1.27773
-0.729718
9.51803
0.445349
-0.556855
0.118888
-0.997971
1.91356
-1.68723
-2.18552
-1.40465
0.385238
-1.8937
-5.03257
20.7308
-0.823078
0.10265
5.84362
-0.360911
1.59829
-1.31782
0.692493
-2.54461
3.04453
0.594893
1.40044
-8.57085
0.309705
-0.826052
-8.29028
-0.327321
1.41038
69.6686
-0.738564
1.73674
0.192102
0.380758
-12.3491
24.9835
-1.06893
5.03031
-0.590251
-3.45189
-1.03906
0.562796
-1.62323
0.340959
-0.604824
51.8867
-0.188017
3.9885
-2.33672
1.1765
-0.277895
-0.443242
0.0976126
0.245214
-0.107804
7.82907
-0.990686
0.491806
2.05186
0.191028
1.93506
-0.133921
-0.477063
-1.63036
1.99333
0.900713
-4.20909
-2.04615
-77.9498
-4.79496
-31.6613
-0.870437
1.20694
0.713574
-4.33316
0.23114
-3.93171
-0.0712467
0.616248
-0.26575
-0.0254994
-0.216784
-4.08343
1.32628
-0.516172
-4.21268
1.49032
-0.939863
15.9015
-0.180746
-2.44309
-25.5725
-0.0506422
-1.09104
0.65476
-0.604947
-1.91597
-2.43704
5.24076
1.57198
-0.90868
-4.19214
0.579974
0.170554
-0.283587
0.166542
0.135138
-0.148821
5.21858
1.41555
0.0436656
-8.13843
4753.17
-2.14927
-0.299272
0.281832
-1.97285
1.72079
0.697612
-0.176962
0.72834
1.11123
-1.07255
0.290433
2.76823
0.846487
-0.410447
2.26009
-1.41982
0.264364
1.68028
-2.06798
-4.77792
-0.354483
5.92155
0.745483
2.2651
-4.07617
-6.10947
-0.0986268
0.871453
-0.0883485
-0.289364
1.02728
1.37012
-0.638985
-7.69842
-0.485681
0.552095
-1.021
-1.28678
-1.08362
-1.92428
-0.693625
-6.69497
-0.740666
-0.0740505
-23.9787
-1.36097
0.710444
-0.836251
-1.29061
-1.17424
-0.110775
-1.7223
-1.48297
20.8499
4.71099
-13.0271
-0.479231
-0.0131432
2.42633
0.162399
0.44484
3.01021
0.913218
4.50297
-7.50005
-1.19405
-0.582734
0.820263
-0.721065
0.301901
1.63881
-1.83839
-0.0276616
0.794967
3.22461
-0.174883
-0.0221146
-1.76102
-1.97872
2.83591
0.542017
-2.36633
-1.4854
9.20806
-0.19983
-0.396418
-0.162345
-0.184196
0.448906
-5.93129
-7.45561
0.216547
-10.5327
-1.11612
2.86481
0.079723
0.89881
0.283481
-4.69948
0.595995
5.80493
-0.768095
-0.504405
2.99169
-0.769893
-0.382367
0.0713376
0.954624
-0.07121
3.3507
0.311173
-1.58324
2.86456
-0.735351
5.86219
1.03135
-1.39392
-1.73526
-0.911326
-0.145799
21.7996
-0.850176
0.755035
0.621374
0.409235
-0.331054
-1.46432
-0.737818
0.308793
-0.170583
-0.00580275
-2.31262
-1.85111
-3.85518
-4.60362
0.464593
-1.28211
3.02368
0.25298
-4.08909
-0.983295
-1.74111
-0.403506
1.63546
-0.25913
1.1985
3.67971
-0.994099
0.103025
-0.382361
-0.364513
1.69843
-0.627577
0.894564
0.414563
-0.291608
0.606402
2.70257
1.57717
0.0544039
-0.393893
0.554385
1.04065
-2.5783
0.516068
1.63454
0.371208
-0.893176
-0.497305
-1.45822
0.286808
0.212981
0.774975
-0.855426
1.88122
-0.198449
-1.72298
9.77825
-1.2833
1.16941
0.22979
-3.62762
-3.47917
0.161731
0.0506484
0.920566
9.28168
-0.00129748
-0.0394793
0.0429683
-1.79962
0.39311
-1.45066
-0.215154
-1.02729
-0.22265
-0.608156
0.174789
-1.70341
0.679841
0.662749
0.273399
1.22652
-0.735926
-0.474347
-0.0722213
-3.64131
-0.529527
-3.92134
-0.57708
1.21357
-0.257262
-2.04821
0.131122
-1.87306
-1.46949
-17.5104
48.0659
0.708097
-4.44794
7.88784
-0.181609
-9.65127
-2.47148
0.16375
1.24698
0.926662
2.25946
-1.006
3.04535
-1.67365
1.36281
4.33537
4.94374
0.959175
1.8662
3.32298
-10.4517
1.1294
1.622
-0.195711
-0.270471
-0.395959
-1.22727
8.98078
106.038
-22.3052
-2.33251
0.69672
-1.77515
-1.17381
-2.24308
-36.3684
0.0293019
-0.19764
3.41071
0.455185
0.0412981
-2.13185
-0.360078
1.98891
0.802884
-0.77846
0.439656
-0.629757
3.85733
-2.2622
-0.224245
-64.1403
3.01048
-4.43235
-2.92073
-0.421232
-27.0945
-1.6154
-6.35067
3.00726
-0.476869
10.5159
0.0204996
1.58934
0.778839
-2.13802
0.288289
-0.608484
0.105227
-0.803812
0.45822
0.493037
-2.7274
-2.04155
1.05566
-12.6597
10.6614
6.53719
-0.33932
23.7569
0.0305713
8.33731
-2.56019
-0.909852
-0.96266
-0.329898
0.324941
-0.186894
0.39831
1.69803
0.595551
-0.198112
-5.14725
-0.224933
0.14585
-1.76133
-21.7345
-1.468
6.26166
-3.53916
-887.561
-0.529445
0.00420205
4.45143
2.41341
0.595692
-2.17755
-0.189568
-0.544878
0.354373
-3.76664
-0.485417
0.829533
-0.225387
3.36548
-0.962773
-0.970054
-0.116508
-7.18593
3.60744
-0.318879
1.69011
0.279394
0.544704
-2.56413
0.152044
-0.570694
-1.34335
-2.28713
1.50976
-1.37962
-8.29881
0.292431
-0.649742
0.3652
5.34125
-0.62327
-0.0429766
1.66324
1.3152
-0.619184
0.804673
0.55801
2.98091
-1.06551
-0.806397
-0.238676
0.0563235
-1.41375
-0.0162633
3.6609
-4.67512
3.37469
1.31764
3.83737
0.765619
2.58811
4.22368
-0.34748
-0.0246517
0.693579
4.9804
-2.95999
0.0926874
1.03508
43.8438
-18.5887
1.04572
3.64252
-0.386655
7.46617
5.14309
0.519802
1.57984
0.404976
0.980379
0.612052
0.512081
-0.635226
-1.91198
0.707372
-13.4181
1.74319
4.01798
0.393578
0.581163
0.721216
-2.17887
-4.39791
-8.38103
2.12322
0.125601
21.6112
-1.14256
0.447717
1.05887
-1.66407
1.33781
-5.15207
-0.06597
0.0132427
-1.54852
0.4318
1.31949
-0.396246
0.612759
-1.03898
-2.40606
-0.700213
392.551
24.6182
4.07035
-2.27124
-2.89887
0.0337865
0.0551728
2.00999
1.32578
-4.407
0.662469
3.69329
0.603205
1.27058
1.12049
0.853469
0.458276
1.3802
-0.144967
-0.495722
-0.641319
-0.270306
-9.62966
-3.16936
1.87524
871.741
0.404034
-2.32396
0.122598
-2.37993
0.0451253
5.14773
-0.241244
0.0152554
112.136
-2.30845
1.22195
10.8339
1.20109
0.255441
4.73755
-3.46406
-0.16095
3.72637
-17.7156
0.158493
-1.03402
0.922759
-53.704
0.0227992
-0.0387426
-0.496517
-0.587509
-0.470611
-2.65649
-0.0167973
1.49843
0.131063
-2.94394
-0.632287
1.90762
1.43823
-0.34269
-0.185076
1.56724
1.18721
17.5758
-0.72725
-0.282913
-3.2659
-1.86878
0.101734
-0.29685
-0.57218
1.42838
-6.67804
1.02133
-1.57969
0.341007
-2.17582
0.260335
-18.2455
-0.120159
6.93871
0.348487
-1.77301
0.796665
-1.49187
2.71975
0.580924
-0.0687281
-3.38972
3.45897
1.99184
-0.604756
2.54133
7.81224
0.17349
-9.16668
2.29139
-0.270299
-13.6324
-0.08335
-1.25037
12.0066
-0.547368
-2.51205
1.56916
-0.0682252
9.19145
0.0892058
-0.419465
-0.402665
-1.4682
0.926357
-0.340519
-0.783217
-2.80312
-0.293857
-0.482788
-0.874779
4.39192
-0.481658
0.967637
0.253399
-0.290807
2.19023
10.7284
-0.59894
-0.446339
-2.2022
-1.83453
0.659228
20.1806
-4.06879
-0.460378
-1.58277
0.0607572
1.39449
1.06576
0.219026
1.87092
-0.0726714
5.60211
2.50545
1.4272
-1.72168
0.5185
-1.15588
3.24103
0.264347
0.286415
3.70993
-1.11025
1.86149
0.732287
1.17227
7.99468
-0.868156
1.69617
0.534046
0.862693
-1.08831
-0.630579
0.490574
-0.508951
0.836924
-0.394735
0.481467
-2.8261
0.414462
-3.81676
0.210225
0.843173
-0.610807
-3.09741
-5.45655
5.66497
2.61958
6.63027
-0.00408253
0.764117
-0.814401
-0.47476
-3.71792
0.536783
-4.57109
-0.0159922
26.8626
-0.163861
-0.433221
0.958512
-0.186866
0.3158
1.52813
1.18361
-0.52461
0.415956
-0.829731
1.29202
0.496068
0.0800408
-1.16029
-0.884089
0.109199
-3.58592
-0.0207402
3.02103
45.1619
1.17972
-4.17228
-0.0611694
50.9675
1.47596
1.00541
3.27595
0.617354
-0.479997
-0.496445
-0.642892
4.42184
-0.654305
18.9322
42.7237
-1.76567
0.255751
-1.54575
0.269005
4.09107
0.715258
0.622362
-0.246643
-2.83498
1.95935
-0.772277
-9.74279
-262.925
4.58448
1.34351
1.00812
-0.19724
0.120455
3.34573
2.08925
-2.35388
-0.322435
0.149811
-0.0835793
-0.0298857
-22.07
-8.65872
-3.72444
-35.5902
-1.7158
-0.0769212
0.226784
0.475487
-1.82515
-0.403649
1.18032
-0.517648
-0.360953
85.9868
-1.42629
0.515043
0.0526406
0.117708
35.7942
2.51019
1.25139
0.33077
0.996807
0.557416
11.7882
-25.0105
3.38321
-41.9106
-0.261269
0.0280111
-0.0315927
-0.18766
-1.78392
-2.15867
0.145701
2.33994
-0.93745
-0.220968
-0.0756747
0.667782
1.57689
0.407529
1.0199
3.30728
-0.397533
2.6806
0.753867
-0.0452659
1.7493
0.719617
-1.76624
-0.879613
3.6221
1.11023
0.341352
-0.74451
-1.36375
0.0204624
0.517042
-1.37627
4.16128
-0.188668
3.73689
3.7725
-0.161192
0.454785
-2.9419
-1.70581
-1.75021
0.310537
-0.0575056
-14.7009
1.60435
-56.0165
-0.0687044
-1.28872
-0.831538
-0.30053
0.00395454
1.02512
4.80641
-3.08143
0.613818
-0.172294
-28.9937
0.856082
2.10705
-0.390671
2.16053
-0.332877
1.0888
1.78822
1.8462
1.53391
-14.0521
-0.314004
0.549521
1.09882
-0.0122694
-0.0925187
-1.0418
3.63563
-1.55637
10.8116
-1.90475
0.254834
-0.67088
-0.995788
1.28986
1.03972
0.695914
-0.665485
-0.68605
1.21356
-52.1647
21.2734
-4.6198
83.5446
-0.514821
2.47336
-0.606008
0.0773497
-0.807542
1.01635
1.31049
7.62123
-2.05739
3.26535
-0.276011
5.5578
-0.659595
-1.44929
-0.610111
-0.262608
1.12736
1.4296
-0.145542
4.75576
-0.00954956
-0.82787
-0.474844
-4.89089
0.964252
23.1527
-1.38771
-5.08655
-0.502083
1.18478
-0.769326
-2.20811
0.116372
0.150653
1.487
-0.65742
-0.0664114
-1.41503
0.713189
-0.12544
5.88803
1.83749
1.43969
1.90928
-0.0674095
0.866835
-0.103273
1.32844
1.60394
-3.15628
-1.27949
2.76587
0.375454
0.842009
1.05687
0.151112
3.68548
0.496901
0.011677
0.0970552
-38.0753
3.61029
-0.365015
3.21542
-7.38158
-1.35006
-0.0995561
75.9758
11.6589
-1.60922
1.72851
-3.16878
0.0780334
-0.757635
-0.408047
3.65928
0.572122
-0.0359017
-1.42611
-1.92265
-0.0114218
0.666123
1.64961
1.33215
-94.2688
-0.12481
2.31151
-1.16789
-0.571208
-1.00339
-9.96385
50.1996
-1.17375
-1.44239
0.964626
-0.378778
-0.532275
-0.1026
-0.488233
-0.134601
-1.8403
-1.30267
0.177803
6.42937
-1.52448
5.66121
-0.359622
3.30389
-5.09132
-3.99875
-1.00975
7.15258
-0.270355
-1.00412
2.5605
-0.0793551
3.73014
-0.449844
0.115131
412.091
-1.59652
-0.178927
-1.11941
-3.00438
-6.9962
-2.47073
-0.51911
-5.14975
0.348624
-0.146479
-1.59463
0.0831801
-3.69797
0.25344
0.323455
-2.10695
-0.0819066
12.1517
-0.250065
0.447372
2.17684
-0.0865946
0.186171
-221.232
0.633666
9.82247
-1.89693
1.15638
-0.88843
-0.901988
0.74418
0.325315
-4.05026
1.67166
0.830765
0.019886
2.74221
-1.54046
-0.131245
3.53142
-1.14504
-1.22019
0.153285
3.27688
0.500884
-2.72431
0.347877
0.835905
-3.85771
-1.72141
-0.436257
4.57496
-0.672664
-2.17101
0.968227
1.30588
-0.212128
0.00806822
-0.738516
0.340844
-7.94474
-1.84158
0.901324
-0.0157365
-0.343647
-3.15098
-0.807003
0.70807
-0.143423
0.921224
0.469288
5.45148
-12.6923
-0.52414
-19.659
-6.41191
0.082545
0.881854
-0.460866
0.917901
-2.60094
-3.39405
-0.423715
-0.334022
0.147941
0.957397
-1.28327
-1.96397
-0.272865
-4.56385
0.594119
14.8419
0.071002
-1.58526
-2.92909
1.39801
1.2089
-3.18317
-3.14027
-1.26884
0.430097
0.328105
-2.18301
-4.28879
-2.52036
3.83018
-1.44718
-1.99803
-0.38023
1.10645
0.575329
0.747537
0.381594
1.58454
-0.799575
0.631429
-0.670346
0.578809
-0.0944327
0.267538
0.895413
0.176937
0.467493
-0.0255429
0.429905
0.0114884
8.46846
1.16195
-0.319218
-1.03709
0.190174
1.81456
-1.33578
3.84553
-0.574462
0.652462
-0.514064
1.598
-1.84786
-7.19105
2.62012
0.229819
-0.0187566
-6.50251
1.41805
-1.82371
0.499499
-6.58518
-0.973252
0.0251649
0.709141
-0.780678
-7.72832
0.372309
-3.56139
0.623025
0.974158
2.77157
-2.25145
-1.81641
1.51078
-0.191704
-11.8053
0.628232
0.228012
4.71038
0.742936
-0.221695
-0.433626
-1.00519
0.0354288
0.27401
1.66958
0.123138
3.91954
1.89305
-0.265322
5.43338
-1.13894
-1.94304
0.270337
-0.120809
11.7046
0.283213
5.1419
1.93948
2.27695
1.23876
-0.768236
0.115495
-2.62361
-0.969299
-0.585344
-0.932153
8.29333
-199.617
-8.42643
0.597377
0.133372
-0.257911
-1.17329
3.99645
-0.485029
0.645821
-0.0944579
0.469796
1.53661
1.09254
-0.583706
-19.941
-0.495466
-1.06036
-75.27
2.50982
-0.619982
31.0521
0.934686
16.4039
0.637735
0.153553
0.760949
-2.20581
-0.325151
-1.09928
-0.619961
0.134154
0.823116
0.0966477
1.31014
-8.8976
2.0163
1.18588
-1.877
3.56924
0.186925
2.30133
-48.1204
5.35131
0.3104
-0.153013
-2.91202
0.0568087
-0.212449
5.73292
0.0224951
4.35162
8.65188
-3.95234
0.746556
1.1574
-0.542187
-0.674658
35.4123
1.68098
-1.27926
0.103398
-1.01218
-0.0689795
-6.38296
-4.01517
0.365509
-0.44129
0.488027
1.00884
0.209436
-3.59893
-74.6219
0.923759
0.101315
-0.220375
-0.452392
0.191705
2.09361
-0.351699
2.16267
-0.935904
0.504239
2.87393
2.08716
-0.694804
-0.63822
0.448717
0.460754
0.298973
-2.00228
17.1535
12.1718
11.3537
2.91591
2.61345
10.5353
-1.4497
-1.11752
-0.0445775
-6.49946
-0.563146
-2.37511
5.61585
1.9208
-1.14944
0.335527
-0.229426
-1.90213
0.894775
0.380907
-0.160927
1.21494
0.743068
1.5739
0.104757
0.113481
5.97387
-4.07005
0.705715
1.44631
-1.31315
0.13343
1.86354
0.1655
-1.51391
-0.58247
0.282851
-1.95434
1.83215
0.191369
-1.62098
-8.84643
1.14569
0.436975
0.400471
-4.46604
0.143817
1.06947
-0.384201
2.82789
0.388699
-0.85497
0.206388
0.542255
4.91071
0.056349
0.00499283
0.0987882
1.67947
-7.83302
49.2414
-0.772046
0.193322
0.0425748
0.316393
1.54522
6.29718
0.446699
0.511781
0.495289
-0.142166
0.561165
-8.48307
0.215075
-0.319085
0.0845779
-2.75135
0.282029
0.609487
0.348679
0.885822
2.36552
-1.65263
0.922556
3.51696
2.00452
0.0863654
0.667483
-0.300279
1.28174
-2.34111
3.66996
-4.34192
-5.01541
-0.0620371
-2.62167
1.17131
-67.4537
-1.00844
0.274692
-6.05409
-0.235844
-7.53457
2.05439
-0.846477
-1.15615
-0.392849
0.151028
1.2354
-0.534248
-0.788949
8.13691
0.32027
-0.774891
18.6012
-0.562326
19.7214
1.44461
6.08027
3.99134
-6.6931
-0.429098
0.743362
-0.529965
-2.51197
-1.52871
2.80818
0.536639
-0.55283
-27.3192
-0.198415
6.71491
0.656522
-0.324341
-2.43778
-0.817466
-1.67181
0.175927
0.491945
-1.21849
-2.39939
2.07414
-0.742452
1.27456
-1.34821
-0.144958
1.276
0.212954
-1.18666
0.717862
-0.543646
-6.04872
1.72808
0.175624
-1.49341
-2.16461
0.491014
-6.23058
3.68489
-0.177719
1.01785
0.711915
0.169752
-5.2899
-4.43545
-0.488728
2.06531
-0.746659
0.847262
0.106574
-1.40038
1.59169
6.10638
0.634868
39.5848
0.347883
-1.06638
-1.43229
-0.498558
0.1067
-3.03082
-0.226026
0.794847
-0.268981
-0.439319
-0.831539
-1.73896
-0.0416021
-0.913334
0.133607
-0.283877
0.0125492
-2.40077
-0.187995
1.16359
0.860872
2.6333
-1.20937
-2.33922
-0.686239
1.22908
1.26535
-0.149477
-3.55615
1.57354
0.73464
0.708501
12.1802
1.92774
-2.04773
0.277269
-0.475777
0.656225
1.12278
0.35502
3.30359
-0.651402
-1.41264
-8.52431
-0.761293
2.69724
-0.192159
-0.634417
-1.64148
-23.1991
-2.40107
0.292919
-21.1495
1.60526
-1.18026
-0.0300181
3.30719
0.764093
1.52597
0.302204
0.821334
11.8015
-1.58152
0.293969
4.32359
0.170694
0.496678
0.388754
0.315618
1.77909
0.217437
-0.865916
-0.786632
-3.59219
-3.66026
0.220788
6.00777
7.23936
-0.0165249
1.45281
-1.73305
-3.26852
-1.07012
1.51756
0.383279
-1.2765
-0.721298
-0.689047
0.758238
0.0851853
1.13597
-3.47585
-15.3042
4.81659
0.523349
3.838
-0.99899
0.885451
0.97599
-1.3946
-2.33681
-0.396304
-1.01316
-25.9641
-0.802768
0.870589
1.19927
-0.596175
-2.02331
128.698
3.42922
-2.54305
-1.12577
-1.70483
0.0740496
-1.24933
11.9956
0.389391
0.125169
0.533559
0.238562
0.479054
-0.72862
-2.05398
-0.131441
17.0097
-1.2465
-0.287626
-0.485201
1.10795
0.727788
2.32813
-0.123183
0.239159
2.29707
-0.342681
-0.360907
6.09775
0.827807
0.967811
-16.9192
-4.04645
-0.346203
-0.134166
2.85859
-1.217
-0.0584059
3.06137
0.083338
-0.550057
-0.125861
-1.44129
-1.61856
-2.25357
-2.05366
-5.93796
-2.79276
0.951994
0.59947
-0.56232
-4.71456
17.6837
0.857707
2.15048
-0.0148864
0.426509
-0.964513
-0.226183
-0.126464
-0.435761
-2.54859
-1.93466
5.50596
0.504551
3.353
0.541916
7.50597
0.523541
-0.967116
0.0537485
-0.126224
-1.20983
-0.268241
9.17221
-1.39697
-0.803749
0.201488
-12.6031
0.711849
0.047925
4.06617
1.05259
4.09219
-0.29839
3.56167
0.11611
1.85474
-0.511033
-2.04041
-0.113032
-1.81633
-0.251913
0.626257
-3.62248
-0.517965
0.428505
-2.24327
2.96959
-1.09869
0.0774289
-1.04609
-1.69253
-3.9551
-5.67622
-0.660826
-0.858342
0.0298482
-2.21758
-0.818127
-0.418881
0.130687
2.51922
0.441186
-0.361864
-4.21713
-26.8794
3.50977
-9.5042
-1.43829
2.80682
-1.48365
-1.86915
-0.779604
29.2612
4.14122
3.8991
0.138225
0.874823
3.9276
-1.58208
1.37338
-1.11983
-8.23561
-0.481036
-0.191624
2.45003
-0.713406
-7.96681
0.196882
0.345935
-1.4981
-2.16859
2.60897
0.251708
-0.439241
10.6605
-5.29751
-1.78399
-0.510043
15.0704
-8.47832
0.337531
0.541967
0.194952
1.22567
-2.7498
-0.161121
-13.9831
3.64133
-0.127787
-0.0731864
-0.680088
1.805
2.17853
0.761409
-2.09329
-4.75846
1.48042
-1.506
-2.03204
1.00245
-7.27155
-0.647803
0.85484
-0.450377
0.0510078
0.949667
0.0875299
-1.36602
0.15433
-8.89104
20.7732
-0.219152
-2.52175
-0.91426
4.95008
-0.431268
-0.141991
0.550811
0.496886
0.377914
0.208623
-1.49464
7.27254
1.89551
0.163223
-0.2002
4.38497
-2.87533
-0.34757
-0.0138275
1.96911
2.06955
-0.95666
0.455347
-1.75893
0.564271
-0.604056
0.652919
2.50493
1.51536
-0.381576
-0.328406
1.69791
0.398489
0.00625417
-0.244307
3.57389
-29.5117
0.892546
-0.543196
2.04907
2.94215
-1.34838
-0.520998
1.09598
0.779831
1.05571
-0.464804
-1.04149
-0.104038
-3.68666
13.3108
4.71931
-1.81249
-17.5467
1.39867
0.446348
-2.23516
0.63515
16.247
0.374711
0.209081
0.331409
0.863786
-0.824373
0.36565
2.659
1.1357
0.850976
-0.180898
1.03937
0.0808482
-0.0587515
-0.525563
-14.8013
0.661533
3.59624
1.29988
-152.537
-0.586573
-2.83613
4.10845
-0.605395
0.392009
3.06874
0.192794
-0.01103
1.05284
-0.88336
3.07467
7.56891
6.82773
31.0533
3.43375
-1.60153
-0.445049
-0.698059
-1.23906
-0.626764
-0.293348
2.32336
0.108192
0.863148
40.3691
-1.05408
0.499774
0.755781
0.667966
-2.48601
26.0135
-0.464601
0.335321
-689.069
-0.838533
0.277354
0.537536
-0.768061
0.248257
0.217852
-0.315453
-3.22762
1.05739
-0.397365
2.20867
-1.40491
-2.88611
0.547506
4.45335
-4.43311
1.70792
-1.932
1.59171
2.42069
-0.0337131
-1.64083
-0.762577
-1.17436
4.36858
-1.17467
-5.59337
-0.761013
-0.992386
-0.00246522
-0.850315
-0.796347
-0.384725
0.573991
-6.42953
-0.282323
-6.17001
0.278119
0.808428
7.3099
-12.6204
-0.509726
-1.68598
-0.0801884
1.27816
0.259033
-1.06135
3.83739
0.113812
1.29279
0.742636
7.08761
-0.154752
-3.08843
2.1796
9.21815
-0.257912
-5.4514
0.823302
0.943968
0.211806
-0.550899
-0.261442
1.13626
0.249753
1.60978
-2.46105
-0.961688
-1.16187
0.482728
1.37468
-0.305299
11.2093
5.30333
-1.1554
-0.837139
-2.72797
-0.876115
2.56971
1.55658
-1.47643
1.10671
1.75303
-19.2094
0.172442
-0.413813
-0.0115986
2.38005
-1.09689
3.16031
0.323839
0.177814
-1.20636
-3.98553
0.201479
-1.07303
-0.452884
15.3146
-0.752251
-4.28204
-0.0343507
-0.00344624
0.508145
0.453093
-0.722464
-0.658118
-4.56949
0.300189
6.03689
0.933093
2.64536
2.20293
-1.59513
-0.599152
-0.501434
-1.65208
1.32128
-9.89707
3.15059
-64.8733
0.87266
-0.396544
1.86528
-1.52994
0.382233
0.471823
-0.99594
0.398701
4.33549
-2.80723
0.274032
0.163628
-3.6171
-1.24028
1.14479
-0.277286
-0.575392
-15.9247
10.641
7.12623
-0.562064
0.77673
-0.359863
0.421051
-4.74883
1.49735
0.258605
1.3324
0.695961
-1.45752
431.614
-7.91005
4.68719
0.642669
-3.4229
-0.863186
1.86783
6.57041
0.867224
-0.0958756
-2.52092
-1.14322
-6.46305
-0.592732
0.291488
0.248995
0.797103
-1.00578
-1.9395
0.0293231
-0.395959
-0.292167
0.510618
0.781558
-0.341673
-0.443863
-0.481191
1.32909
-0.33281
-1.61776
-6.04658
4.05523
-7.65061
-7.39551
0.666659
-0.193843
0.661363
-2.9791
-0.239567
-0.489201
107.979
-0.169126
0.936517
1.51581
-9.99327
1.0028
-2.22631
-0.474093
117.24
0.272745
-1.50879
-19.5216
0.389914
-0.90879
0.252195
-0.44614
-1.6414
-0.188464
-6.56484
-0.00191516
-0.0843999
-0.83065
-5.82144
16.2631
-3.47805
0.138472
1.14474
-0.70007
1.81426
0.40708
-1.74037
0.853087
-0.646108
0.187534
0.808014
1.47226
-8.53814
-0.0332003
1.12129
-2.2841
2.14713
0.270561
0.623868
-42.545
3.65965
-1.77451
0.574197
-0.400195
-1.42229
-1.73191
-0.297396
-0.670094
-0.756873
0.235281
0.394638
-0.365489
0.523124
-1.00852
-1.07404
-2.59015
0.00292957
4.2255
0.052608
-2.55593
0.33236
2.27389
-0.946295
57.6465
-5.31626
0.347251
-0.513295
-0.491681
-0.140182
1.70495
-3.20098
-0.354201
1.77908
3.41892
-0.172702
41.0505
4.24559
-0.266044
-0.559731
-4.53329
-1.36642
4.2962
0.637077
-0.988255
-12.2416
-0.511393
-0.69951
0.227502
-0.0808474
0.576902
2.90005
-0.834211
0.102389
3.0106
-0.279955
0.207828
0.42583
-4.40485
-4.19036
-6.16794
-1.72402
3.6202
-1.43999
-0.600822
2.22491
-1.00428
1.00082
1.36398
-2.76931
0.357469
-1.21486
-2.28377
-0.162101
0.0451451
-1.39587
0.174378
-1.08513
-1.23427
1.0265
0.164176
-0.630038
7.20325
-1.50848
-3.8351
0.0720538
-1.07359
3.76896
-2.60783
-1.55061
-12.8073
-1.7016
1.68468
-0.523166
12.8096
0.286521
0.260075
2.24832
2.34176
-2.1831
1.54889
-1.45722
0.410088
-0.412649
-1.04768
-1.84273
0.793563
-0.673959
-0.63501
-0.38535
-3.11601
-0.262875
-0.816457
0.574618
58.1712
2.23804
0.411311
0.890806
-0.186973
5.1802
-1.39138
-4.09265
1.25801
-6.16412
2.27736
3.48374
3.73062
0.352521
-1.98509
13.2
0.154619
14.1309
-0.00447197
-2.10656
6.39267
-3.41044
-3.62717
0.873874
-0.678138
-4.68281
-1.87844
3.97272
-0.0869788
0.179668
0.167124
-6.99064
-0.0489291
0.171028
-3.2093
-3.31546
-2.92284
-0.683075
-1.82862
3.56049
-1.53257
0.47419
0.65266
2.97617
-1.65305
-1.95921
-0.691336
-19.1897
-0.0544536
1.3483
-0.434786
-6.31871
-1.37935
-0.274828
0.330204
3.50485
-1.95073
2.14927
-63.8654
0.849377
0.68331
-1.56931
-6.38546
1.15311
-2.45211
-1.70344
0.47057
-0.718599
2.32513
0.179542
2.29271
2.22304
-0.257822
-17.6701
3.08102
1.35366
-0.398657
-0.152983
-2.49998
0.74608
-1.4807
-3.58998
-1.39998
-19.6487
-5.23071
1.60556
7.61258
2.26087
1.28263
-4.00854
0.0568302
5.29793
1.03413
0.548822
0.0110925
2.00216
-0.194257
-2.64997
-0.512021
-0.839134
6.65281
1.01629
-0.815003
-0.737298
1.09342
-2.60987
-0.60441
-0.313061
1.5796
-4.04181
-0.723159
-2.78622
-7.64964
0.351629
0.607616
-0.136368
3.98042
1.7162
0.266698
0.465709
30.0957
97.4901
0.0181228
-0.399205
2.0512
1.12783
-1.56649
103.071
0.137571
0.834594
0.924641
0.965894
0.359107
-8.26625
-4.185
0.398271
-2.39924
1.13865
-0.153876
-0.681868
0.374014
2.05648
-0.0607507
3.02262
-1.21372
1.09701
1.28738
3.89051
-1.08291
-3.51517
2.24878
-0.497344
1.21118
-0.233599
-0.25678
-0.589911
5.99017
-0.448043
0.43267
0.419598
-13.3095
10.213
-1.85321
-0.519089
0.387065
0.81622
-5.44815
6.81234
-13.9809
1.12591
-1.6433
0.411918
2.07278
-1.26805
6.5702
-0.496042
1.58648
-0.248941
-0.153946
-20.5371
-1.86105
6.79926
-1.25678
2.95487
-1.40448
1.47626
-7.7881
-0.383739
-0.960694
-0.971701
0.450083
-2.26258
8.75579
-0.883947
-0.633841
7.19184
-4.96155
-0.212577
-0.297554
-0.258573
0.925118
1.8713
-0.518411
-0.376085
0.074206
1.23385
-0.583205
0.758846
2.46159
0.528884
0.217152
-5.45329
0.000989762
-1.02256
-2.10192
-0.575519
-2.19572
0.560603
-3.89932
-0.0242025
-1.98931
6.72486
0.721695
-0.581666
0.514734
-2.42202
0.18771
0.562114
-0.180342
1.5131
-1.00888
0.258729
0.254454
9.08337
7.69552
-12.1658
1.17003
-0.822317
0.539515
0.415395
-0.381694
0.388749
0.415226
3.00498
-0.509799
0.784592
-2.44399
0.459344
-0.544579
-0.282139
0.410184
0.302373
0.712279
-1.64083
-3.07393
0.964632
9.33171
0.329056
2.14471
-2.28208
-1.76734
-2.54972
0.991495
1.63194
-0.878667
0.946127
-4.13925
-0.154597
0.733598
-1.3237
0.19245
-0.352484
-0.338949
-1.02507
1.02243
3.26335
-0.465511
-0.388668
1.70764
15.3604
-1.37272
-190.469
-0.319456
-0.382103
-1.35945
-4.88698
3.77081
-1.21818
-0.934426
2.41682
-0.0856797
-2.60713
-7.3517
-0.0652171
-0.998535
-1.15515
8.58387
-0.971111
1.81273
0.533962
0.609241
1.623
0.317099
-8.00123
2.38378
0.990524
0.175345
-1.21584
2.8287
0.0830701
-2.44336
-1.79255
0.260945
-0.254109
-7.33432
0.347845
1.58607
-5.36279
-2.05583
-1.08653
-0.65973
0.391621
0.958414
-0.146829
0.0995875
-0.561577
2.41665
1.58786
4.37071
0.956351
-2.59824
-0.25044
-0.0978371
47.5515
-0.810335
0.379615
0.0677754
-0.749258
0.600692
5.12387
0.578222
-0.905297
1.60433
1.50192
1.17465
-0.206704
-0.331486
1.54743
-3.32595
-0.233669
-7.85974
5.26446
0.357999
-0.900196
0.0961045
-4.66347
4.29019
15.964
-2.70031
9.17851
4.9411
23.4379
-2.19061
-0.0913737
4.14078
-0.40671
0.558263
-1.66113
2.42993
21.6267
-0.486021
-1.79416
-0.455441
-0.93277
-0.875199
1.85896
-3.64914
1.7176
1.38631
0.887015
0.652753
-3.68087
13.4027
-0.6957
0.108113
2.63514
-0.284093
0.545127
1.18877
1.92931
-0.308737
1.5705
0.597358
-3.42963
-0.740526
-3.05278
-8.86362
0.0197571
-0.0763621
3.72146
-1.56278
-0.622647
-0.539421
191.673
-0.233845
3.69665
0.366073
11.9175
3.4374
-0.152157
-3.47846
0.143437
0.39434
1.59772
-0.536312
0.271095
0.61734
0.21355
-12.1721
0.298105
-3.22021
0.919243
0.969772
1.43363
-1.27936
-3.13116
-0.760774
2.762
-0.583735
-4.23081
-0.373195
-0.343044
-4.26407
0.488781
-0.884003
-2.63817
0.572134
0.819909
2.08714
1.61124
3.46695
-0.518815
-1.97308
2.54835
-0.24561
-0.911941
-1.03185
0.0511054
-1.91551
4.89031
1.18081
-4.00052
2.61669
0.0815921
-30.7316
2.16355
-0.341135
4.19642
-0.632532
1.63907
0.359556
-0.938964
5.50155
0.982257
6.84361
9.63435
-0.857335
-1.28152
0.053573
5.14777
0.575519
-0.770339
0.302531
-2.70261
0.668204
-1.76943
0.245432
0.928188
0.320422
-0.373913
-0.163745
6.15561
-0.283774
-0.436871
0.203064
-0.822057
-2.2008
-1.45754
0.390995
0.112131
-4.76664
-1.78458
-1.92835
0.350985
0.596451
0.260503
-3.98914
-0.133638
0.337276
-0.72621
-0.0487225
0.885124
-2.25879
-0.883854
-1.63389
4.31356
2.06558
0.33747
3.78418
-1.56136
1.87222
-0.429299
-0.454946
1.36902
1.39274
-0.443443
1.05823
-10.6364
0.746822
0.0504168
-0.942614
-1.45331
-0.211777
0.545369
2.21916
1.44006
0.199201
0.12778
-0.472731
-6.24251
-5.36175
-4.89264
-1.78846
2.73215
2.21267
0.719687
1.43528
-3.84784
-0.207018
-0.212279
4.73094
0.271028
-3.22957
-1.06946
2.0855
0.296981
-5.54656
0.757633
-34.4581
1.46935
0.640049
-0.92121
-17.7016
3.13015
-0.63211
-0.565866
-1.13812
34.79
1.26487
14.4225
-1.13278
-0.0432288
-0.471997
1.0587
0.798499
-0.444967
-0.083206
-0.543889
1.09934
2.39065
5.98062
-3.22703
-0.331494
-4.27157
-2.34095
-0.726979
2.10064
-11.6969
3.5252
0.342028
0.241284
0.129991
-0.279083
-1.5758
1.8735
2.19237
-3.05963
-10.0644
0.896998
-11.4412
8.98758
-4.73855
0.63848
0.089816
-0.960551
-1.00345
2.7288
-0.931292
2.25865
-1.89934
-0.755191
0.798984
0.549633
-0.215521
-0.969305
-0.763105
0.337264
2.15896
0.558595
1.98197
0.456851
-2.02848
-0.690215
-0.932429
0.801239
-0.757832
0.652172
0.970363
2.79528
13.6779
-0.913694
-1.0608
-1.62108
4.23379
-0.763033
-1.31282
0.0205252
1.14874
0.427095
-0.253319
0.205631
-17.7453
-55.0904
0.203663
4.91197
0.444836
1.45385
-0.14645
-9.66305
3.85051
0.104708
7.02428
8.0644
0.0026069
1.82597
0.118532
-0.954464
-1.41378
10.7251
-0.257886
1.49282
2.05486
-0.707542
1.12584
2.67117
-7.18448
-0.446991
1.41555
-3.2748
0.662226
-0.281018
1.14295
-0.255658
1.66581
0.529234
-1.13057
-0.615642
2.43917
1.50998
-2.69351
0.221003
-2.53677
2.32587
0.28427
7.13737
-1.28003
-0.66464
-1.18534
3.85646
-0.81115
-0.267848
-0.800199
0.766226
0.457266
-2.51349
1.25968
-1.63197
-1.44457
-1.22045
-8.97827
0.342926
0.818043
-1.70784
5.67516
-1.45234
-0.579323
0.629613
5.81165
1.05612
0.421083
9.48092
16.3349
-0.7064
-0.75216
-0.223383
-3.11035
5.57873
-0.91159
0.217743
2.86512
-0.30215
3.3026
0.598031
0.372155
-0.277023
-1.22392
1.00328
1.86592
0.532981
-2.77898
-2.57115
0.18249
-0.397863
0.306745
0.207191
-2.88989
1.49988
-0.512575
1.07789
0.0153478
-0.271295
4.39502
11.2672
1.39335
-0.759297
0.568523
4.75899
4.80485
-0.124971
-0.145061
-0.0350479
-7.73851
-2.10287
0.472458
0.468807
-9.84731
1.12733
0.618475
0.706452
-0.917591
0.151554
1.98117
0.373001
1.93852
-0.783257
1.62395
3.98248
-3.444
-1.3912
-0.229772
-0.276101
-4.58181
-0.0830385
-16.0529
0.64724
-0.106266
0.673063
2.15237
0.0562407
1.80338
1.62273
1.2449
1.4877
-6.22752
-1.66865
0.0677034
0.45874
1.75102
-6.9222
-1.15407
0.415211
-1.91511
5.81138
-1.49609
0.630161
1.67154
2.27263
-1.43898
2.87148
0.85006
3.32235
0.222955
-0.747634
-2.01499
-1.40256
0.025527
5.94138
0.137552
4.8809
-0.0947347
2.16496
-1.52484
-1.10615
-3.22668
0.798409
1.28329
-1.17127
4.41362
11.424
-3.75881
-0.0491984
-0.295254
0.124406
1.134
2.11273
-0.759515
-0.799381
0.0302866
-0.617956
-2.10677
21.6299
0.831127
-0.455112
-1.03162
-2.313
0.979544
0.974518
15.421
-0.856252
-1.09803
3.06888
0.387761
3.46019
-0.574273
-30.463
0.0587417
-5.65453
0.433362
22.3952
0.00991384
2.14662
2.09176
1.61278
2.23132
-0.324528
-0.663613
-10.5496
-4.06655
-0.775334
-1.25876
1.94882
1.06064
-7.26245
-1.77413
-0.246997
3.68115
-0.842134
1.40424
-0.16271
-2.53454
0.65412
5.73478
-1.48471
-5.68156
0.606206
7.48325
3.21175
5.94416
-0.176027
1.09615
1.55391
-0.320921
0.28324
-0.0686505
-0.203408
1.48916
-4.14976
2.05144
-85.3197
-0.571557
0.0480704
-0.636895
3.39729
-148.487
-10.4894
14.8464
0.754398
0.534038
-1.81478
0.393823
-11.7089
-0.170899
1.0313
3.73428
0.829745
-0.0408636
-0.834668
0.285206
2.21862
3.71066
-0.00944372
-0.220928
3.25694
-1.34287
-0.234056
-0.771255
-3.75528
-0.263098
0.939223
-0.992646
5.53252
-0.422343
-0.039097
5.61558
-0.198216
-2.61865
-4.01262
6.19946
1.92167
0.762713
-3.13966
1.16522
0.0226901
3.10727
1.88257
2.29388
1.22748
-0.17483
-1.538
0.0930012
-1.7157
0.701039
-0.706163
-0.550414
-0.666523
0.923647
0.319814
5.74114
-0.491433
-11.5525
3.43184
-1.94518
-5.64306
-2.60351
17.439
-0.441386
-3.02047
-0.437862
-2.55413
-1.90571
-0.468872
0.624548
1.81412
0.304701
0.609915
1.25186
13.8432
2.8421
0.157785
0.523223
0.873033
1.87847
0.104072
0.109816
-1.93617
2.44798
-20.5574
-1.02401
-0.0180276
14.9967
-0.156319
0.178637
-0.210943
0.813741
0.435045
-0.66733
0.171767
0.541228
-2.39493
1.37181
-4.36812
-0.530899
2.69946
0.121098
0.108753
1.38533
-0.501383
-2.90848
1.58961
-0.776418
-12.4728
0.495654
8.13765
-1.25129
0.74503
0.166548
0.117192
2.07133
0.455624
-1.23748
2.42035
0.780531
-10.4347
-0.425861
3.95091
3.11419
-3.52119
-2.384
-0.100029
0.248408
14.0126
0.367475
15.9069
1.4756
1.31686
4.83058
-0.735452
0.0884028
0.893631
0.748979
-0.0463035
-0.433814
0.469612
14.162
-0.337329
-4.26147
-0.141257
-0.44814
0.150767
5.14923
3.10172
-1.28263
0.310048
0.0645019
-2.17756
3.54425
-0.253471
-0.31672
-0.100438
13.1971
-0.944566
-5.11813
-0.69888
1.52404
-1.2723
0.708706
-1.69437
-0.691506
0.0325638
0.219435
-0.721733
-0.427004
1.72914
-0.597326
0.567499
1.6526
-1.33337
0.165948
0.685752
2.86208
-0.879645
17.39
1.86647
-4.53693
0.202473
-0.761009
2.11159
-0.950754
-0.774151
-0.92376
0.917311
-0.359216
-1.57583
0.0257832
-1.52571
0.253314
-0.507768
1.03348
-0.230742
0.350122
4.71373
0.102513
1.54022
1.47163
-0.404781
1.19316
-3.67803
6.31891
-0.29696
0.200423
-0.818289
-0.740531
10.7188
0.752218
-2.69156
0.284776
-0.490626
-1.41765
4.78127
0.741797
2.03502
-0.764583
-1.09823
-0.133859
0.235634
1.08007
-0.935565
-1.93998
-1.20844
0.0732351
-0.190886
-1.21238
-1.74332
-1.70028
0.175847
0.519618
0.480401
-1.28569
0.593236
3.42432
4.84488
-0.238209
-7.76716
-0.122765
-6.74449
-0.6125
0.187277
0.234601
-2.02694
-63.1277
0.883869
0.932557
-1.69315
-0.220659
1.25218
-0.803919
-0.315742
0.986735
-2.24655
-0.727756
-0.302573
-0.565101
-44.6179
-0.465197
-0.194475
-0.240177
1.63656
-0.177675
0.386248
1.01216
0.906947
0.173924
-3.18627
-2.6263
0.620717
-5.929
-0.992097
0.366929
0.117043
-0.498069
0.695777
-11.1509
3.95395
0.597091
0.365149
-1.83214
5.992
-1.036
-0.337161
-1.43901
-1.4702
31.3982
-6.18133
1.08598
2.12858
3.52733
-0.445131
0.0840778
0.0934396
-1.36985
22.2804
4.56099
1.06874
0.360328
0.176842
0.240485
-11.2568
2.15646
-1.14133
-0.223837
-1.06133
-2.49624
0.0722948
-0.616699
-0.039089
2.39219
2.43314
8.34557
0.534262
2.75145
-1.9228
-9.53301
0.363816
-1.09741
-0.702442
-0.388402
-2.28008
-0.52959
0.25493
29.402
-0.416958
0.52126
3.33389
-1.31848
0.841291
1.19372
-1.21099
-2.12092
2.98202
-11.3142
-0.822832
4.28444
-1.30809
0.0344866
1.15524
-2.01764
-0.559554
-14.6558
-0.0469868
-0.416195
18.882
1.89772
1.35426
1.90487
2.10728
0.45759
1.22853
-6.08014
1.57954
-0.613487
-2.4144
0.596889
1.2712
4.8885
66.4786
-0.821951
-0.0505178
0.362282
0.566538
2.82281
0.0177395
0.400082
1.62485
0.614282
-0.287223
0.428539
-0.196735
0.321168
0.29035
-1.3893
-0.570024
-0.963057
-0.889004
383.92
3.95004
1.49518
1.16748
0.354643
0.119904
-2.12226
1.03748
0.984898
-0.637102
1.33951
1.87851
-0.236437
0.0277317
-1.22265
-0.350915
-0.522881
0.815729
-0.477775
101.685
0.257482
2.41897
0.802141
-2.61446
-0.550944
-0.253398
1.24941
-2.3899
-8.46068
0.0298326
-0.505368
-0.230315
-0.548111
-2.57585
16.6963
-0.565015
-6.33436
2.59247
0.482478
4.1698
0.0673992
0.0426999
-1.54421
-8.58079
1.00756
0.458209
0.246571
-1.72198
-1.05258
-0.370635
-0.331108
-0.552065
-0.287874
-0.101028
0.188267
-48.719
0.903862
2.10373
1.15068
-1.06821
-13.8769
2.93838
15.0072
0.0332353
-0.254971
-0.399795
1.72416
5.52976
-1.18739
0.808228
8.43374
0.740484
0.108907
-0.55569
-0.368107
-0.487789
0.865289
7.38601
5.00428
4.88486
-1.59938
-0.219048
18.7304
0.0440325
2.8841
-0.220104
-59.3741
0.583482
2.7304
-0.260557
0.847076
-1.26029
-0.531838
-1.13863
-15.4704
-0.524499
0.118756
1.59536
-4.92242
-0.377782
18.5436
0.661467
-0.282427
-1.35943
-2.18634
0.846773
-2.54207
-0.795281
-0.678946
-2.00225
5.41398
-0.0906285
-0.161354
0.308371
2.31697
6.04938
6.98484
-0.357736
-0.472769
-68.8225
-0.513857
0.961125
2.81539
-0.0149956
13.1247
3.09269
3.65556
-0.0666495
-3.21168
-1.01351
0.633068
-0.0879308
0.7093
-0.565347
0.306342
0.797731
0.335783
-0.338833
1.69689
-0.225574
-0.662035
-1.33055
-610.862
0.228041
2.05485
-2.46916
-1.83754
-0.107296
12.6943
3.17364
0.793774
-1.35111
-0.852365
-0.317416
0.7304
-0.244623
-1.81548
-3.72287
-1.65211
0.623525
-1.57172
5.27874
-0.672451
-9.01669
-85.632
17.1776
0.227251
-3.76968
0.61118
0.457962
-1.05982
-0.595779
0.698473
2.93817
-0.659497
1.24476
1.21563
176.809
0.70194
-0.129508
1.3065
0.0429361
-0.283154
-0.824456
-4.54149
-0.260972
-0.0390395
1.86069
-3.24434
-0.593578
0.298066
-0.495651
0.899884
-2.44204
-0.0147128
-2.67045
1.35009
-2.74713
-0.643833
-0.0660544
0.151306
-7.15547
-0.254873
0.212597
0.698613
-0.443965
-3.05816
0.726067
11.9877
4.04027
-0.116491
14.6631
0.437169
-0.284274
-4.23774
0.487491
-6.20727
-0.0701454
-7.36968
63.8571
2.1954
1.32115
-1.28081
4.68001
0.0412966
6.47647
-3.54634
1.25367
-5.94384
-0.553998
-0.0721027
0.0932643
0.253045
-0.114332
-0.970739
2.35076
5.79874
-0.254242
-1.03216
0.800301
0.329491
-0.650332
0.200438
0.616459
-12.5524
-4.43885
3.41792
0.170352
0.103218
2.21123
-1.23431
-0.926011
0.632797
-2.35674
0.39777
2.11713
0.418274
-4.75363
-4.4668
-0.455639
0.132617
5.5133
0.119941
21.6185
0.33895
-0.820256
-8.61791
59.8468
0.873465
-0.600887
2.79566
0.118003
1.36417
0.553102
-8.72592
1.02894
5.86643
0.202996
-9.06351
-0.0750197
-0.977864
2.35964
0.343774
-0.999406
0.0400755
1.62956
0.617297
-3.47594
-3.40147
5.2465
0.616903
0.485723
-4.90232
-7.00802
-0.485225
-1.46251
0.248359
0.314045
0.602435
-4.41321
1.20519
-0.208025
3.18461
1.78832
1.83957
-0.32486
-2.83178
30.2135
0.333212
-2.20246
-0.38359
-11.9846
0.888044
13.1478
-2.00245
-0.00716461
-5.50767
-1.02436
-0.851358
1.22319
-1.87647
-8.91686
-2.05435
0.735655
3.74088
2.33074
-6.9437
-2.1206
-3.05414
-1.40911
2.1476
-1.22833
0.441974
-0.808823
1.00462
1.02953
0.419424
0.396814
-1.01419
1.17787
-1.12506
-0.144702
2.56644
0.00311667
-5.24468
0.861535
1.50425
0.469656
-2.58749
5.54491
0.65026
-2.04787
-1.40799
-0.641119
1.45553
-0.395941
0.229863
-12.438
0.024735
-2.32871
3.38851
-13.9527
144.049
-0.733456
-2.37544
-1.12385
-0.282435
0.0228872
1.30219
-1.4579
0.0880194
-0.311725
71.8474
-0.0759799
-8.03142
0.405604
-1.74272
-2.01858
-0.268883
-0.0647443
0.209454
-0.00401074
3.08334
-0.837187
0.0881513
0.394969
0.638911
-0.258363
2.04136
-1.31749
-0.729193
-1.33186
-1.7539
1.09961
-2.80691
0.585938
3.54771
0.397448
-1.91867
-2.57538
2.11868
0.0208312
-7.23109
-5.68481
0.921961
0.26427
-0.18401
0.0570762
-0.251104
-0.713121
0.105794
-36.3825
-1.15025
0.700807
0.000437392
1.83433
1.05604
-1.35697
7.01192
-8.5744
1.03794
-0.568943
1.14523
-1.74865
-0.483604
0.0617164
-0.806707
0.483637
-1.10525
2.35831
0.119922
-0.0855374
2.09041
-1.78
4.52399
-0.284997
-1.18867
0.708679
8.82537
-2.04513
-0.00641771
-3.35324
-0.485855
-2.26548
0.322607
0.543398
-0.174714
0.269853
2.18172
-0.614097
0.198626
-0.300314
-0.163107
0.922382
3.14655
6.42394
4.65244
-1.36896
37.2222
0.369203
-1.63758
-4.57113
-0.964748
0.464522
1.58205
0.337493
-1.8044
0.151456
0.257061
-0.389306
0.328425
3.00498
-1.37487
0.00269797
6.62332
-0.0380355
2.59153
-153.08
0.5137
2.25048
0.230525
-0.421739
-1.10031
-1.7719
-0.89665
2.19026
14.5317
-5.21762
-0.59738
-0.713624
-1.53639
0.224706
2.18992
13.8414
1.05682
8.17569
-0.0496252
0.112784
0.64772
1.11848
2.94378
-1.5032
1.06268
-0.299597
-0.376732
-0.0953113
1.9495
0.538923
0.254155
1.41647
-0.392783
-3.9756
0.978006
4.21723
0.624999
-0.987337
1.15228
7.6375
0.49157
4.16643
-0.129991
1.51127
0.915448
-0.488888
0.772037
0.489895
-0.233103
-2.26768
0.497558
-3.27563
-2.05946
-0.780969
2.04597
-5.95005
-0.294457
0.845501
0.831374
-2.3909
1.29252
-0.418434
0.332155
-3174.04
-0.872284
-0.769993
7.04684
9.58128
7.97749
-0.0563608
3.68392
2.97199
1.00843
-3.93008
-0.394376
2.06025
-1.01493
-1.25275
-0.456982
0.233903
0.604991
0.11022
18.3881
-0.481879
1.20188
0.688515
0.394773
1.9991
-0.198262
-1.4905
-13.2575
-75.0794
-0.456377
-2.7111
-1.15856
23.8143
2.42924
0.911884
0.629524
-2.50306
-0.087704
-2.20211
0.544679
-0.359919
17.2226
-0.606727
1.68642
7.84899
-0.693708
-8.30616
-0.670782
-2.35391
-1.38375
-5.24472
0.503233
-1.99792
2.38394
4.72616
1.87574
3.36245
0.53462
-1.50821
0.792831
0.0224473
4.39405
-35.1267
0.162491
0.0147678
-0.350464
185.73
-0.593238
-1.94033
-0.782438
2.10698
2.18893
0.0874172
-1.03466
-0.521324
-0.779057
-0.336657
1.97316
-0.812
-0.0196495
1.0451
-0.637056
-0.51193
1.59642
0.472987
-548.742
0.318483
0.052374
0.161324
-0.492732
0.248954
0.395255
-0.203006
0.134392
-1.54448
0.580101
-0.274314
0.884575
6.6052
-0.246375
-0.381762
4.13016
0.764484
0.379921
-0.128721
-3.3609
-36.2519
-1.37815
0.225455
19.9065
-4.21436
1.04135
0.726589
-1.13313
2.17216
0.65715
-0.102028
15.034
1.04309
-0.303743
1.17725
2.01326
0.427044
-0.496815
