-2.71889
1.79134
-19.1115
-0.739045
0.158034
-0.635725
-2.84828
1.87027
-2.15682
1.20389
1.21394
-1.18571
4.19918
8.965
-1.16096
-0.190477
-0.151845
-1.59898
-0.40328
-0.0251714
2.1744
0.0247115
-20.2459
0.585266
1.84025
-0.154886
0.192673
1.54416
3.04423
0.159767
0.447777
-4.79517
0.175268
-3.25934
0.033116
-1.83274
2.30205
0.32013
-0.496782
-0.562542
0.46922
-2.1377
-2.72811
3.26933
5.05288
0.447947
-2.04439
-0.290372
-6.44566
1.03052
0.784371
-6.45854
1.58756
-1.10899
1.71509
-0.763595
0.60401
1.93631
0.480025
-1.10145
3.29751
-3.36108
0.079311
-0.809993
-0.342305
2.20916
-1.45126
-2.0775
1.4503
0.161351
99.7886
0.656708
0.128803
0.906929
-0.128329
-0.820826
-7.79962
-0.464275
1.24068
0.33735
13.4891
0.0909944
0.673273
1.27569
13.5021
-0.192142
0.00707875
-4.16371
-1.22383
-48.0596
-47.687
0.0491171
0.762888
-0.743885
2.27479
-0.840627
-0.381728
-4.34409
0.22841
-5.10598
-27.4586
0.620173
-1.68743
-0.30906
-0.37438
0.246683
-0.488493
30.0723
-1.07303
11.3743
0.968045
-0.168133
0.1954
2.77107
-0.12776
-0.497136
-3.25818
-0.699593
5.09048
0.326498
-2.95962
-4.51793
0.325542
7.36305
2.12917
0.867668
0.232128
0.154708
-4.18042
-163.677
-5.10108
-0.704967
-2.50849
0.040089
-56.7975
0.0546155
0.106527
0.494578
-1.60819
1.31787
-1.89514
0.798732
-2.4504
-1.29661
-1.19155
1.97932
-0.429237
-2.6863
6.77984
0.71496
0.00801002
1.93788
-0.139939
1.29754
0.216659
4.4798
-0.223614
0.154742
-0.90408
-0.449359
-0.760199
0.0295386
0.675141
3.21292
-0.69922
1.13055
-1.6509
-0.806534
-3.64921
2.1388
0.614545
1.81678
-0.403808
0.0572608
0.421285
2.05659
1.15845
-10.2252
-0.311842
0.111736
-2.58964
-2.35616
-2.76576
-1.15286
-0.520426
0.43835
0.503564
-1.68157
2.1698
-0.0432668
-0.0605345
-2.0599
-1.38304
-1.13891
8.99381
0.0790465
-3.56549
-0.627611
-0.0720681
0.538023
-1.51343
-0.291609
-0.515177
-0.597673
0.658703
-11.445
1.04365
-46.4804
-0.429837
0.671015
5.22233
1.28324
0.164741
-0.401558
0.290745
-2.31006
-0.161034
-0.231163
-3.31845
-0.636271
-0.690952
0.226623
-2.12247
-0.996597
1.60676
5.52942
18.1756
-3.3375
2.43353
-0.927904
4.19954
0.30284
0.562063
-1.11402
-2.19373
-0.266819
-1.0988
0.528991
-0.0703778
-0.349063
0.597674
11.2054
-2.27261
-1.26798
-2.50692
-2.63911
1.87013
1.4155
1.33942
-0.106919
-7.1349
1.59158
-0.147269
-0.201784
5.55521
-1.32816
44.0894
0.944514
0.146185
-1.61564
-0.300741
-0.515866
-16.8771
5.97376
0.221179
-47.8384
2.09633
-1.85946
1.54558
-1.34449
0.354923
1.00991
0.883621
2.23185
0.66994
4.28078
-2.13035
0.614087
0.94073
-0.120453
-0.44465
-3.85551
0.31821
-1.66059
2.49678
-1.65677
-0.391773
1.73874
-0.0735354
-0.169742
-343.701
5.20705
-0.317524
-7.63587
-1.4285
-4.85961
2.39302
1.57353
-4.74991
0.278605
46.78
-0.121343
-1.66508
-1.80146
-0.735673
-0.832892
-2.7465
-4.87811
-0.0437993
-1.19094
0.501732
-0.547235
4.20654
0.598117
-4.00822
5.47128
0.439669
3.21604
1.92394
14.5647
-0.600443
0.762069
0.378871
0.543495
-0.271936
-0.140519
-0.236246
-0.251105
-0.0931066
-0.224771
1.84199
0.226558
1.3481
-0.642654
12.5283
0.0101637
-2.21091
10.4024
-95.6997
-3.72231
5.03779
3.44626
1.36268
1.63895
-0.128394
-37.9668
1.25518
-6.88439
-0.45545
-2.59655
1.66082
-1.3341
-0.20479
-2.20752
-2.55076
2.1453
1.06727
-3.26651
-0.0761459
-2.83856
0.606643
0.78394
-0.258703
-0.620671
0.44485
3.71176
-0.278392
0.192666
-0.186966
0.30488
-0.804064
0.130043
2.19562
0.00360608
1.76504
0.471051
1.75711
1.65737
0.482844
-1.06664
0.245963
0.62038
-1.55571
0.0629741
0.448004
-4.36353
-1.71229
-11.657
1.11601
0.0550074
0.0366234
1.97407
1.51539
-0.767706
0.751229
-2.33784
0.707261
-0.27142
-2.37536
-0.503764
-0.299516
1.39551
-2.42378
-0.00350144
5.27946
1.88478
-1.77748
-0.0948724
7.19783
-1.25248
-0.631072
3.95851
5.21248
-1.64382
0.959575
-0.310064
3.47142
-1.93138
-1.84074
-2.38912
-0.657074
3.28172
-2.32904
-0.306162
-0.231759
0.243887
-29.5896
0.749824
0.377164
0.525996
-0.54939
-33.9955
0.558471
0.923885
3.76933
-2.14368
0.680633
3.07465
-0.567589
-0.545307
0.350623
-8.841
0.382489
-0.0354384
1.33888
-2.53855
-0.777235
-7.59486
-0.913441
4.75572
-0.697136
-39.8174
0.652399
26.2884
1.06161
-1.63023
0.528072
-11.8178
-0.0747485
2.56993
-0.700411
0.779585
0.0961016
2.52304
0.995805
-1.25782
-0.98963
0.881537
0.264764
0.800984
1.44411
0.871036
-0.273812
-0.782747
-0.442426
0.275296
0.646883
0.251337
3.57126
2.4294
5.5878
0.0217725
1.54755
3.558
0.666686
28.9971
-3.173
1.01173
0.435264
5.67991
-0.391116
1.18144
3.60615
4.87615
-6.16249
-3.68904
-0.539584
-0.234173
4.5217
1.03446
-3.07582
8.6339
12.4823
-0.34341
-4.31518
0.808128
1.12828
-0.0244912
-0.258035
-2.85912
-5.17076
0.103625
0.224358
0.137928
1.16366
-1.10488
0.328463
1.55853
-3.2183
-2.26483
0.190343
-13.1867
-8.43033
2.18155
-4.01863
-16.533
0.666119
3.01523
1.66961
-0.0365378
-0.367813
5.73446
-2.81811
-4.36632
-0.922705
0.758183
-0.593149
-0.936168
-0.106745
-0.068811
-1.8701
2.39076
1.40705
-2.21247
-0.892441
-2.83959
-1.27222
-0.552464
-0.524368
-0.555967
-2.04617
-1.25895
2.88839
0.823969
0.344123
0.00482482
-2.57362
-2.00052
-0.424224
-1.59192
1.94981
1.13232
-3.64498
0.483111
-1.48789
0.513774
0.0373799
-1.1235
-1.24309
-0.103866
1.1926
0.705144
1.59459
0.277374
0.450845
-0.0271284
0.47352
-4.27042
0.799513
-1.4536
5.58063
-4.16792
-0.318667
-0.804343
0.044026
0.0394104
13.3119
-1.02003
4.92436
1.26015
2.37828
-0.548836
2.39353
0.0472653
-1.32117
-4.01714
-0.351899
0.139909
1.38303
-0.524465
2.21298
-0.389762
0.27198
-0.0921192
-1.11817
140.43
-2.12198
-68.9397
1.33912
1.13133
1.13192
3.15158
0.508721
-0.543625
1.5535
-5.90743
1.04252
1.69938
2.33328
-0.603876
-26.3055
1.26135
-0.118234
2.74386
-1.24454
0.309117
1.62046
-0.8244
1.19853
-0.0629677
-0.363342
0.0838355
-0.0281613
1.86282
0.00465955
-2.05084
-0.663932
-21.4662
6.02163
15.2305
-2.86106
-40.435
-9.94114
-0.266824
-0.0239764
0.159255
-0.75211
0.979478
-6.23942
3.87339
-1.96606
0.334284
5.80043
1.78999
1.9564
-0.479256
2.12458
0.423065
0.273124
-2.67517
2.66576
-0.632692
0.218376
-0.767325
3.09468
312.032
2.22024
1.89197
-0.159353
-2.19327
67.8869
-2.8098
-2.12869
0.090377
2.74478
-0.93527
6.16307
-3.7101
2.76095
-3.7965
-1.91195
-3.15049
-7.75979
0.248161
0.101564
-0.543695
0.262779
-0.220611
-0.998019
0.219202
3.81182
0.913859
2.00167
0.429702
-0.546088
1.39555
11.4094
-1.63183
1.50277
0.464303
3.91069
-0.238414
-0.428139
-0.342578
0.912626
0.847979
-0.27241
-25.2841
0.27927
1.75722
0.215207
6.48615
-1.5284
0.582274
0.716208
-0.398836
0.685229
6.00947
-0.719119
0.370294
0.552742
6.25983
-0.136593
2.16143
0.578392
-12.1551
2.84572
-0.80603
2.53189
-5.29696
-2.99098
-0.479896
56.1336
-15.7936
-2.80839
3.34381
0.0502936
0.553758
-0.0659244
-1.7311
0.503607
-2.78096
0.15777
5.88347
0.369856
-0.90368
0.509522
-0.925072
-1.08252
0.768598
1.84855
-2.64656
-13.1683
-2.29854
2.35076
0.933819
0.0230871
0.512093
0.229898
4.91073
0.673102
0.966768
-0.187047
-0.322992
1.7013
-0.0386517
-0.359148
-5.15197
0.240307
-0.327068
0.137661
-21.0582
-17.6823
1.1422
-0.713775
-12.621
-5.28439
0.250999
-58.0336
-2.40679
1.01539
-0.631961
1.10111
-0.665909
-0.282532
2.47224
-3.35647
-8.1495
1.86588
-5.96707
-0.234069
0.329702
0.644498
1.82238
0.0667154
-0.483213
885.159
-0.660985
1.61248
-5.10494
0.858993
3.42157
-0.747162
4.34307
0.0148557
-0.264801
-0.315707
-2.62081
0.678035
0.464615
-0.24877
20.0064
-0.616727
1.42241
-0.550567
0.399605
0.0386004
1.15542
-11.3586
0.0328807
7.30704
-1.23437
-2.3477
0.168076
0.629087
-0.982487
-1.47289
-1.45311
-1.62262
-5.92002
1.82633
-9.20432
3.17051
1.18486
-0.793746
-0.25382
-0.313315
28.0705
-4.95938
-1.68594
0.422408
0.0897951
0.538521
-0.252443
0.0742644
-1.46891
0.835342
-0.753775
0.125085
-1.91948
0.597056
-0.504257
-0.759122
-5.37243
-19.8919
-0.524623
-0.637463
0.813031
0.216899
1.10108
-0.266756
-1.23583
-3.10286
0.248588
0.288451
-0.0790992
0.559415
12.8484
1.16006
0.162266
-0.0860627
0.339164
-0.360424
0.492356
-0.0394813
0.449834
0.0416165
-0.559751
2.47702
1.47942
-5.92644
1.44592
-2.56135
-0.682921
3.73333
0.0603161
0.0855147
-1.62277
-1.10242
-4.18306
-1.31577
4.70285
-4.04678
-17.9625
0.204689
0.453755
-0.28405
3.62848
-0.517804
3.3491
-1.19047
0.703366
-0.361501
0.475447
0.317706
0.708684
21.4749
0.0850733
0.740882
-0.772268
1.11077
0.685663
-0.0697741
-4.75822
18.6927
-0.365368
1.47186
-0.715749
-5.86622
-3.51673
-0.11718
-1.54022
0.61497
1.13232
1.1087
-0.806813
0.400616
0.544185
29.5543
1.3745
-2.14549
1.22873
11.0249
0.0936175
0.518595
2.06492
-1.3962
-1.43893
-0.947567
2.97918
0.274814
-1.10242
1.4014
5.1765
-1.37367
-0.933501
-2.80936
0.0278811
-0.998962
0.409237
-0.832714
2.32088
-1.01953
7.43214
0.057379
7.79603
-0.465283
-1.96646
-2.18831
-0.77991
-1.62302
3.00177
5.29547
4.91129
1.05783
-1.20317
2.18616
-0.564654
-1.02754
2.21396
1.27632
3.10762
-1.3724
8.53972
-3.16849
-3.91184
-0.318807
-1.25634
0.559695
0.697235
-5.86891
0.360718
-0.101731
1.23484
0.987458
-0.0584058
-1.58344
0.749517
-6.55222
-0.183059
107.038
0.0756297
34.0831
0.484014
-0.0519187
22.076
0.0856103
-50.9771
-0.932633
0.385542
-0.402324
0.0084904
-1.00259
-0.852798
0.525178
-1.52527
7.18604
1.93177
-1.63532
2.728
-4.88651
2.02477
4.49603
-1.73869
-0.635236
1.52853
-1.23029
-9.09068
-0.807463
0.0463478
-0.844766
-0.424116
2.18301
0.625638
0.0993106
-0.65614
-13.4203
0.038136
-30.615
-1.26834
2.6152
-0.641586
-1.38794
-0.263947
0.0391325
0.134786
-0.321382
-1.44027
-7.16866
0.63616
-11.9726
3.84962
1.11481
0.554932
4.46983
0.566801
-0.658372
-0.542393
1.56516
1.61259
-1.27242
-2.48792
-0.479248
-0.740936
2.17651
-0.11665
-0.502297
0.489072
3.459
-0.119286
6.44649
-0.0773988
-1.01963
1.30241
0.514757
0.735412
4.31675
-2.77752
1.7119
-2.85895
0.765355
-0.515342
-0.858581
5.39812
0.142209
-3.83064
-2.14273
0.77763
0.323869
-0.505034
1.17344
-0.462458
-8.4106
-0.617099
-0.720077
0.53948
0.96771
-1.18096
0.927996
-1.09699
-0.336463
1.57563
0.234851
-1.09302
0.603595
0.416771
-7.60504
2.15579
-0.605419
-0.525429
0.770225
0.931537
0.711545
-0.289713
3.51518
0.343965
-0.677102
0.431896
-0.723245
-4.91337
0.0597545
2.59957
0.22241
-0.650235
-0.281011
-3.22687
-0.46638
3.03769
-1.24374
-4.55759
2.88166
-0.372479
-0.776151
-0.852579
1.86552
0.456781
-0.241741
-0.37737
-1.2533
2.12131
-12.4751
0.27919
0.146393
-0.344668
-0.651915
0.764838
4.47566
0.262034
-1.03105
-12.7662
-1.23509
0.33086
-4.4909
-3.98969
-0.312878
2.20664
-1.63465
-0.00687588
-0.422352
-0.372057
-5.24919
1.12662
-5.77601
-26.2052
0.179796
-0.212512
-4.08034
-1.28981
-8.30969
1.55665
0.199872
-2.24232
4.16987
-0.507691
4.43679
0.965532
2.02887
0.184594
-1.35717
4.16429
-0.386513
-0.644256
12.3271
-2.15561
4.98055
-0.472672
10.9054
-0.0972227
1.91461
0.337409
-17.6199
-6.98887
-0.684265
-0.703121
2.4117
-5.70051
0.370957
-0.926775
1.3574
948.526
0.110084
0.765138
0.308136
0.0802906
-1.45474
0.578229
-1.8584
-2.33665
-5.0888
-1.02684
2.11432
1.20613
-0.772128
0.0403031
0.758984
-0.545628
1.39281
-2.58113
-1.56109
0.243368
0.281273
0.592409
1.52577
3.63142
-0.00194691
-0.583606
-2.22549
-0.707366
1.17021
0.0120972
0.199269
0.898927
0.196835
-0.469782
-0.024132
1.25331
1.38709
-0.280863
-0.704783
0.0174738
-0.739458
-0.814329
-4.554
10.4065
-1.95707
0.797596
3.08549
-1.63329
18.2181
-1.36557
-6.53416
0.0682335
0.125313
-13.7414
-6.49491
2.48554
-0.631359
-0.552406
5.59129
0.787037
0.380898
-0.965779
-4.44826
-176.244
-0.392386
-0.0564859
-1.12557
-0.0737603
-0.507874
-1.93411
1.53069
0.531778
-0.483754
1.5031
1.44106
0.76835
5.91133
3.02278
-0.0885385
-1.3112
-2.73109
4.63304
-0.897086
-0.036045
77.8037
4.71045
-0.0707174
1.50821
0.111293
172.109
-0.826427
22.9499
3.64999
-3.49115
-10.7662
-0.845584
-0.00782349
0.732981
2.2862
-1.20339
-0.426568
-2.5703
0.507348
0.799532
0.168029
-0.701373
1.65391
-0.340899
-1.04755
0.968098
1.93423
2.89522
0.231452
2.2666
0.229262
1.09597
2.1058
-0.174914
-0.297596
-1.29432
1.89084
-0.741235
4.33568
0.759838
0.16994
-1.08821
9.03393
11.3327
0.683972
11.8983
0.830389
-2.32747
-51.2373
0.575821
-6.13848
-8.17612
-0.218129
16.9535
8.00086
-1.65696
-8.47263
-0.478879
0.471111
1.47282
-0.0444397
0.593083
0.62677
0.972216
-3.58078
-11.3202
0.490704
-5.11781
0.862801
-2.0873
0.717572
1.38688
0.272844
-6.99672
16.9949
1.41663
1.28765
0.30774
-0.289479
3.42813
-0.305125
0.0122645
2.18981
0.725707
-0.0904867
1.08041
-6.30352
15.7607
-0.745819
0.472267
0.342762
-18.7642
7.32325
-0.107452
0.665921
0.397934
0.173918
1.17532
81.2383
-2.95743
-1.02049
2.00726
-43.7016
1.76543
-0.442219
0.384231
0.919271
-0.979472
-0.0852754
0.266306
-1.71198
-0.747398
-1.27488
-5.11347
-1.16696
-0.482955
1.87159
-1.32913
-1.39649
-0.503124
0.87909
-0.070823
0.356368
1.95052
0.695478
-0.137184
-2.17248
-1.49292
-1.48048
-0.288819
-2.33489
1.0052
0.219394
1.96834
2.03887
1.96577
-0.998982
-39.8038
0.545208
0.484157
-18.8514
9.68168
-0.543148
0.348819
-0.800637
-7.9941
0.502448
1.96404
7.40676
-1.728
-0.518817
-15.3973
0.25217
1.33842
-0.0249163
8.31854
2.10739
-0.380214
-0.410139
0.750377
0.565553
0.459123
-0.387145
-1.73868
-0.647297
0.622053
1.35006
8.17445
1.82345
-1.47074
-0.418869
0.573989
1.19501
-1.34935
-13.9949
-2.29908
-0.20181
1.27182
9.05705
-0.583492
-0.249739
-4.09411
-0.851838
-0.202328
-0.238175
-0.79416
-1.14254
-0.71362
-0.551652
1.40783
7.38709
-0.524856
-0.79295
-0.545297
0.221833
-0.379486
3.42493
-0.0934459
-1.38595
-0.106421
-8.9703
0.877396
2.32751
1.13907
-0.649643
1.95823
-0.620265
-0.309066
-2.54847
1.04476
-6.221
-0.270478
25.3507
2.26697
-0.306284
2.97179
0.855968
1.70381
-4.09564
0.945578
-1.19787
-1.84658
3.08301
-0.181108
0.218299
2.19146
1.52433
-2.77809
1.7921
0.596216
-1.0355
-0.0923651
-2.4585
-0.905005
0.46207
-7.70585
5.58712
2.59619
-2.00903
-1.24498
-0.092015
0.525941
1.53331
-2.4054
0.620493
-1.22318
-1.61882
-0.145639
1.85912
0.802675
1.37227
0.673634
0.544121
-0.13809
1.00164
-5.15548
0.798439
0.389143
2.63958
-3.94987
3.55947
0.839953
0.346309
-1.95383
-30.4913
0.939072
9.52826
-0.109991
0.474918
8.2477
-133.134
-0.108689
-0.53304
0.583703
-0.128958
0.151421
-1.70478
-1.57738
0.388824
-2.72363
0.888335
1.35333
1.05522
0.157095
-0.49842
3.28532
-0.062986
-3.53073
0.803613
-0.897752
1.75089
0.0401956
0.408513
0.430512
-14.3901
0.238738
0.280569
-0.654987
0.197976
-0.894594
0.46536
85.1221
1.66928
-2.08569
-0.373972
0.0524754
-0.309305
-3.27416
-0.64807
20.0538
23.163
-4.25942
-1.76855
1.20971
0.560895
-0.10757
-1.65238
-7.16875
-0.950941
-0.218889
-0.903016
0.411493
10.801
-0.528238
9.14433
-0.495979
-1.76159
0.584819
0.44133
-3.21227
0.560003
-0.252381
-0.724445
-0.351753
0.171627
-2.97967
2.90355
0.49973
-0.41988
-1.01464
12.1157
0.079999
0.917123
5.17059
-0.551194
-0.478559
-1.35595
-1.99193
0.265232
-4.10342
-1.3678
0.751755
-14.0575
-0.650095
1.35252
-2.75742
-1.64491
-2.68008
0.732596
-0.0564291
1.10059
-0.634244
-2.72424
1.3039
25.6673
20.8568
0.644362
-2.66272
0.306801
1.61676
-0.327094
0.892368
-0.819483
0.409677
-2.40272
1.22873
-3.40191
-1.02904
1.00218
0.0999853
0.344376
0.221523
-0.448935
-1.06702
0.306744
-0.347825
0.167412
0.992155
0.275438
0.259024
0.119624
1.18213
-0.692588
-0.518889
-0.217818
0.481305
-35.0186
-0.815181
-1.71242
1.07877
0.979207
-1.13348
-0.21264
-2.20346
-0.49041
0.679138
0.476107
9.28786
1.40036
0.737162
-1.15938
2.95734
6.53332
0.507966
4.2642
-0.376109
2.52958
0.461718
0.995441
-3.21336
0.184049
41.4839
0.0689104
0.432678
-2.64103
-0.195131
-1.95897
-0.328271
0.934685
0.0820119
0.554357
-4.92624
1.18574
3.06427
1.06181
-0.526044
1.13092
-0.942839
-1.59529
-0.582967
-0.362265
0.839775
0.642159
-1.45198
-0.362092
0.906315
-3.75162
0.650389
0.27062
-0.695182
-10.1943
7.1168
2.80787
0.157028
1.18242
-3.38714
0.791883
-2.12679
-1.13134
-0.0153352
0.190547
0.109659
0.0557445
0.146703
2.57551
0.66544
-14.4912
1.37357
1.87617
-0.0842271
2.66147
-0.483782
-0.40126
0.5776
-0.234687
0.858326
0.548697
-0.774615
-2.14912
2.01695
5.31732
0.116249
1.33627
0.348082
-1.00651
-0.27773
3.29684
2.15328
-2.02929
-1.43205
0.458917
0.663539
-1.31238
-2.53729
1.24299
-1.12374
-0.75296
0.327852
1.30384
0.537381
0.864026
0.419475
1.48902
0.343625
3.85624
2.80609
0.992511
-7.23993
5.65126
-2.6746
-1.25742
0.444426
0.441388
2.31276
0.487272
-0.176242
-16.6166
-28.5682
-2.45389
0.79474
1.79117
-1.27331
1.00353
0.99711
0.146527
1.66727
-0.633164
1.15353
-3.24006
2.18715
-0.49801
3.77035
0.707316
-4.19196
2.95802
0.25889
-0.644538
-0.358937
-0.605269
0.369763
-1.60314
0.146811
6.08707
1.3952
0.326421
1.79476
1.48583
0.1722
1.26702
-0.285085
0.16648
0.09107
4.38493
-0.786927
-0.543129
-0.144181
1.29517
0.980178
1.81268
-0.712569
1.13906
-0.338739
-0.856356
-0.362021
0.171414
-1.41158
-13.0063
0.179719
-9.69198
0.111808
-0.141397
-1.71195
-1.37644
0.817221
4.39409
1.27617
5.32674
-1.66454
-0.970089
2.50302
-1.56126
-0.999584
6.61901
-0.523077
-1.23572
-3.20866
4.33416
-0.0763732
0.0839494
14.1714
1.0864
0.176006
-0.704207
78.1774
-0.123415
0.357331
20.2299
0.062637
-1.96495
2.56732
0.0690742
-1.80147
-0.488082
-0.216762
-9.12578
0.769387
1.29499
1.67187
3.53053
3.96803
-11.3082
-3.51081
-0.822118
3.07537
-1.03436
1.55747
-11.3238
3.27448
0.491283
0.199086
0.4532
-122.114
2.29078
-0.199344
-1.36231
-18.3228
2.94086
0.264308
35.9684
-0.859932
-0.455448
-0.35089
-0.955475
-1.26957
2.65038
2.09235
10.1395
1.39141
-0.462808
-0.162173
1.53268
-2.41127
0.292774
-0.6973
-1.42813
5.54466
10.1362
-0.778995
-0.408033
0.153243
0.12319
-2.25859
-0.942175
1.56193
5.03753
-0.0669613
-1.23347
-1.67423
-2.23936
0.311407
0.401888
-0.788978
1.15857
-0.398237
-2.98162
26.0751
-0.307821
12.7033
-0.737866
0.507949
0.299878
-1.10445
0.00740753
-1.97089
-0.165378
-7.34514
-0.00581772
-0.123607
0.198342
0.973758
1.20305
-1.15768
0.441232
0.760828
9.45976
-1.02538
-0.289539
1.71691
-29.5525
-0.792014
2.03867
3.15528
2.00101
0.365386
0.812747
0.29037
2.49209
0.515975
-0.957793
-1.40779
0.0320117
-633.661
4.83166
-0.454142
-0.152124
4.03829
-17.6053
4.38349
-0.650294
3.69742
-0.835113
-1.14784
1.79815
-5.95097
36.5721
0.513245
-0.0951752
0.294577
-109.547
0.0165726
1.25022
0.929286
-8.17885
3.26539
3.76088
0.563399
-5.61845
21.3921
0.492878
-0.703817
0.614406
-1.92975
-1.41967
0.547423
0.767823
-5.14749
1.2491
-0.359288
5.16424
-0.135576
0.420625
1.1627
-0.204414
0.443977
-0.846735
-0.396421
-0.517198
-0.383106
-1.20959
1.47479
1.13321
0.662385
1.18149
1.45461
0.523256
-1.85899
-1.08254
0.482968
-0.96919
1.17742
-0.891516
-4.56797
0.419625
6.57082
-14.3504
-3.77536
0.830673
0.690007
-0.731675
0.569582
3.3846
29.4982
2.41355
-0.616195
-5.18563
0.747457
-15.6613
0.836342
-1.37959
-0.460112
-1.27877
-1.87339
-3.74917
-0.410025
-0.159954
43.8957
-0.910828
-1.82396
2.03617
-1.44892
-1.70962
-8.38675
3.54331
0.309274
-1.8038
0.232535
-0.919787
0.42747
-10.0425
-1.50172
-0.362982
9.69885
-0.273901
-0.838734
-0.437372
0.353757
0.0420575
1.17186
2.23647
-0.0323241
2.40285
0.889077
19.586
-0.486999
-0.447257
0.762069
-1.56058
0.489236
-1.43512
-69.4495
0.551633
-1.15105
4.76214
-0.269071
1.92249
-0.671371
-0.451558
3.00076
7.41255
-2.32549
0.471148
6.60702
0.517531
2.50828
-1.77736
2.61189
-3.15627
4.90262
0.102782
-0.171229
-2.97154
1.21117
1.37806
0.245044
0.153778
2.07202
-0.811729
36.0208
1.11946
-0.659159
1.43414
1.79671
4.28981
0.68525
-1.12894
-0.309058
-0.103815
-2.57221
3.30676
1.62335
-1.48736
-2.64421
0.0459932
-0.36599
0.906859
0.197946
-2.10155
-1.26328
0.856637
0.0791264
0.807401
-0.466931
-1.57179
-2.19654
14.7921
-1.22074
-2.39091
0.0395456
2.20138
-0.744957
0.804631
-0.306024
0.255898
-15.9315
-1.36851
1.92781
-0.140269
0.344605
-1.85365
-1.89015
2.80943
10.6039
-0.292241
1.46601
-0.976883
0.129222
-3.50774
0.529542
0.122699
-0.272542
5.53652
62.5029
-2.64172
-0.297584
69.0518
-0.202066
-1.29463
-1.21495
12.886
0.776545
0.392607
-2.96199
14.9637
1.29689
2.83777
-2.17736
-0.27577
2.20336
-0.230834
-0.539138
0.329643
6.6167
-0.487165
1.01754
4.85662
0.34408
0.572261
1.0563
3.49405
-0.0915665
0.943522
9.4382
-7.82787
4.20857
2.16985
32.8606
0.155245
-2.34809
-0.0818481
-11.377
-0.0472603
3.30486
1.34221
-0.560777
-0.971837
6.75233
-16.2142
-2.03607
0.0554342
0.580171
0.984354
-1.81458
0.159989
0.0729823
-0.360461
1.75357
0.510809
-2.69457
-18.5439
0.283138
1.46838
-0.644303
-9.44493
0.0729746
-21.2365
0.351156
-0.689641
5.9101
0.82343
-0.644638
-1.04666
2.20465
0.772291
0.691349
2.75911
-0.495823
2.45401
1.29365
-2.27535
-0.451742
1.50165
0.0738817
-0.524863
0.14378
-1.69198
5.09121
1.71024
-0.493853
-1.79625
4.34822
-0.796387
1.13629
-0.0213629
1.85706
-0.445797
-2.90854
50.1525
-0.562314
-0.212779
-10.8447
-0.0196954
-5.48475
-0.965066
1.29816
0.171448
1.98609
-0.0797533
1.52901
-10.8228
-0.498497
-0.308844
0.659137
-1.25521
-3.40618
8.56379
-5.73571
27.0983
-0.33041
1.33151
0.105207
0.810719
0.463128
0.316658
0.584907
-0.21844
0.692693
0.0517246
0.405241
22.2181
-0.345456
2.02186
2.45477
0.382698
2.54794
2.62496
-2.614
-21.4289
25.4873
1.30174
-0.476393
-0.311697
1.63065
-0.174136
0.152638
2.15694
-0.899992
-2.59099
-1.82547
-0.440079
-1.19903
4.73076
-0.32692
1.93551
0.248815
5.34258
-0.815179
-2.03487
-19.4429
0.95288
-3.66644
-0.162548
1.29472
-0.0724506
1.81349
0.0215393
-6.01112
1.10389
0.28956
0.756098
0.000584106
2.47528
0.71943
-51.2591
0.474257
3.85201
-1.70788
-4.31024
3.22087
0.801615
0.479236
17.7582
0.131746
-1.49944
-41.1727
-2.62641
-0.603017
-0.438798
2.95655
-0.900361
-10.4601
-0.316074
-1.1299
-40.084
-0.49526
-1.38617
-1.00642
1.92379
-22.8607
-1.18831
0.622397
-0.224492
2.67825
0.717568
1.35103
0.121061
-0.69943
4.56025
2.79846
0.11573
-0.0487424
0.194579
-0.342455
1.12012
-0.781049
8.7489
-1.56505
-0.82827
1.48026
0.232525
-0.00164824
1.37546
-0.0948956
0.427771
-16.6538
-0.624651
-2.12692
-0.667681
1.66885
-0.630938
0.794526
0.6211
-0.525699
0.629643
-1.71464
0.0966625
-5.96394
-0.713831
0.625921
-3.07613
-0.201748
-0.249043
0.537128
-0.644854
0.0529742
0.738479
-0.176697
-1.6135
-0.18611
0.477907
-1.0527
0.214564
-0.0270797
-2.21272
0.422184
-0.793045
-2.16307
0.972466
-0.701267
-5.35456
8.96505
0.66867
-12.5191
0.988325
0.54466
1.11425
-0.0153281
0.272991
0.53777
-1.84956
0.149888
0.127671
0.8844
1.39645
0.265652
-0.465601
0.5657
1.02217
1.67678
-15.4062
0.142058
-2.22885
-1.96427
-1.27085
28.9779
1.51152
-10.2419
-1.34945
-0.376971
-2.87642
-6.23021
-0.351973
-1.40913
0.142761
2.2416
-1.65067
-0.157721
2.49051
-1.70961
-0.553342
4.15936
3.30347
2.68157
3.65319
-0.406455
4.24153
-19.3168
0.657888
-0.346
-1.45269
0.182063
3.51397
4.67307
-1.25461
0.31696
0.607949
-0.344942
1.05444
1.45794
-0.672489
1.44043
-1.31274
1.35514
0.875065
0.13649
0.10276
2.24358
-0.0491129
5.12346
2.58928
0.487342
-3.25439
0.305695
-0.384915
0.434778
-0.213067
2.1349
-0.161888
-0.794675
-0.280373
-0.212711
4.21047
-1.91621
-0.715782
0.0241491
3.64088
-0.155433
1.15477
29.8969
2.00508
-0.0795207
-1.12143
0.510483
-0.542084
0.748774
-1.57991
-2.10883
2.11882
-0.0306062
-2.37046
2.63869
0.0457031
5.16774
-28.2061
-0.632193
0.83591
-1.09222
-0.0118931
3.88889
-4.37432
-2.27278
10.3047
7.24532
0.247018
-0.102319
4.69636
-0.0879295
-1.43613
1.1511
0.237674
6.56236
0.342191
-0.250836
0.192781
-2.1695
-0.684847
-2.48168
23.0062
-0.703825
-1.47429
0.396753
-2.93244
-0.333674
0.00899697
-0.171797
-0.163705
-0.795286
0.877343
-0.849471
0.450663
-0.883027
0.779362
4.98928
-0.185929
-1.7758
-1.06125
-1.47188
0.505764
0.57422
0.0734171
-0.072024
78.3534
0.609499
5.3204
2.53325
-0.264438
0.128864
-1.25245
4.44232
-2.43107
0.604011
-0.257415
0.425135
0.781268
-0.685122
2.07337
-3.71507
-1.97284
1.86273
-5.73563
0.159705
2.8303
1.84135
-0.0836379
-0.645522
-1.40104
1.38389
-0.531344
-2.0816
-1.34603
9.49251
-0.0772598
-0.31949
-9.80915
2.28538
-0.196065
-0.385791
8.53495
0.101618
-6.75077
-0.173101
-0.474509
-0.338597
-0.0129062
0.622071
-0.142393
32.1716
3.09747
-1.33565
-1.3806
-0.501135
-0.912873
-0.515897
3.81894
0.974028
0.052126
-1.00328
-0.185957
0.173003
0.672664
1.6811
2.4936
0.825571
0.0285753
0.274309
-4.15176
30.3558
-0.416338
2.73209
-12.4228
1.35158
-0.0725628
-0.441411
2.69997
-1.80108
-0.519213
-1.75561
0.602723
2.12453
-3.71109
0.0272531
18.8239
-0.192121
12.0767
-1.06378
-2.37711
0.12574
0.887776
0.878548
100.854
-3.18977
3.51839
1.87512
1.69255
-0.448653
10.6098
-1.04722
0.584699
2.24096
0.552816
0.00858191
1.05522
0.452325
2.04071
2.41125
0.143746
0.601864
-3.73829
2.30985
0.972215
-3.85405
-0.413438
0.149947
12.3507
-0.332985
10.6453
-0.486366
3.45342
0.00344482
-10.4477
-0.41787
-0.530995
0.339248
-0.443629
-6.5944
0.0621208
-1.41588
3.2074
0.236038
1.4939
-0.548117
0.844244
-0.654671
-0.585568
2332.88
-1.00181
-1.23254
5.37861
-0.561239
2.52807
0.556029
-7.68496
0.0786686
-0.430089
0.0152582
-214.622
0.0889541
-2.23231
-1.13949
-0.531674
2.35053
-21.7742
-0.0649859
-11.2015
-1.71125
0.374403
0.0256624
0.148975
0.0511169
-0.00546413
1.16818
0.386046
-1.65955
-0.705519
-0.177799
4.05754
-0.901979
-7.032
-2.80031
-1.8132
0.467831
0.0527782
0.0459983
0.138452
-0.845307
0.41336
0.469732
-0.250586
37.3966
-24.7603
-0.348103
0.172089
-0.0437879
-6.10962
0.106577
-0.729287
-0.193588
0.263498
-0.127141
64.7012
-1.53275
0.754865
1.01968
1.29475
0.0992764
0.0636009
-0.810809
1.14679
-43.4158
-4.05789
1.78824
5.09495
0.628274
-1.1598
0.99721
1.17438
20.434
5.36777
-1.32706
-0.65994
-0.246878
1.27499
-0.194659
0.770468
1.06208
-1.74838
-2.00017
0.925793
-0.934855
-1.03262
2.40916
0.227535
-6.20743
4.31992
1.64208
1.77453
0.0520259
0.849775
-0.36008
-0.692202
0.531734
-0.0989966
-13.7096
3.54114
0.0855651
-1.21152
0.032209
0.537612
-1.54339
2.76944
-0.189635
8.27677
2.91241
-4.47009
0.886722
0.694428
5.52097
-0.539044
-18.3685
-5.38692
0.173276
4.47076
1.63093
0.15579
0.855232
1.76317
-0.550268
-0.995375
0.187137
0.728291
-3.60516
-1.61693
0.594971
1.4831
-0.087647
-0.640631
0.215011
1.14525
2.26299
-6.75249
-0.891745
4.43091
0.815836
-4.07381
-1.62909
0.0876416
-0.258207
-16.8469
-3.34984
0.617596
-12.5321
-2.81692
-0.0189092
-0.56841
-2.72425
0.22658
-701.316
5.44415
-0.348316
-0.634991
0.586125
-1.1308
-0.392766
-1.41081
0.914432
0.902429
-2.54829
2.19823
-0.302781
19.8267
1.73729
-0.300342
0.76841
-0.376939
-0.114736
1.13343
1.05125
-7.70899
1.33781
1.81273
0.740843
-0.520192
-1.17944
-0.0980802
-5.11789
4.94233
0.326
-0.000491845
2.64885
3.14988
1.67905
-1.33298
-0.318301
1.07426
2.19855
1.01579
-1.60789
0.223375
-1.22429
2.72659
-0.805595
-2.73139
8.97571
0.624028
0.730465
0.226041
0.704948
1.09683
-1.22435
0.712453
-0.00612042
6.85393
-0.140212
-3.17863
-1.86781
-1.94176
-0.960772
0.124428
-1.14713
-0.0668797
0.679218
-0.114161
0.245728
-2.31509
-0.609438
1.65661
-101.976
0.556075
-2.15775
6.39797
-1.84757
0.00288717
-1.54962
-26.3433
3.4819
-0.00518429
0.0593349
2.8271
0.585013
1.99033
1.69603
-1.4009
2.24266
-1.08885
11.7974
-0.414586
-0.577603
-2.84658
3.13655
2.01635
1.47998
-1.01859
11.6319
-0.793211
1.30103
-1.16804
-0.139179
-5.40495
3.76863
-1.57541
-1.56499
-1.04999
0.51111
-2.69093
0.931001
-0.755026
1.3626
-0.906977
3.04748
-6.52649
16.1648
1.10737
-1.73756
0.231476
0.0877076
0.199591
-1.34028
-1.73711
-2.72595
-1.09907
0.739163
0.0493346
0.6557
7.87641
-0.485389
-5.83989
-3.75802
0.610489
0.374516
0.727761
0.112932
0.687998
-2.62477
-0.244771
0.657997
1.32104
-1.81904
-32.8472
1.05963
-0.00254771
11.1328
0.250022
0.887907
-0.298099
-3.10173
0.0932553
0.597907
0.97525
1.40258
0.0267775
-2.64975
-5.03315
9.89665
0.0220793
3.93878
1.33417
3.62656
-0.203831
-1.13007
-0.849221
2.94667
-4.49032
3.42346
-2.09867
0.0886853
0.308681
-0.393624
-33.4955
-0.270902
1.44071
0.0881506
-0.775669
-0.671284
1.2408
-1.73837
-1.7504
-1.19909
-0.679808
0.192604
10.2355
0.700124
-10.1495
5.8906
1.96355
-0.148849
0.334049
0.22685
2.15593
-2.82955
1.17137
2.47426
3.37065
-0.701432
-0.11421
-11.6656
-0.293135
-24.412
-3.21383
-0.187297
-0.108094
1.09026
-0.354399
0.657784
-0.281398
0.130861
-0.99168
1.21445
0.295692
0.294327
-0.156257
-0.906664
-0.10451
3.69732
3.76298
0.705308
0.823209
0.323661
-0.814937
-0.215794
-1.13733
0.0271344
3.3802
-2.01648
-2.47228
-0.155479
-0.223749
1.52344
8.14135
-3.20063
0.32595
-2.50504
0.079555
0.521027
1.41412
0.180792
0.247942
2.94275
-8.5917
-0.349763
1.30144
-7.60833
14.9881
-0.00618316
-0.667133
0.76976
0.535778
-0.16816
-0.778654
0.75868
-0.789217
-0.262732
-2.44511
1.91601
3.82173
0.508398
0.337335
0.643103
-0.905026
-0.291054
3.17932
-0.0550199
0.80929
-1.25822
0.696944
0.685458
2.32983
-0.602043
2.15731
-0.999409
0.856011
-0.0444313
2.54829
-5.81708
-0.981722
-0.0147124
3.83599
-0.871945
-2.67212
-0.681552
1.90011
23.1025
-1.48816
0.969734
-1.82085
-0.649589
0.281438
-1.39616
-2.2386
5.0289
0.156403
-1.35445
1.15896
-0.768109
-0.804315
8.86133
-1.44017
-2.56869
0.650952
-2.69824
-148.605
0.530848
0.394972
1.84353
0.584607
1.20641
1.54188
1.56367
-0.344008
0.288673
0.72212
0.542509
-52.7553
-1.40611
2.54257
-0.701784
0.0283233
-0.354249
-12.8476
0.672567
1.15825
-0.172772
-0.35254
1.53178
1.12161
-0.099341
-0.050851
0.151369
1.01496
2.95643
-0.0520991
0.00819315
0.98413
-0.394535
-1.53487
0.351048
-9.39019
0.0901148
-0.877368
0.416164
0.15787
-1.69802
-3.17008
-5.54779
0.2317
-2.63892
-5.97516
1.49298
1.30676
1.21916
-0.917886
-0.377655
-0.758169
0.58845
2.04616
-12.7884
1.31643
0.104192
0.407135
-0.132051
0.121589
-0.587786
1.17984
-0.823173
-3.49293
-8.31002
-1.17557
-14.364
-7.61848
55.6972
2.34704
0.3848
1.7394
0.0290994
3.7815
-0.339418
-1.3105
-1.64348
-0.224776
48.3424
-0.841562
0.0280404
-0.970797
1.48045
-0.885934
-0.0262979
-1.55212
3.25912
-6.00993
-2.55602
5.27744
-0.00679261
2.27941
-0.118225
2.5356
0.603262
0.310259
-0.478726
-3.03091
-0.488282
1.6488
-0.0378383
-0.258649
-2.19946
2.30646
-1.08285
0.879766
-0.634596
0.307151
1.57423
-1.36794
-1.03653
1.36779
-5.32927
-1.21841
-0.897497
0.883874
-2.50953
-5.70297
4.68658
0.276179
0.728352
-4.91084
0.154081
0.0777191
3.58309
1.06154
0.174876
0.585181
-5.24415
-9.48663
-6.10111
2.31162
-2.13452
-4.65938
-0.673393
-0.327281
11.4868
-0.704825
0.922718
-0.048723
0.768725
-2.34535
-0.594106
5.50841
-0.351111
-1.49284
1.571
2.12564
0.663028
-2.61243
-0.810011
0.756756
0.399337
0.147763
0.383585
13.4951
0.0402094
0.547568
5.59905
0.850921
-1.36523
-0.247944
-1.23096
0.372333
0.549989
1.85228
-0.637528
-0.289923
-1.55745
-0.629283
1.95906
-0.767508
-1.99395
-0.6574
-16.6508
0.551962
-6.43326
0.795869
0.461784
0.743831
0.433239
0.833418
-0.372284
0.159645
-0.29134
0.608628
-0.558789
0.130587
-18.0538
-0.815243
-1.73619
-1.29915
-0.968792
0.535106
-4.45314
19.1899
-0.410503
0.0783284
-3.87696
1.79941
0.941527
0.0539196
-1.37121
0.992476
0.950553
1.26878
1.60194
4.42396
28.4481
0.598863
-5.80704
3.40417
-1.01597
-0.862051
-0.594695
-1.12465
0.382233
1.55119
1.52851
0.699003
-0.12167
2.75796
-0.103419
0.459156
-0.580938
0.683359
-4.62494
1.5656
-0.166641
-1.43377
3.18974
-0.163513
-0.207666
9.16638
1.03704
-0.879803
-13.6196
-1.40488
0.254186
0.620576
-3.19053
0.486835
-0.241064
2.54927
-1.90249
-0.814346
-3.33727
0.298895
0.214931
1.72547
-0.616181
-1.03271
-0.688196
-9.22422
-0.924173
-0.282195
0.627298
1.43588
0.294836
-15.1739
-0.968195
17.6252
-0.359806
-3.68807
-0.235867
-2.3015
-0.0711995
-79.3049
1.01746
0.0772442
1.11086
0.0526581
-0.318664
-0.748594
3.61736
-0.838052
-3.00835
-3.17645
1.08933
2.62026
0.0974188
-0.591
-0.507193
0.192968
-8.99867
0.483198
-0.240297
-20.6445
-0.0861979
7.02071
2.22165
-1.65309
3.20149
-0.842049
7.35331
0.0253266
0.589843
5.63357
0.359319
1.8956
-4.97614
0.388288
1.93712
0.0570405
3.3297
-2.29418
-0.223752
-0.207423
0.122164
-3.07728
5.91551
2.74421
-34.1881
1.99317
4.84846
-0.166618
6.19971
1.8674
1.06706
-0.471223
-1.0899
-0.045982
-0.0662271
10.1466
-20.1132
0.726842
-0.298757
-0.659729
12.3
-0.116277
-0.0932725
-2.01988
15.6922
-0.936422
2.68167
-0.0781145
2.90833
2.10176
-3.1186
-0.177251
-3.01546
1.35195
-5.05937
-0.199315
2.77284
1.95581
-0.531973
-2.42323
-1.12343
0.539838
-19.3602
6.18838
0.194637
1.46195
1.17573
32.2408
1.6782
-0.892303
-0.661972
0.45611
3.23887
-0.722122
0.816311
-46.1054
9.48829
7.58328
4.22463
7.21312
0.251069
0.0730473
-0.251304
49.6054
0.550774
1.57333
-18.454
-0.0660251
292.653
1.1804
-6.19476
0.802084
-20.9449
1.62425
1.2712
-1.09502
-1.61575
-2.91068
-5.39427
1.08304
-4.8628
-17.4078
-1.824
-0.515857
2.03539
0.220885
1.83238
-0.416868
0.794548
-0.074549
-1.24039
2.05697
-0.806608
59.1439
1.94017
-45.2354
-1.25179
-0.540152
0.179452
2.37618
-2.94976
0.490201
-10.7905
-0.190268
4.1555
-4.74923
0.363507
0.129092
1.6497
1.88565
0.449678
-0.313036
-5.49904
-7.38292
-0.466367
-1.33845
0.0212312
-2.41446
-0.282402
1.70344
9.63211
-0.739746
-0.849135
1.70455
3.31268
3.42054
-1105.77
0.348318
0.777444
1.88302
1.05723
2.38004
0.745683
3.2757
5.68598
-2.83268
0.477607
-2.50538
-8.57832
1.08981
-1.46223
0.119164
1.10384
0.0240935
1.06917
0.214765
0.172512
10.0595
-0.36876
4.83219
-0.292094
1.3194
0.118753
-12.7692
1.92546
-0.46207
378.559
-3.14792
-0.15512
0.688512
0.663236
-1.31632
-62.407
1.09007
0.240881
6.14676
-0.879963
-18.8398
-1.36224
0.40881
-0.714462
0.389516
1.19238
0.890946
-0.755236
1.56822
-21.5097
4.87255
0.550392
1.39886
0.257883
0.699803
0.867144
-0.155375
-4.46423
0.506378
1.00081
3.79213
-0.502923
0.682945
1.04472
0.315197
84.1915
1.64036
0.12181
-4.14448
-0.100644
9.56679
122.089
-19.1877
0.944605
-1.54922
-4.64797
-0.622983
1.41925
1.38054
-14.9412
-0.173678
-0.188388
0.0449172
-0.590105
0.962892
0.165836
0.238038
-0.492647
-12.2718
-0.264267
-0.0682891
-0.322796
3.69927
4.11463
1.82177
0.906059
2.60618
-1.40626
0.126833
4.45585
1.39689
0.0954733
-11.0764
-1.54879
-0.131772
-0.554157
0.428317
-0.244862
1.12169
-0.369872
-1.00799
-2.34513
-9.78863
-6.82277
-0.384943
21.3896
0.727773
0.185102
1.99275
3.71507
11.2742
4.45784
-0.604659
0.564968
-0.983917
-3.84715
0.948113
-12.9947
-0.462817
-0.593653
0.157426
0.0116216
-2.11683
1.80581
-2.68316
0.0293892
4.7409
-1.41397
0.693252
1.23978
-0.587196
-1.03545
0.497736
-90.4125
4.84653
30.2949
-1.72762
-0.156437
-0.0559932
-35.856
-2.83689
-1.36236
-0.217331
-0.318348
-0.195097
-2.42967
9.58564
-7.5417
-0.0245506
-0.277892
-0.157526
0.950779
-1.54565
1.34876
-0.221772
0.332542
-0.126757
0.318941
-0.896104
0.562374
0.168486
-45.4231
-0.167928
-0.435042
-38.4161
-1.2053
1.83057
-1.14229
1.2168
-1.04481
-2.01202
0.626472
-0.983279
0.0714618
-0.579586
-1.78699
-2.5151
2.07505
-1.64558
0.15432
0.354425
0.451878
-1.33162
0.803954
1.15183
0.186629
0.586941
-0.391906
-1.22163
1.31108
-1.49181
0.658277
0.117181
-0.312624
0.280721
0.341906
-0.0463566
0.377131
1.75294
-1.56122
-0.0451387
-1.99613
-11.0613
1.03598
0.349864
-0.42981
4.63148
0.482053
0.399613
1.1344
0.852498
4.88151
0.777346
7.10441
0.447973
-1.12336
3.96515
0.080796
2.91825
0.706104
0.910146
-0.705462
-0.737737
-0.701721
1.5508
0.318181
5.97326
-1.84718
0.0273471
0.242177
2.64572
-0.932975
0.00902501
-0.246918
0.379481
0.24799
0.655152
6.29959
-0.397272
-0.810649
0.611363
8.52986
-1.49621
0.0502148
-6.10585
11.6317
0.68861
0.71964
-0.452409
-1.99441
1.00197
-23.2003
-1.29205
-0.183318
-1.68469
-2.74771
0.803485
0.226977
-1.08685
2.55835
-0.825064
-2.59345
0.0741365
-13.5312
-1.70734
-0.671579
-2.64926
-0.462406
-0.33611
0.394949
0.204336
-7.83665
-0.566822
-0.0629945
-0.839734
-2.21964
-0.593886
-3.9075
-3.41613
1.75977
-0.561551
-0.306365
-1.66865
-5.5548
2.12179
2.94089
-0.56031
-0.230964
1.2856
-0.735542
0.805566
13.0684
-0.916235
0.518451
-1.99377
0.250167
-0.730163
10.816
-0.681522
-18.4903
1.96195
-24.3926
-16.8369
-1.18843
0.972171
0.680495
0.917287
-20.8006
12.3032
2.02455
0.164751
-0.532879
2.22346
0.435008
-0.993448
0.21065
2.67461
-1.98359
-0.924738
0.103281
-0.850783
1.04908
6.42163
-5.86861
-3.47055
-0.958842
-0.00707237
25.8582
19.5421
-0.956744
-0.373446
5.28621
-0.944481
1.04303
-1.15729
-0.403533
-0.332097
-1.14045
0.467064
14.4889
-14.0595
0.979149
-0.391964
-0.271134
6.34589
-8.33716
-12.7093
-1.41472
-1.37002
-0.0265359
0.456028
0.660117
0.159188
-0.177774
-1.29005
-0.275766
1.51249
0.406819
-5.02114
-0.896151
34.5959
-0.510374
-3.83204
-0.876294
-1.68949
-6.42777
-1.35079
2.81105
0.218785
-8.30298
0.332048
0.256314
-1.58731
-0.82839
-3.94881
0.195503
0.339311
-0.00917683
1.98659
2.52039
-1.80147
0.548446
-0.4311
8.28019
-1.62195
0.505775
-1.78557
5.28818
0.696087
6.39437
-0.40036
0.165551
0.10405
-0.745966
-1.27024
0.556268
51.2775
0.0116643
4.17743
1.05367
-0.203597
-2.87924
-5.55194
-0.668444
1.92251
-0.440095
-0.62128
-2.81861
0.259812
1.4577
1534.5
0.0636446
-2.36522
-1.87182
0.287784
0.185828
-0.448568
-0.420307
38.1459
2.39429
-0.804361
-0.210788
-0.145602
-0.253684
-17.1796
-0.393555
-2.83907
-1.87785
-0.107508
-0.0880386
-0.780442
0.592329
0.66373
44.5994
18.65
3.58839
0.305276
5.20598
0.738553
1.16334
0.113092
0.146569
-1.67723
1.11854
9.87184
9.50943
-0.174344
-0.450214
27.2836
-0.15474
2.19222
-6.47975
2.52895
-0.59219
0.827825
-0.12434
-0.768294
-2.79674
0.789075
0.152722
0.606294
0.337733
-7.42597
0.530352
-0.0108904
-0.377398
3.21483
0.951172
-63.5555
0.652631
0.78492
-4.5544
-3.84664
-0.166926
0.163301
0.176291
-1.66366
1.00459
-0.0930533
7.62152
0.396857
-0.000178469
2.46311
6.16867
2.37563
-0.0545798
0.258275
1.06523
-0.115727
0.355041
-1.44318
-0.918118
-1.3479
0.438052
0.0417384
-3.74149
2.42204
0.0401595
0.399181
-4.36396
-28.9833
-0.411771
-0.975637
2.18979
-0.684635
0.413639
0.650494
-1.80121
12.5435
-0.486646
-4.32382
0.314457
0.408778
4.32524
0.266158
1.36909
-0.728104
-0.0498827
1.67909
34.0822
-0.0791491
-0.0482352
-1.80178
0.327917
0.471483
8.49416
0.793522
0.759537
-5.2689
-0.585433
-0.413822
-1.38288
0.0846554
2.17646
-1.46514
-0.177553
2.61184
0.498375
5.03392
0.0713173
0.0228592
-0.580088
1.40898
-0.380734
0.845057
-3.00165
-1.28295
2.78029
0.543962
-1.58716
20.8277
0.512488
0.668869
-0.573183
0.195799
-0.880956
0.0654478
-1.71796
0.0749621
-2.58893
0.04668
0.47811
-2.95688
1.09707
1.06674
0.22612
0.372182
-20.6864
0.7387
3.06224
0.815759
0.661407
0.324888
3.86722
1.28507
5.30091
-3.3228
1.8968
0.0158546
3.221
-11.6243
0.182862
-0.182563
-1.96523
-0.0723873
-0.421725
0.159957
-0.829341
0.775396
0.477487
0.202516
1.78094
0.316177
1.83082
5.19441
1.81948
1.38596
-2.06455
-0.874506
0.384678
0.791711
-0.851862
0.797295
2.08015
-0.193544
-1.77252
1.3724
-0.757591
0.167188
-0.178538
-0.411924
1.15365
-0.801661
-0.194886
-0.634878
0.279121
-0.286823
1.81384
-0.271573
-1.28563
0.354928
-1.42379
-0.515942
-5.28026
-0.904596
0.406026
-15.9379
-0.342177
0.0500097
2.38498
0.394015
3.64855
-0.860972
0.118759
2.60244
-1.00999
0.59713
5.12838
-0.43887
-0.532521
-1.09202
-0.138816
-0.770464
1.63284
-0.214729
5.14345
-0.891936
-6.95175
1.05749
0.710995
-1.20558
0.305541
0.103982
-0.173828
0.68623
-1.8097
-1.12518
-1.67104
-0.152801
-2.2432
-0.791854
1.65688
-2.03826
-0.125487
-2.75496
-0.808657
0.575253
1.46764
-0.198166
-6.68498
1.96955
4.70008
-0.105083
0.698911
-0.282227
0.732953
-0.244487
-0.291509
0.937521
-3.71318
-5.42541
4.49244
-66.8129
0.702726
3.64949
0.0362026
-0.277234
-0.578282
-0.133017
3.21726
-0.258931
-1.98765
1.22221
-3.0493
-0.529561
1.50617
-1.10277
-0.459985
0.254622
0.137141
-0.026022
-0.107265
18.0146
0.139913
2.19272
0.000214487
0.329839
-0.470118
0.86175
0.121455
-0.57711
2.67162
-0.25028
-0.150619
-0.215474
-0.058099
14.493
-5.35864
-0.742124
1.31982
-2.44879
-50.8367
0.507969
-2.56992
0.129409
0.790707
-0.236068
1.65121
0.587313
1.6754
-0.0556788
-1.21874
3.01621
-1.07495
-1.64498
0.301866
-1.99259
0.614665
-0.0386012
-0.970958
-0.484259
0.569193
-1.06766
4.98569
-0.194564
0.672556
0.82535
4.19465
0.0684194
23.5408
-0.159821
-1.50101
-0.44915
-0.475426
0.986396
0.0434397
0.960241
-2.95422
0.444622
0.840178
-0.54318
-2.79115
-11.6026
0.707527
-1.51032
-12.0091
-0.0521902
-0.972476
-0.435778
1.18496
-0.134503
0.591423
0.46461
0.595961
1.25351
0.97978
0.293365
0.148336
-2.71771
8.02373
0.0303264
0.255207
0.42183
1.31687
-1.15916
1.82856
-0.694528
-287.833
1.05125
9.7578
-1.41837
1.30578
0.841419
0.366537
0.320379
-7.18295
-6.88343
2.21878
0.896915
-3.41472
-4.22135
-0.465263
-28.3438
-0.723289
-0.280013
0.445437
-0.376217
-38.9602
-1.67473
-0.651306
-2.60441
0.835323
-0.131751
-0.420776
-0.185714
-0.867523
-33.2113
0.990382
0.183485
0.511661
-0.228702
-1.3679
-0.207726
0.675113
-0.500786
-1.02874
10.2438
0.852501
-2.81998
-1.3675
-1.16294
0.047618
-1.51451
-0.678451
-3.3707
1.07573
3.83103
-50.2994
0.28207
1.02799
0.31478
-36.0474
2.77467
-0.649615
-2.98252
0.684603
-0.179298
-5.22564
0.275079
-1.74503
-1.77437
-1.72785
1.53219
0.0791156
-0.500545
-3.86534
1.24408
-0.227841
0.819698
-0.599162
-0.565334
-1.30413
7.56832
-1.26713
1.14996
-0.043571
-0.540756
-17.8107
-2.05455
67.9156
-1.43538
-0.578227
4.04004
-0.227623
1.07547
0.559978
-0.704982
-8.38409
0.227454
-0.401383
0.207127
-0.330968
1.87853
0.471055
0.12327
-0.0561172
-42.5785
-0.724656
-0.146112
1.32775
1.21589
2.59849
-3.82123
29.6159
0.861435
-1.28688
0.27715
0.600955
-0.21898
-0.5314
0.415065
-1.59877
0.540445
1.51699
1.52393
0.638838
-0.740091
-1.12531
0.015917
0.950529
-0.929107
0.448249
-0.602293
-2.75395
0.326172
4.24393
5.11748
0.0732501
-2.25537
12.4536
-0.0893348
-0.258329
-0.690264
-0.449806
-0.0108501
-1.46776
2.25476
-0.53384
-0.253532
-1.15134
-0.697594
-0.228953
3.33146
-1.34187
0.544943
8.96006
-1.66081
6.77808
0.227395
-0.347577
-0.884574
0.461811
0.14003
0.746606
-0.507302
-0.983212
-0.380151
-0.595603
0.769163
-134.247
-73.4629
-0.162674
-0.0476046
-0.980661
2.5812
0.919993
4.23395
-0.721957
-0.278096
-0.0472604
2.19426
1.34487
-0.497219
-0.38127
-10.4197
-0.282741
-7.13615
-1.27841
-1.44537
-0.640771
-0.122577
0.348093
1.78971
-0.676103
-1.41343
2.93522
3.53241
3.83301
3.04308
1.81433
-2.92327
-6.44415
1.03439
0.730087
0.601406
-0.156512
-0.631785
0.098416
2.28377
-1.97671
-0.364429
0.844884
0.697312
-1.44962
0.0569358
0.826462
-1.31784
-0.476474
-0.806595
-0.12481
0.720798
0.886047
-2.40915
6.52026
1.96175
-0.617001
1.14585
22.1615
-2.59631
0.0663458
6.24377
-0.521051
-0.830877
-0.29051
1.00247
-0.632296
0.0171713
9.18387
-19.0143
-1.88691
9.59006
-1.84843
-3.12113
5.37248
1.70188
0.317171
0.0824784
-3.30734
1.16399
-11.8734
0.0183791
0.726734
-1.23403
-0.0641365
3.09422
-0.0730516
-1.13282
-0.529424
-1.80291
0.462036
0.1045
-0.992468
2.40603
2.27691
0.585102
-1.88859
74.3354
-16.4734
2.91749
-0.0702175
1.65175
0.0263711
4.09261
0.854676
5.60018
0.626577
-3.21791
0.11771
4.38754
-5.2111
0.553294
-0.301414
-5.38873
-0.820736
0.274977
0.853124
-5.80134
0.897477
0.198064
2.18344
0.593546
-0.132505
-0.0963145
-1.24314
0.0809741
1.2397
-0.205541
-1.71295
0.170129
1.6149
-1.08366
-0.441353
-4.69136
-0.531608
-7.01383
0.852297
3.95761
-0.246783
6.30616
-2.13661
-2.00277
-0.0576661
0.0629694
-2.63704
-0.679708
3.24915
-0.123083
0.802462
0.370077
0.948595
-3.18157
-0.473035
-1.77677
-5.27833
-8.92612
0.903874
-0.561111
-4.71149
6.597
-0.84164
-0.413272
0.306766
1.02096
-19.4927
-2.00188
-0.137623
-0.413872
2.41313
-1.99242
-0.528227
-2.66798
3.25533
-0.0654575
0.0390652
-2.08409
-0.190215
1.26151
-2.41208
1.97941
0.96316
4.31977
-19.831
-0.224285
-9.89196
-1.50858
-0.612403
-0.654746
0.790879
0.50718
-0.0431428
0.241931
-9.65098
1.30752
-0.0371338
-5.23696
2.56462
-0.677095
0.0234627
1.9396
2.51392
-0.870646
1.54755
0.354284
0.156271
-8.58224
-0.573038
4.14149
0.542179
10.3345
-1.37742
-0.849017
-0.191868
6.19448
-2.08363
2.01238
-0.97007
5.44681
-1.83202
2.10982
-5.84653
-1.69873
-0.942915
0.132782
4.49369
0.0471477
0.948644
-0.614352
-0.615419
-42.9707
-0.248078
3.24002
4.30693
1.63969
-0.441832
-20.7615
0.932938
-1.17651
-0.166015
0.501902
-1.12387
-2.49029
-0.528265
-3.21958
-0.0349106
-0.0188032
0.494746
2.56472
0.570985
0.156146
1.11929
0.856616
0.266741
-7.8627
0.753019
-0.579775
-0.0364717
-0.0880683
0.634999
-1.32466
-5.42906
-1.76535
0.329754
0.377926
-0.188896
-29.6823
0.415846
0.194876
-0.133555
0.214829
1.33821
1.69795
-0.861518
-5.59683
6.21959
0.316219
4.88278
0.621923
-0.0103811
-0.0627249
-1.24967
-2.43508
1.49553
-9.13216
-0.246166
-9.71089
-0.669119
1.9835
1.59347
0.301455
-0.886575
0.783728
-0.684969
6.42829
-0.62698
-3.26445
-0.528225
-0.524045
-0.521063
0.31175
1.40803
0.401326
4.07855
-6.89977
-1.20276
32.5061
1.9101
2.8908
-0.490989
-0.194725
-1.22298
-1.96465
-0.224968
2.08287
0.584096
-0.0700013
-4.30849
0.313714
-0.0643704
0.865872
-3.21467
0.73384
-0.340027
0.200287
-0.330067
-0.402992
-4.28513
0.184923
-1.76028
-1.91735
-0.442539
-0.518397
2.81938
-1.27657
-0.963845
-0.68513
-7.22563
-0.602997
5.21278
4.46923
-1.92141
-1.39347
2.36308
-0.337043
1.85459
2.73612
-4.17922
-0.916275
-0.0807139
2.17875
-0.760754
-1.99685
-4.09405
-0.969742
-0.612356
-0.921991
0.927324
-0.366502
1.12846
1.63751
0.18716
2.44707
50.4551
1.10879
0.212427
-3.20005
4.2065
-5.06784
0.248577
0.0857116
6.03361
-8.87301
-1.10834
-0.472366
-1.89852
26.6637
0.70957
-5.01796
-25.5307
-8.27246
-0.616789
-15.6095
1.51386
0.0687096
15.9207
-2.14596
0.141264
0.29849
0.442042
-0.147365
-1.28407
-1.60928
-1.50783
0.775672
0.890273
0.7605
-0.194343
-1.15029
-0.854003
1.00386
-1.60563
-0.638589
-0.521946
11.0681
-0.933028
1.14219
-0.76773
-0.0720793
-1.09198
-1.19026
1.02164
-1.76917
-1.78337
-0.667082
6.1005
0.329074
0.709822
-1.0787
-1.87366
-28.3861
44.4899
-164.899
-4.84417
-0.676555
1.37767
1.1316
0.326907
-0.175331
-0.732338
0.805191
-1.99286
-0.721878
-0.319249
-2.12657
-0.954646
-3.78746
-0.0227484
0.860835
-0.556624
1.15806
-4.50808
0.639748
0.895737
6.61033
1.18734
-4.60544
5.62205
0.00108668
-4.75468
-0.0989048
-23.2971
-47.5445
-28.3695
-6.88776
-0.461036
-0.574659
-0.850316
10.1497
0.221038
0.243689
0.854787
3.12755
0.0880777
-0.524704
0.800221
-0.503089
-0.262653
1.35834
0.0318196
18.5146
4.72673
-0.231612
-2.88596
-0.292174
0.417031
-1.29026
-28.4736
0.207309
-1.5149
0.121479
2.82727
-0.479245
0.0507261
-0.316556
-3.13557
-1.53945
-0.502344
-1.15718
-4.77916
-1.14545
0.153155
-1.25836
-1.59694
-19.5
0.442296
2.51516
0.524031
2.81065
-2.36635
6.02284
0.480554
-1.91623
-10.634
-1.28438
-1.97031
2.16842
-6.96093
-3.00201
0.545601
0.843687
23.6661
0.0689609
-0.755164
2.25347
-0.222907
-0.731798
-0.194272
-0.0100819
-3.33352
-1.95544
-0.0581745
0.0132124
-0.0243063
1.56264
2.72945
-0.776222
1.1732
-2.41791
-0.395475
-0.271923
0.0512877
3.12271
0.165437
12.0952
4.81487
25.1548
33.8715
0.848117
-0.330751
6.24061
1.36794
-9.95332
0.872027
-5.92095
-1.29853
3.19178
1.02108
0.515452
1.79798
-0.834124
-0.960689
-1.37228
0.251541
2.95422
-1.38907
-6.07802
-0.263658
-1.05057
-1.24961
1.13745
1.34939
-1.41411
-0.5638
3.54159
-0.122287
1.34719
-3.04496
-1.03646
-0.150866
-5.24625
15.0835
-1.4632
0.0568673
0.649217
-0.544891
2.05229
1.30546
-3.09155
0.910159
-2.04093
0.562212
-0.570238
-1.89756
0.836132
-0.494848
0.26074
1.39573
1.34704
0.79507
-0.867469
-0.806042
0.0521118
0.0758834
37.0966
-1.09298
0.163113
-0.307643
-3.10111
-2.39082
-0.553143
-6.69533
-0.599059
-1.4552
0.187576
2.54557
0.770621
-3.3737
0.2374
1.11791
1.89965
-0.342038
0.756987
1.27733
-1.52776
-1.88878
0.765911
1.59066
2.0239
-41.2512
6.0885
-0.731104
0.657529
0.507089
-5.74929
-0.230389
0.269839
-0.945135
1.55042
-0.75106
2.73501
-0.104656
0.379697
0.594067
6.28831
1.18483
-2.18274
-3.81494
-0.947965
-0.385464
0.803212
0.70046
0.567246
0.784471
-0.0435473
7.06079
1.8489
-0.950647
-0.770801
0.338164
-0.145993
91.9929
0.936419
-0.92996
-1.9016
-0.186691
-1.66102
0.730012
-8.2654
-1.2092
6.39256
8.71367
1.53757
-0.181363
13.6482
-1.10239
3.55103
-13.651
-0.323474
-2.661
-1.54835
-0.478467
6.81132
2.86498
-0.508223
0.367722
-33.4515
0.298754
0.333794
0.764553
-0.54424
-0.0918968
-0.99704
-2.61879
-0.472181
-1.52279
-7.49341
1.1305
-3.29114
-1.34285
-0.872289
-3.01324
-0.63209
-0.153884
1.39784
-0.24107
2.26792
1.24505
-2.55739
-1.19421
-1.06447
1.8524
-0.793653
-0.49083
-0.307496
-0.328375
-0.576879
3.50904
-0.218579
1.26355
-0.488519
-0.482947
-0.994802
5.65982
0.794809
-1.7231
-1.25346
-1.15043
1.08244
-0.300793
-3.43995
1.6112
0.818963
-1.02284
1.95554
-0.948759
2.12995
4.07406
0.272281
9.74409
0.458508
0.464812
-0.0221623
-0.475233
0.112856
13.586
0.148456
1.98228
-19.9902
1.25342
-3.36204
-1.22133
0.64973
0.329648
0.710323
1.17552
4.59628
-4.20984
-1.28603
1.88062
-0.388323
5.10714
-0.0349312
-1.44308
-6.93688
0.299073
0.345595
0.268231
1.91992
-0.301779
-1.2035
0.770508
-0.552658
-3.74034
8.03519
-1.22997
-5.68186
2.46348
4.94614
9.53333
-0.488619
-1.05264
0.771149
1.24657
8.39385
-2.00613
-0.0749943
0.171713
-1.02204
0.433149
-0.658725
7.91052
4.3623
9.08662
0.0653899
-0.489179
0.711262
-0.932449
0.322176
0.0480677
-6.65195
0.23879
1.82288
0.494547
0.307698
-2.38986
-1.73917
0.632375
-2.98255
-0.519257
-1.35877
0.0455275
2.5495
-0.231625
6.31472
-0.590249
0.432561
-6.70994
-1.27032
-0.448202
-0.82818
0.409293
0.639376
1.29646
-0.702004
-6.07189
-0.214588
-0.646655
1.17919
-0.0266361
-2.07731
-0.0268638
2.76175
0.232765
0.162413
43.655
0.632814
-9.91207
-3.48191
-0.616762
0.58954
-11.2174
-0.405845
-4.34019
-0.00931516
6.3788
-0.784972
0.8625
2.69607
6.23358
-0.0968586
0.617608
1.86372
0.502547
0.366777
-0.685645
-0.460925
-1.74017
-0.183298
0.109517
-1.0188
-0.184026
0.161619
0.663497
7.17371
1.35387
-2.50216
0.321932
0.637849
-1.1513
1.81641
-0.551644
1.20138
8.15861
-0.710586
0.354801
1.53445
-0.404572
6.45558
-314.79
-1.69503
-3.4644
2.03036
3.54125
-1.24293
2.56813
-0.170793
0.925286
7.92515
2.10921
0.22791
0.734635
-0.832877
-0.362482
-0.602375
-0.0994314
-0.19195
0.46089
0.137853
3.21254
0.94713
-0.490278
-0.212712
1.84913
-0.66393
2.27983
0.448708
-0.413413
-0.393732
12.0589
0.968487
-8.63435
0.0941832
0.0717943
-5.28405
0.132287
0.140657
1.50019
-1.31738
-0.705298
-0.299891
-6.33937
-0.862482
-0.321363
-4.44857
1.64001
22.9079
0.610703
0.933961
0.0589555
-0.545633
-0.600263
0.0553996
0.153282
2.18543
0.344917
-1.22131
-2.05461
0.608645
0.603934
0.694822
-0.596132
1.85532
0.690471
-0.216903
0.728155
1.06753
1.29431
-1.24967
0.449802
0.654241
1.56913
-1.17045
-0.125281
1.96358
-0.503277
1.52955
-0.162615
-0.347083
0.0651849
1.4394
0.481356
-1.92817
1.84249
3.3932
-3.28787
-1.03993
-1.57004
-0.637971
-0.973262
1.17528
10.9252
-0.392846
-1.48857
-0.766923
1.30502
0.910531
1.16981
-0.469141
3.48128
-116.177
0.0972711
0.587317
1.25701
0.492972
2.04207
1.57942
5.83104
-0.20174
0.710469
-0.351768
0.511114
-0.460339
0.304664
1.09432
-0.0983413
-2.80763
2.06048
1.73483
-3.35256
5.24981
2.84893
0.0335679
-1.1522
-0.154835
-1.02707
-0.144566
-0.608137
-1.40613
-1.13823
0.0392695
0.0188481
0.335395
-1.66908
-121.728
-1.71997
1.00067
-0.977093
0.870601
-40.7617
0.364778
-1.09141
0.00297022
0.358914
-1.27086
-0.697265
2.82774
-1.85058
0.222623
1.19165
-1.11558
-1.71367
0.318568
-0.0680827
2.59998
0.323917
1.94174
0.429513
43.7146
1.73174
33.1352
0.509268
-0.615291
-0.51996
0.866289
-0.827915
-0.970059
0.441665
-0.563946
3.32481
3.61977
-2.64522
4.84917
-25.8336
2.4341
-42.2083
0.832632
1.00445
-0.11952
3.08468
0.255791
2.24347
-0.218081
-0.486893
-0.548603
-7.76083
-0.24101
-0.195245
-2.58924
-1.64716
0.431676
-0.0243716
-4.47661
0.0488044
2.00416
1.41774
1.05569
0.821051
-1.06285
0.088927
-2.10081
-0.21553
-1.38195
-1.36343
-0.490619
24.0281
-0.973449
2.45214
3.79052
-2.82141
1.14145
1.09386
0.938308
0.566833
1.02997
1.0497
-0.801283
0.747317
3.4742
-0.869262
-2.05918
92.1681
0.124022
-0.0979587
-0.784077
1.52388
1.68134
-1.26213
1.60901
6.87669
-0.640161
8.69442
0.564434
0.809043
3.4855
-5.71325
1.41053
1.5849
-5.06954e-05
1.10007
0.41603
4.35315
1.53555
-6.50619
-3.07054
-3.28529
1.95805
-1.92008
-0.734692
0.315134
1.75669
-84.5249
-0.922006
-52.4467
-0.271813
1.67061
-1.55503
-0.793388
-0.452455
0.19003
19.7951
2.65391
-0.631724
0.662588
-0.674693
0.0480187
1.62922
2.59268
1.66395
0.693468
1.22086
0.170158
-0.501908
-1.09771
16.9499
-9.69797
0.0336896
-0.709295
-0.875792
-6.65177
0.56912
-7.5454
-0.541438
1.05715
2.88625
0.685141
1.40088
-0.0642491
1.64215
0.00842266
0.721846
2.50296
2.48426
-0.478067
-2.036
0.902344
0.00588154
-2.54777
-0.645013
1.94108
-0.609426
-0.0599574
-0.263122
-1.32767
4.93269
-92.3255
2.94354
0.222257
0.116916
-1.20704
-0.0637022
-1.45728
-0.539002
-5.29676
-0.548364
-0.796766
2.35533
0.527403
1.27229
-1.2529
5.4926
-0.183268
0.290216
-1.61807
-0.814473
0.320098
-1.18388
-0.151592
0.245241
-1.36745
0.314469
0.462614
2.30047
-1.47616
2.6345
8.83176
2.51075
-0.181989
-5.02842
-1.43508
0.58791
-0.698984
0.175998
-0.310647
-0.253011
-1.72706
1.16235
-0.620811
-1.25004
5.08801
-0.660366
-0.139683
1.82847
-0.123067
-0.00649195
2.85398
-1.47158
0.157803
-1.98617
-0.040188
-1.67769
-0.455961
-1.06609
-4.28709
-0.560933
-3.40442
0.384269
-0.621215
-2.58618
-1.53348
-1.13394
-1.15709
1.7489
1.05678
-2.90025
0.0714229
-3.75515
-0.87346
0.324944
0.206262
3.49317
1.5056
1.96261
-0.330708
0.846723
-0.0527074
-0.0516824
3.01266
-0.169289
-1.59473
-1.13194
4.26687
0.247715
-1.20557
-0.854118
-1.21151
-0.355604
-2.05244
1.72785
1.92056
3.08496
0.257161
-7.21247
-1.13438
0.18229
1.15871
2.19102
-4.51399
-2.9662
-0.0185575
-0.0470603
1.52139
-1.25667
9.75788
0.0148131
16.6842
-44.6596
0.131089
-1.08777
1.24175
-6.09973
-1.32611
-1.76973
-1.22742
-0.211662
0.509061
-0.0930203
-1.11966
11.5383
-0.473967
-1.10209
3.08435
-2.0627
23.9763
0.408902
-1.69698
-0.0430159
-2.97622
1.05772
0.0693907
-34.7139
-1.46987
11.3474
-1.47852
0.59143
-2.39752
1.34923
-0.507986
3.06922
0.870665
56.5461
0.0463699
0.18243
0.121845
1.21284
-0.127821
-7.1427
0.0828383
-1.19849
0.325061
1.71139
-2.62164
-5.49065
-0.469956
1.11349
-0.0368245
9.51114
-0.044617
-0.955071
-9.77743
-0.0691171
1.35791
0.534723
-1.00226
0.121238
-2.93089
-0.262849
0.64633
0.945945
0.662036
0.631025
0.483227
1.27889
5.22383
0.428719
1.33315
0.587688
1.42627
1.2571
0.121829
-0.00490234
1.08281
-0.722824
-0.454376
0.401857
-2.21043
0.786789
1.61728
0.50808
0.0239006
22.3056
0.0247567
2.14876
-0.583998
0.00280638
-0.22082
-7.86747
-0.00248848
-1.99436
-10.329
-0.150831
-0.623522
-1.11971
2.41513
-0.704749
-1.07934
-2.34452
-2.49756
-0.907798
8.25659
-3.64419
-0.562244
0.0603701
-4.87352
-0.985908
0.0034715
0.558729
-0.322833
0.575301
1.24823
-0.24982
-1.42789
-0.144796
3.72522
0.911878
-0.387654
-0.288694
-0.547618
1.65181
0.992525
0.143136
1.91068
7.70775
-0.196517
0.139882
-0.231481
-4.06105
16.5856
-0.352839
-1.01162
0.362175
0.936415
-4.93345
-0.0329546
-0.972447
-3.33902
-6.3811
2.21769
0.896007
0.0591153
2.61529
-1.56311
-1.55696
-1.15066
0.651109
1.06705
1.74937
0.103329
2.46227
-1.04564
-2.2061
-0.673406
-1.21364
-0.8144
-1.2159
-1.52013
0.262408
-0.255227
-0.216155
1.7505
1.95786
-0.68767
-1.57591
-0.926258
-0.43939
0.441488
-0.164852
-3.36903
-0.903202
1.29836
0.487186
-0.232284
0.562567
-0.158279
2.67394
1.88925
0.413396
-1.44856
0.724825
0.608877
-1.10805
0.207694
-1.02781
0.0246777
-3.30714
0.120157
0.477022
-404.899
-1.47089
0.198004
-0.186467
0.610559
-0.858278
-3.58773
0.518135
-0.384854
-2.95758
-3.97114
0.255659
2.18762
-2.4815
-0.329038
-2.19054
7.5193
0.678945
0.785994
77.6606
-0.293957
1.16122
-3.41954
0.421455
0.903515
5.53159
-0.804272
-21.1611
-0.511756
-0.0175693
0.198675
0.693606
0.243364
30.6656
1.77448
-12.6591
-0.358215
-0.838426
0.313566
-0.822199
1.59394
-1.85435
-0.634141
0.752271
-0.99761
-2.6919
-3.45557
-1.419
-0.987328
1.18366
1.02792
-4.87621
2.95748
0.170575
-0.617966
-3.68665
-0.118591
-4.6596
-0.331753
-41.4759
-0.081286
-0.0752125
0.671325
0.0877931
-6.27748
0.0313922
-1.8266
2.04443
-0.675994
27.6167
-0.409955
-0.241011
0.231397
7.2866
0.456847
-0.502079
0.515369
0.0288748
-0.347198
3.11341
0.456927
30.3873
-1.13288
-0.941135
-0.0341265
-17.2702
4.5701
0.130464
-0.252204
0.341957
1.15926
-0.611494
-2.80486
0.544295
-2.44473
-11.5235
-6.36487
0.143207
0.850605
-0.248767
-0.372594
-1.53351
0.290326
-4.0585
-0.461103
0.347101
1.71984
-0.191771
0.540417
18.4885
0.970333
0.187087
1.97328
0.418044
1.6729
1.29749
0.861944
-1.90337
-7.85584
5.78258
0.700816
-37.6507
8.9089
-0.224202
-2.32167
-1.57282
-0.560857
1.93988
1.34747
1.26527
-1.35718
8.57943
-8.15706
21.2103
2.05018
0.257411
0.0905212
1.33708
-0.509542
-0.120787
-1.27028
0.884004
3.25889
-0.189361
-0.547822
-12.7865
-0.402652
10.978
-3.05838
0.58708
-1.82826
0.145583
0.307191
1.75876
0.931153
0.666569
4.20259
1.21226
-3.05156
-3.54969
1.11975
1.34765
0.916762
0.724972
2.47487
-0.197138
-3.84588
-1.1104
-1.0927
-1.30295
0.0757259
1.80958
0.141915
-0.0546342
-1.86446
-0.351345
0.733083
11.7226
-0.108839
-0.816222
-3.82976
-1.57471
-0.543829
0.72297
0.27097
-0.792782
-2.13505
1.0334
-0.243747
0.25876
0.235016
0.808844
-0.359311
11.3147
-0.154743
-1.18361
1.4645
0.728286
-16.5081
0.262949
-0.0706783
-0.992144
2.62022
0.680853
-4.64799
3.2235
0.342477
-0.229816
-0.181606
-2.46931
0.661595
-1.15432
0.000642156
-7.72695
-0.0491284
0.347917
0.670929
-3.49085
-3.15885
-1.73911
0.852806
0.192873
0.82766
-0.58959
6.02553
-0.0614339
-0.309886
-5.4014
-0.0904123
0.0575464
-0.300231
2.6847
3.10692
6.96737
-0.0248603
0.0970231
0.310928
2.58298
-0.707114
0.330484
-0.310137
0.942274
-0.478515
0.95559
-0.104752
11.7694
5.34103
-0.612258
0.795355
11.3425
-3.8643
-1.42111
2.4399
0.848644
-0.448989
-0.730548
0.0598256
-0.908282
0.793073
-1.18098
-0.716505
-1.03253
0.163662
1.15749
0.178092
0.0659082
3.90432
4.3424
-0.351769
0.0287398
0.465184
0.94427
0.91056
-0.614151
1.24453
0.582386
1.44894
-1.37371
0.0298138
-9.16951
12.9985
-0.450217
1.10633
-0.928921
3.51626
-2.25074
0.31022
0.0543789
0.111298
2.02135
0.51666
0.00543928
-45.331
3.98572
0.144238
1.75976
0.588171
-0.438041
-0.45557
2.79895
-0.780604
31.7902
2.78247
0.954344
-3.50572
-0.148401
0.274015
0.224521
-3.16893
1.62467
-22.9004
1.3507
0.507274
7.83708
-0.0989265
0.748773
0.676756
3.80457
-0.188158
-7.47747
-0.101346
1.84713
1.00045
-13.9504
-1.77711
-0.581354
1.93185
0.829883
0.870869
1.8456
0.093839
-4.19106
4.39322
-0.845415
-0.355556
0.226427
1.51766
0.717561
-5.6985
-0.652175
1.63166
-1.42748
5.61377
-0.830183
2.929
1.33508
-1.28935
2.97198
0.0745332
2.13839
0.99702
0.776805
8.80833
-1.18131
0.797411
4.75327
0.553819
8.43406
-2.43435
-0.957504
-8.69857
-0.552048
0.957434
-0.218557
-0.24137
3.44857
42.3906
-0.688725
-0.451036
-1.31454
1.95497
-1.60825
-0.720784
2.14003
-2.23196
-1.27308
-0.583939
-3.68907
-0.225449
-14.5827
-2.86237
1.78284
1.01894
-1.49351
0.108571
-0.0349423
-0.927615
0.113836
3.51413
-0.780871
-1.28006
0.689565
-0.516354
32.5184
-2.64823
-0.538313
0.419456
-0.487781
-0.992689
-0.419554
1.18869
0.528536
1.02745
-0.5716
-2.22714
-2.18646
0.415475
-6.68847
-0.0113753
-0.238921
0.585568
-0.0147737
-4.66243
0.600252
1.01391
1.98785
-0.167816
0.0996348
0.0346114
0.204351
5.47493
1.1946
-5.55377
1.52954
0.129134
0.857891
-2.6962
1.12937
0.221872
-1.31308
-53.3557
-1.97928
-2.00849
0.434475
7.89331
0.869415
4.21856
0.859512
2.74063
2.80528
0.664094
-9.84439
-0.0803481
0.922968
3.86695
3.05723
-1.65437
-0.279042
-0.685891
1.51029
0.331326
-0.684084
-0.41587
-0.132845
-0.936814
-1.39796
-6.45722
-2.67369
0.12774
1.32698
-0.0102583
-2.83436
0.402077
-3.35883
1.0358
1.4133
1.43976
-0.752165
-1.51479
-0.205091
-0.96747
-0.487261
1.58426
1.19024
-1.23342
1.90523
-1.34112
84.2479
1.50998
0.0419254
-1.38009
-0.781499
0.357289
4.27892
0.312491
-0.0951478
-0.957882
40.2326
-1.13477
1.2171
-0.863751
-0.103987
-2.75428
4.74527
-1.27162
0.182028
-0.646574
0.461099
-1.01949
-1.18854
-0.227275
-3.5535
0.21569
1.86741
0.0601266
0.00625728
78.0946
-0.119627
-8.41702
0.457726
0.823093
-0.552255
0.494791
-0.167139
21.5744
26.4691
-6.93306
0.687864
-0.0529744
6.35045
-0.763825
-1.9712
-0.381371
-1.18429
3.42247
0.320533
-0.31545
-1.49365
2.04785
-3.60167
3.45741
-1.10785
-0.537317
-0.890014
-1.10594
1.76054
-0.23847
-0.263821
-18.6724
-1.32986
0.027237
-1.66472
0.474911
-1.71829
0.183022
0.802576
1.02567
-0.799546
94.7318
-4.43651
0.976291
1.15849
2.2977
-0.648595
0.522
-0.118288
1.00755
0.904628
-0.504648
-0.635799
1.38639
0.171156
0.0387139
-0.963827
-2.09217
-0.782292
-0.647962
0.427266
-0.199092
-0.730925
1.12959
0.07307
24.7241
21.4111
1.24603
-1.25445
0.87523
-0.28539
1.16608
-1.54233
-3.78539
3.23309
0.163781
-0.545626
-0.292474
-0.225694
2.74855
-0.319021
0.137858
-0.298141
0.400774
4.88112
0.592957
-0.908865
-1.07424
0.99433
0.226255
0.220722
-0.816491
0.227385
-1.01105
-0.408752
-2.70086
-0.464662
-3.30005
-3.2008
3.34977
0.591823
-1.14088
-9.16427
-2.17814
2.84384
0.981247
-0.431226
-3.9565
-2.92681
0.161116
-0.120884
-12.3445
1.65397
3.80184
4.30527
-5.57337
-2.01036
-0.0592805
-1.33017
-3.21771
0.905628
2.111
0.451518
0.948985
12.6815
1.2605
0.895162
7.41236
-16.5886
1.49031
1.3261
-2.7586
-1.47217
-1.01951
0.994181
-0.734793
-1.25933
0.330037
-0.36488
0.640441
0.870873
-1.25117
1.85286
-0.00761558
3.64126
-2.74562
-0.251707
-1.8638
-4.15413
-4.05726
-0.0073112
0.740421
0.802403
0.170344
69.0945
-0.150668
2.1866
0.445654
0.798444
1.04135
-43.8744
0.570961
5.49251
0.602468
-4.59283
-0.94322
-0.351415
-0.377264
0.599979
-0.955844
-0.259624
-0.371182
2.4524
2.10112
-0.569318
0.636792
2.58078
0.181974
0.0681771
1.76081
1.5662
0.249223
0.834178
-2.06747
-0.0836578
-0.363391
0.929821
0.721413
0.3204
-1.38626
0.11449
2.76789
0.0356204
-0.737859
-1.57376
35.6516
-16.8989
0.162697
1.21965
0.490318
-7.58866
-0.0432976
-6.53941
-1.43978
0.104692
-2.40543
-0.213684
2.94465
-0.340618
-33.2482
0.239865
1.07013
-0.968054
-1.50916
0.718493
-0.0271396
0.0403017
-0.038235
6.3568
-0.639077
0.329223
-0.0921343
-0.832881
23.6694
0.547154
-1.28645
0.0554533
2.29829
1.61554
1.9605
7.16214
1.40328
-0.000996855
-3.08316
-2.84272
-0.211605
2.32224
-2.86974
91.3078
0.246966
0.559613
-1.47951
-0.640261
0.100737
0.402203
7.04531
-0.275944
-3.00766
-2.24509
16.1479
-3.66227
-4.32314
-0.201276
0.841206
4.37817
1.29558
-0.183407
-3.71278
1.41407
-6.35366
-0.111924
0.822388
-2.32155
-0.134645
-57.3167
0.785621
-0.848587
-5.11519
1.86282
-1.13144
0.245702
-0.869083
3.8745
0.221308
-0.330158
-1.02976
-3.44886
0.0429942
1.05489
1.68447
1.12724
5.84974
-0.354433
10.7832
2.16377
-0.953976
0.460447
-12.4702
2.95376
-1.56753
0.563697
20.079
-0.324014
5.31626
-0.162994
8.49458
0.419989
3.98067
13.9168
-3.11684
-2.47356
-0.361856
-0.727645
-9.55874
-6.4871
1.12582
-2.76044
-2.04914
2.12641
-1.47359
-6.67292
-11.9755
5.92671
-0.448817
0.0919922
0.559812
-0.337993
-0.0379979
-16.9984
-0.183928
0.624849
-0.98769
-0.760734
2.41539
-7.03626
-1.67723
0.732884
1.37148
-2.60239
18.3651
-0.266896
1.58512
-1.27145
-1.68911
-0.705934
-3.61529
-0.723436
-4.86174
-0.540831
0.285326
1.09494
-3.90139
-0.61043
0.29234
1.95819
-1.26232
-2.86728
1.63738
2.002
2.64806
2.59015
-0.48734
-1.19805
-1.99644
-1.96166
-1.23812
-0.617192
-0.449232
0.668155
2.61343
-0.749432
10.5613
-0.220623
-22.3272
0.703053
-1.86571
2.72361
0.724787
-0.667222
-4.76306
0.447013
2.07977
-1.60421
-0.185472
1.28985
-0.862671
-11.5871
-1.36272
-0.122791
-3.9799
0.246481
0.499029
-0.234311
0.0757445
1.85844
0.680423
-0.395183
0.0758399
-0.716516
-7.61603
1.41334
8.71217
0.34265
-0.414898
1.64432
-1.47564
0.167175
0.667929
1.38003
-1.56281
0.621636
0.504911
2.09885
-0.0949865
0.156041
0.817686
-0.716868
-0.75428
0.164884
3.18749
-4.39889
-0.490729
-3.70816
-1.0155
-0.500399
-0.197654
0.00407576
-9.26415
-0.616471
0.19315
-0.362203
-7.64161
-3.05283
-0.159893
-0.641803
3.77994
-1.94159
-0.839055
-0.335552
-14.9668
6.09184
-59.8301
-15.2518
2.01151
-1.3922
-0.0938188
-0.272442
4.97271
-1.30826
-9.68463
-0.739848
1.34621
0.26873
1.02511
2.06266
-0.455958
-2.57455
45.1359
-0.131458
-1.64744
-5.6302
0.703207
-1.46734
0.278828
-0.606418
6.18683
-0.474644
0.389343
-1.09529
15.586
0.134085
0.472113
-0.628643
-0.0284788
-1.06343
2.46023
-1.38675
-0.328853
0.700438
0.0520117
1.07933
1.56605
0.141541
0.750187
-0.254243
-1.17831
-3.81277
-16.6181
0.208724
0.114843
-1.19726
3.78918
-1.3124
0.472238
-0.347764
0.094165
-3.12363
-2.36087
2.20351
-0.535347
-0.937196
0.0361038
-0.645355
-0.470059
1.85973
0.410827
1.48541
0.120925
-0.085115
1.70826
-0.0222619
0.099494
-0.620927
6.69211
-0.629536
1.89322
0.235406
2.71312
2.97827
4.63726
-4.1075
0.62124
-1.12215
0.500448
0.549945
1.31554
1.28036
-2.39009
-0.626767
0.545939
0.428307
1.44284
-1.47223
-20.6332
0.313633
0.851441
-0.790973
0.7497
-0.869747
-1.56602
7.12576
0.554372
-1.01024
-0.540383
0.413264
-0.63495
0.967059
-0.340353
2.24997
-3.07472
1.56517
-0.0940502
-0.050988
-0.147393
-0.729205
-0.460857
-1.84214
0.543549
-0.589651
0.233838
-10.138
27.6941
1.01885
0.944443
-1.26875
7.71501
1.49428
-2.42031
-2.19912
4.41697
0.196827
12.2077
12.9128
-1.84297
0.911719
14.1322
-0.596906
-1.09025
-0.819398
-0.165026
4.98799
-2.58404
3.0606
-0.263374
-0.0402888
0.910715
0.490148
-0.864381
6.83064
-1.4832
0.930779
1.8427
0.677763
0.162294
0.0857627
0.388919
5.60073
-1.03029
-0.59834
-0.717383
-0.861233
0.796921
-0.809599
-5.61518
67.1593
-0.448649
0.697487
0.000632513
22.8424
15.3405
-0.480646
0.0848443
-0.0262281
1.13824
10.7554
-2.39004
-0.150137
1.40007
-2.90517
-0.707857
0.56731
-2.9377
5.6583
0.395581
1.75539
1.30106
0.873333
0.468892
1.49069
3.01894
2.32388
-4.58221
-0.384634
-1.42417
1.84439
1.60906
1.14936
-1.34303
-0.555595
-1.5874
-1.29881
0.00159338
-2.24388
0.439032
0.138991
6.78057
2.51886
-1.28321
2.57074
0.0713017
-0.11077
-0.127815
-2.4271
0.82892
0.62388
-0.167962
-2.32148
-10.5763
1.54943
-5.8787
-2.11284
-0.0426443
-2.11352
-0.188662
-0.645221
-27.6579
0.515446
-1.61746
-3.56717
1.06425
-0.681166
-0.0947065
0.497196
-0.00526495
3.57119
-2.99501
-0.116471
-1.29047
-5.30426
-1.49169
-0.556798
-2.09688
13.0097
0.811115
-0.4338
-2.51159
-10.4033
2.24468
-0.0192161
0.568241
11.4775
1.88608
-0.598209
-2.49643
-0.55943
5.1014
2.16102
0.835681
-0.595729
-18.9213
-3.8624
1.63969
-1.70414
0.0391934
-1.09636
0.491673
47.9405
-0.242642
1.58973
6.72023
-0.330908
-2.43755
-3.98922
1.49078
1.69448
1.8898
-1.20214
0.903963
-0.511415
0.65523
0.611458
0.546642
1.49119
2.59825
-1.7257
-0.124557
-0.0907313
-0.284686
0.121225
1.01567
-6.27196
-2.8034
0.63569
-0.278906
0.973221
-0.738442
2.33919
-2.75631
0.7283
0.416102
-1.12279
4.69977
-0.502579
-0.0550127
0.70648
1.09268
-0.34147
-3.6383
-0.0852311
0.281863
-5.97698
5.1651
3.81698
-1.42829
0.593258
-1.24297
-1.2755
-2.72467
0.116414
-1.4278
-3.10881
-0.0142341
-0.0784327
2.05363
0.82003
-4.67464
1.67753
1.81658
-1.35455
2.8563
0.0525953
-1.31885
1.50997
-5.20713
0.658694
-10.5097
-0.685384
1.66282
11.4296
2.52862
0.99119
1.97797
-6.34133
0.194689
0.637137
2.69715
0.0640986
-0.157551
6.733
-1.5202
1.7897
-0.0817101
4.99805
2.15541
-3.32602
0.694611
-0.375418
0.531667
0.85989
-0.0982516
-0.702797
-0.548467
0.596158
0.168837
2.28215
11.8123
6.6138
1.68944
-0.369536
1.64487
1.46985
2.83578
3.59205
-0.907451
-2.40642
-0.0279943
-0.309672
-1.21167
1.85714
-1.44978
-0.363717
0.900155
-0.0591906
9.46644
-1.00555
0.264816
0.339786
-0.103378
-0.234835
-5.8142
-0.535672
1.38793
14.6883
-1.41948
-0.585018
-0.683217
-0.175714
-0.640527
0.036423
-0.0559696
7.01873
-0.101515
1.35792
0.884197
-0.974735
0.519183
4.08827
2.48977
-3.09418
1.00002
12.533
-0.522267
1.13126
1.14935
4.86485
-8.55377
19.4454
-2.42731
0.740825
-1.28657
0.970533
0.505243
-3.81606
1.64834
-0.682129
1.80624
-0.233486
-0.0877135
-0.158571
-0.711036
-0.473233
2.6392
1.13382
-0.496771
0.793438
-3.22462
-0.0485544
-2.20876
0.461704
0.730545
0.566105
-0.955228
-0.219298
-6.45989
-0.416524
6.43375
4.39194
-0.990989
2.80301
0.309801
-0.283677
0.604604
2.74595
-2.18272
-0.289519
-1.13481
3.21248
-18.1366
-0.138225
-2.05205
-0.144547
-0.0434236
0.071509
-3.77189
0.627203
9.39304
-0.598326
0.452045
-1.97401
-4.7498
0.386221
-8.32845
-1.24922
-0.152007
-4.18842
-0.785784
-0.902249
-2.21348
-0.171446
0.336617
0.497727
-1.31041
-0.0739302
-3.2592
-1.1422
-0.698517
-0.825226
0.561421
-29.6705
-2.45791
2.35455
0.757903
-0.588521
-1.19511
-2.14337
0.27557
-1.75108
0.0707704
1.41878
-0.323651
4.73803
-1.72082
0.135041
-0.385778
-0.562093
0.735534
-0.403262
1.55188
0.420471
0.25017
-0.373856
0.274528
0.447258
-3.54194
1.29911
1.30016
-1.57661
-6.15209
5.76121
-1.0609
-2.8112
7.39377
13.251
1.49392
-1.49688
0.912908
-3.56779
1.81144
0.00144669
-0.356748
62.1333
-1.25309
-1.99089
1.92172
0.331129
-1.26168
-0.960243
-0.608156
2.18124
1.3705
-2.95722
5.94933
0.368766
-1.2953
0.802955
-0.356036
-0.142048
0.198115
0.986295
0.101055
3.92749
-1.35195
0.715425
0.146159
-0.106943
-0.955557
-0.153335
0.0740347
0.402189
-0.957569
0.543447
0.24447
0.0790597
0.288838
0.276935
-0.473986
0.486724
-1.36453
4.57084
1.49937
-0.464324
-1.793
0.638827
0.714937
-3.10961
152.931
0.949997
3.56664
-1.00167
-3.09266
1.21381
-0.464436
2.21879
0.684822
-3.75857
-1.96277
-0.561288
-0.60512
0.777157
-0.0627148
4.17967
-0.303959
0.779685
1.27089
0.063474
4.37035
3.8536
-0.984329
-17.8183
0.315516
0.318783
-1.29173
-0.404475
3.95928
-47.8442
1.31174
-1.94892
-0.625433
3.96495
0.143699
-0.548935
-7.00215
21.7618
-0.162244
-0.883347
0.574716
-0.989593
1.80969
0.586109
0.909692
0.103618
-5.57497
-0.894057
0.456881
-2.48467
0.676457
2.85273
1.03368
-16.1108
2.20164
-0.0923457
-2.1958
-5.6219
0.902738
0.359691
-0.592677
-1.30217
7.84379
-0.390695
1.07579
-0.594117
-0.615645
-0.482229
-1.20188
0.10284
-1.35404
-0.506269
-1.14447
-3.64621
-0.360507
-0.14697
0.0923687
-0.481339
-72.1054
1.72481
1.09566
5.98446
0.123979
7.97187
-0.705709
-1.34383
2.32895
0.476468
3.09595
1.79244
-2.33787
-0.109599
-1.507
3.27475
2.50911
-0.415036
-1.51149
0.817627
4.68498
2.1043
0.813882
2.61195
-0.899336
0.817016
5.30357
-0.547853
0.901047
6.86698
0.416002
-1357.06
1.66832
-0.0222253
1.63482
5.33001
-0.552495
0.569709
0.295622
0.123103
-0.981965
0.0952475
-0.954318
-0.785114
2.70378
0.90256
0.318602
2.83076
-0.242124
-1.37742
-1.23335
-0.150292
-2.39042
-0.780386
-0.112922
2.21083
-3.24917
-4.33007
-0.679345
1.15819
4.31529
0.307445
0.363058
0.389269
188.155
1.07099
0.436178
4.07818
-1.3313
1.54789
-0.0562323
0.0700568
-3.55124
0.582903
-0.264514
-1.1662
0.576687
2.88971
0.341509
-0.212445
-2.25484
-0.230648
0.533514
-0.246549
11.8319
-0.490558
5.48867
-1.28662
0.0502034
0.357784
0.76565
1.19728
0.924089
-1.12061
-0.191764
-0.963261
-2.29904
1.32867
-3.14347
0.727792
0.27974
-2.12462
-0.694865
7.19341
-0.627032
-0.0941605
-0.148878
2.34339
1.40973
1.16648
0.13436
7.08301
-1.72501
-0.675982
-2.55473
-6.21497
0.886237
-1.32865
-0.0853777
-1.35126
-1.21534
-1.92327
-2.88886
-0.189886
0.34627
-0.311603
0.522155
0.229305
18.9187
-0.246642
-0.745108
0.205789
-0.185678
1.34435
-1.06152
0.107574
0.244795
-3.17188
-2.85682
-0.658343
0.447897
2.15952
3.90908
0.368486
-0.343561
2.0076
-0.523455
1.26827
3.4038
-11.4513
0.0277747
-9.18312
-0.09539
4.51594
-4.73992
-5.53024
-1.94589
-0.542906
1.22363
-17.9991
-2.13079
0.66201
-0.368252
2.11995
-0.569768
0.818931
-4.82199
-0.336619
-0.479485
-0.333965
4.73089
-2.97579
-0.741468
-0.352678
-4.88967
-0.170293
-0.460841
-2.04747
-0.248733
0.366934
11.5124
-0.898182
1.80539
-0.377906
-0.430708
-0.158019
3.79647
-4.91789
4.86634
-0.535311
0.0787962
1.62425
-0.0799552
0.367347
1.51686
-0.0853785
-1.72518
0.392694
-0.158068
-0.591124
0.679345
-1.86422
7.82315
0.325987
0.566061
-1.85403
-0.130313
-11.4706
0.75776
-1.33084
-1.40448
12.4354
-1.00137
-0.338468
-2.23303
-3.2799
5.81617
-32.431
-1.1282
-0.209446
-0.56142
0.226408
1.40822
-0.157762
2.67362
0.485617
-1.70439
-0.126635
4.067
-1.57136
0.0965879
0.433453
-0.638132
-0.405801
-0.315942
1.51213
0.619798
6.75485
-0.376594
1.11343
2.10771
2.84783
1.11343
-1.48007
-0.130413
13.6454
-1.21431
-0.319993
0.121096
0.754993
-0.26136
-2.09787
0.163849
-0.986452
-0.890039
-6.64375
-0.445943
2.02163
16.1963
0.767608
28.536
-0.271271
-0.737447
-1.90584
0.511984
-0.83807
-1.10072
1.02817
1.50106
-2.84702
-0.30724
0.0729505
-2.19764
0.36768
-389.666
2.32242
-3.76153
-2.42655
0.736698
27.3166
0.455751
-0.120823
0.345192
0.393983
-1.01945
16.3999
-0.345594
0.019329
-1.63197
-0.918255
-199.773
0.640788
-0.524851
-1.45866
0.932469
2.52826
-3.32286
-0.633173
3.57465
-2.89513
0.933628
0.0702251
-9.90408
0.135304
0.396455
-1.87968
0.997377
0.20978
2.77673
-0.0626087
-0.511624
0.467161
-0.97269
1.35877
0.945496
0.27076
-0.300318
0.664613
-1.09285
0.30699
8.99095
1.08132
-0.502031
0.812574
-3.59888
-4.67565
1.79612
3.58086
1.88597
-0.0968682
2.21116
1.24966
0.416185
0.226867
7.09884
0.911763
1.83963
-2.27748
-0.640754
6.20833
2.09715
2.17468
0.614093
4.93918
-1.66665
-11.0493
5.48513
-10.4418
-0.50657
0.783742
0.722407
7.69592
-0.512646
1.0733
-0.681515
-0.387178
-1.00342
5.51606
0.499569
0.093152
-4.34185
-3.02415
-0.415963
0.241272
18.0939
0.556954
-5.40268
0.143592
-0.0397878
-0.825119
-2.87894
-1.32932
-0.116079
1.86692
-2.7276
0.65074
0.0651588
1.15731
-1.10647
6.40075
13.0796
2.42014
0.860637
-1.70439
-78.1999
1.3735
-0.628884
0.165703
0.657909
0.592473
-10.481
0.0860708
0.438573
-3.5465
0.350876
-2.8306
0.676847
-0.448929
0.0675698
-2.10174
-0.364345
0.756019
-3.33751
1.07296
3.12891
0.467438
-0.787933
1.03283
-0.00457795
0.183581
8.1513
-0.0246496
0.437426
-0.135935
-0.72554
-0.222721
-0.323454
-0.592078
-1.71695
0.235148
1.46855
1.02623
3.27248
0.120264
-1.59316
-0.395027
-0.0507699
-1.46497
2.40988
-0.257408
-0.0980767
-8.51911
-0.207932
0.144025
-1.28462
-0.228701
-21.2882
-1.7489
2.43998
-0.0773781
-0.474832
0.787211
0.912195
0.3914
9.36051
-55.4495
-1.05845
-3.84826
0.292263
-1.4136
-3.22304
19.9933
-1.6514
0.829865
0.142025
-0.264087
-0.772627
0.711157
-0.285521
0.378872
1.51476
-1.76072
3.93645
25.8112
-0.469711
4.00388
3.78589
-0.742177
2.50141
-0.436533
-0.866783
3.60796
1.12879
-2.58062
0.301084
2.61597
0.38741
-0.897896
0.310381
1.57976
-0.788282
-1.97307
0.312764
0.111014
-1.02949
1.68167
-1.76937
-0.155033
0.0433887
0.713416
1.47356
0.754489
1.39946
1.91705
0.167086
0.108057
0.604095
2.01793
0.3209
1.82146
8.06533
0.719229
0.139128
0.145568
2.99608
-6.23145
-0.369248
-0.296907
-11.7837
0.0915686
0.526236
-0.607139
-0.968963
0.640152
-0.815174
-0.325448
-0.943243
-0.0296538
-0.426544
0.707249
2.72116
0.0360031
-0.355444
-0.38043
0.962718
0.434609
0.444675
0.248936
-1.42508
5.19936
-2.31824
1.1012
0.736051
0.958136
-1.23752
0.235277
-0.321912
-0.0207456
1.30103
0.525913
0.197
-14.2917
-8.81581
-0.528174
5.58475
1.66333
-0.520165
-0.23559
-0.254294
3.84682
0.132463
-1.6396
-6.28885
-2.41186
-1.75003
-0.149197
-0.105676
-1.66925
-0.776603
-0.719433
0.571846
-0.485161
-2.81586
-1.36035
-1.78874
-0.926445
3.78967
0.360216
2.08498
-0.687654
-0.146945
-9.31683
0.881817
0.515102
-0.216693
-6.81605
0.445346
-19.6488
1.08474
1.49102
0.22546
0.33565
0.744707
10.905
1.05346
2.64594
4.57964
-0.185183
-5.31784
0.494927
1.17712
-0.0193585
4.1912
-7.74842
-0.961062
-1.66779
-0.482495
1.40393
-2.5326
-0.913731
1.68769
-0.126268
-0.301383
0.569537
-0.889724
-0.373434
0.525732
-2.81726
0.0609234
8.42681
-1.45478
-1.87752
-3.66428
-1.41451
0.0425205
-0.0242315
6.91692
-33.1357
-2.21602
-1.00582
0.331901
-0.909818
1.53628
0.244078
0.0276209
0.942382
-0.0294965
0.98401
0.793917
-12.3366
-0.212771
-1.55681
-5.58559
-0.996161
-0.748876
-0.906384
-0.442408
-0.133588
1.15326
1.11843
-4.67893
69.3978
-4.50728
3.28925
1.29099
5.01713
0.813488
-1.37828
1.06353
-6.81454
0.61764
-0.594829
-0.165747
-0.249593
0.936243
17.2439
0.0598765
-3.69952
-1.00554
-0.380794
15.0098
-2.0121
-17.9019
5.61884
-1.73666
4.5346
-0.588404
-0.41601
-0.620173
1.74585
0.134884
-5.15456
0.837
-1.28493
0.209108
-0.49957
-0.358327
1.87365
4.51449
-2.43361
-3.24821
-1.66312
0.290904
-0.115314
1.23379
-1.55208
-0.0889442
-4.24185
-2.10368
2.19955
1.82727
-0.270151
0.336736
0.0375082
0.122061
0.0183868
0.79562
-2.72369
-0.622077
-0.474194
0.573327
-0.850497
0.448075
0.259782
-1.48735
0.733057
0.213631
0.0400599
-0.443837
3.86256
0.23967
-0.188366
-1.29257
-0.913478
2.67446
3.39088
8.17065
-0.102963
0.682266
0.830388
6.19819
-0.430624
0.161734
0.381826
-0.552434
0.624729
-0.0268347
1.32409
9.16731
-0.16069
-0.722441
0.496015
0.598251
1.66208
0.152343
-0.798133
-0.450547
4.47327
-27.6825
2.31579
0.451967
0.759505
0.240584
0.758026
1.69778
1.70832
-0.221778
-1.17684
3.95493
-0.0706061
0.626945
-0.176474
-4.10372
0.752484
0.810526
-0.261868
-0.0435547
-0.0679749
-3.40951
3.10507
2.40824
-0.328113
0.833768
-45.9405
-0.491075
-0.409204
-4.29367
-2.38342
-0.246616
-0.856759
1.69244
-0.673207
0.542843
0.419759
-0.609554
0.97703
-0.943376
-0.795957
-1.14997
1.3208
2.10834
-0.0980776
-0.25642
2.20452
1.18697
2.3553
0.241961
-12.002
168.514
0.42449
-0.708631
3.31841
-0.886723
5.31786
0.480885
0.522563
0.934108
-0.0121161
1.02738
0.208402
0.137921
57.582
0.121516
0.601938
1.07245
-0.241625
2.41224
-0.0631437
1.577
1.03359
-1.23697
4.0467
-2.1016
-3.34256
9.82112
-0.0925429
-0.775017
-0.523738
-0.0425786
100.34
-0.458828
-2.45592
0.571215
-13.5232
1.62087
-3.67904
-0.113832
1.55445
4.98278
1.70219
3.26703
-0.0251471
0.73405
0.220617
-0.0843176
-0.0583188
-1.14527
0.476638
0.0356493
2.1092
-8.10047
-12.2012
-0.780162
3.6639
1.40044
-0.19136
2.59043
2.11746
-0.841543
0.184987
-0.0336927
1.51439
2.98028
0.0880158
-0.0894485
-0.988056
-71.2404
0.385253
0.479389
-0.344267
-0.305119
-0.520618
-1.06062
-0.686229
1.08797
-0.245471
-0.138754
-5.64739
0.366083
0.652368
0.185753
-0.152628
-1.80892
-14.4859
1.99954
2.24972
-9.87448
0.721274
1.67773
-0.906498
1.88437
0.586412
3.28022
-0.346386
3.58607
0.907928
-0.541005
-4.13146
1.47703
-22.1788
-0.950369
-0.578211
-0.0582654
0.0346903
13.9417
3.14224
-0.51469
-0.480289
1.03318
1.2339
0.0280901
-3.28219
-0.82016
-3.40396
0.335153
-42.8455
2.74318
-1.16035
-0.352986
1.42526
3.31444
0.456312
3.27806
1.28574
0.862259
-1.15845
-0.509136
-0.755751
3.04408
-0.0308554
0.22927
0.9813
5.51496
0.0457625
1.47384
0.583863
-0.108275
7.07531
-2.4391
0.341619
5.77264
1.35524
-2.20706
-2.23912
-1.24276
20.2775
1.47002
4.29568
-0.424433
3.92451
-1.99058
0.903986
9.36128
0.728867
5.37488
-0.430729
1.74432
0.019009
3.85499
-3.41162
-0.251794
-0.781239
0.358483
0.840704
-1.32385
0.149967
0.178623
0.753717
0.316268
-0.570351
-7.38937
-3.87094
3.81802
0.354946
5.97475
9.97602
0.284084
-0.605092
0.144905
-0.53946
0.285731
-0.251806
-2.28224
0.338369
0.0795481
7.17968
0.103256
1.05368
0.0512606
-1.67736
-0.708772
1.16732
-1.46005
4.79592
-4.26388
-7.23888
-1.58982
3.66509
-0.554754
0.212685
-1.04493
0.426488
-6.22118
1.81915
0.215745
-2.30411
2.54238
-1.33944
-4.13144
0.399011
-4.18344
-3.95575
9.83074
-1.08919
2.52579
1.23352
0.329714
-0.363982
92.7816
0.707295
-0.0807427
0.879627
5.78041
0.734322
12.8085
-1.4479
-0.399617
-1.39248
0.59058
1.65269
0.303723
0.220746
-6.5291
2.4641
16.1839
-8.55114
-1.80729
10.4446
-0.298774
-1.14009
-2.85701
-0.62177
0.35155
-0.47198
0.730928
5.63398
-1.00192
0.617713
2.11967
5.17581
-0.639168
0.592454
0.476713
2.15057
2.03258
-1.83438
-0.544683
-8.36569
-2.59108
0.945299
0.622214
-0.137669
0.294148
0.520939
-0.48487
2.55597
-1.63791
-0.726631
-6.41038
-6.7884
5.88336
-1.45909
0.672582
-3.36293
0.371106
0.172984
-2.17499
-1.93989
2.23416
7.39869
-0.265212
0.248189
5.25724
-0.789769
0.311141
0.672125
0.711394
0.478478
2.89114
-0.704464
0.314357
-0.242545
-0.620566
3.63175
-0.00810355
68.9914
0.0846887
1.22871
16.2622
-2.72059
0.941518
0.381085
-0.750894
2.39945
1.56779
-2.11811
0.51531
-2.6378
-5.35146
24.6982
0.345725
-0.130647
-2.35798
-0.335871
-0.30383
-0.0529888
0.408953
-0.539316
-24.9172
-1.14273
-0.99301
3.08269
0.429022
-0.854065
-0.482549
-0.4117
-1.0802
-0.319235
22.6194
-170.198
-2.45304
-0.0918442
4.45363
-1.05272
-0.567144
-0.150821
0.571231
0.945124
1.64533
-1.31808
0.113729
48.9124
0.698622
27.7111
0.183387
-1.71298
-6.46715
0.867703
1.8242
-0.310684
3.6712
6.13341
21.5513
3.39754
1.15574
1.57374
0.435571
1.26534
-0.127776
2.61869
-0.900868
2.04568
-0.36651
0.0929302
1.47579
-5.12972
-0.713496
-4.26444
-0.334981
2.15219
0.451395
-0.495286
-11.7834
1.82958
-0.543671
-1.63003
0.396976
2.59631
-2.25916
0.0393686
1.77343
-0.944234
-2.8344
0.971842
6.43422
-0.900937
-0.462789
-1.63013
0.0861619
0.682529
0.930728
-0.0355319
0.749354
-0.134819
-1.19042
-0.430716
2.21114
-0.915215
-2.11933
-0.631538
-7.78362
-0.796741
-0.626282
-2.96778
1.26454
-0.345808
-0.935281
0.087992
1.11018
0.616278
2.38039
-2.10037
-2.51543
-2.59146
-0.404165
1.52779
-0.629896
-0.0665573
0.603059
0.463969
-19.5769
51.0393
-0.944459
2.61118
-0.474993
6.64863
0.113114
-0.785819
-1.65439
-0.667689
-2.2444
-0.498013
-0.806661
-0.34913
0.441436
2.18399
8.20226
0.0457471
1.91432
2.63216
-0.0610384
-0.0999263
-0.486
0.410428
-1.28524
-0.87197
-3.85766
-2.58987
-1.72538
40.6023
1.08307
-1.26746
1.79052
-1.60808
1.80932
-3.25216
-1.29436
0.979093
0.889168
-0.0965894
-0.31468
1.67367
10.1612
-5.92394
-0.243512
0.411035
-1.85322
-0.325676
-1.03027
0.404482
-0.337859
-1.1878
-3.30296
6.35489
-0.234231
-1.82091
11.2894
1.93104
-1.56301
-0.116391
-0.648716
5.2621
-1.4514
2.86275
1.67093
0.889203
0.787057
0.235872
4.8676
4.85779
0.549167
-0.386209
-2.79483
0.763968
0.186343
-0.34495
10.4315
-0.940298
-0.286038
2.83561
-3.69864
-0.665842
2.98074
-0.792317
-0.17359
-0.408117
0.648
0.0506276
0.173156
0.539854
0.209899
0.599116
0.614492
-2.93964
-0.521288
12.7254
-0.163237
0.345875
5.33514
-0.242579
-0.789214
-0.151461
0.12607
-0.616045
2.05368
4.73758
-0.826279
-0.401324
0.610205
0.236682
0.609004
0.100267
-1.02733
-1.5419
1.3511
0.393801
0.817704
3.8166
-0.101947
1.78773
-2.42808
2.04927
47.1451
-0.317329
0.455757
1.01076
-2.22607
4.20899
-0.895229
-2.23883
1.90343
0.45428
-0.312814
-0.0327261
-1.84185
0.873899
-0.070684
2.19805
2.83291
-0.410114
-0.679492
3.66829
-0.802642
0.0392661
0.608411
-10.6011
-0.332136
0.0806273
-6.39955
1.88419
1.43969
0.718226
-0.843671
2.65477
2.95207
-0.861873
0.257736
1.41606
-0.626325
1.85721
-0.67101
0.847376
2.19317
1.67694
-34.4222
-3.88173
0.3751
0.0798104
0.778657
2.78824
-0.468859
-1.13209
0.761557
-0.650097
-2.60902
0.124246
-1.7002
2.57022
1.90923
-0.0465836
1.28687
-8.09172
0.411842
-1.04688
-8.22396
1.03287
0.507537
0.113475
-0.602135
2.59257
0.843247
-3.17248
0.46833
-1.21938
7.32238
1.62983
-10.436
3.13245
-1.46146
0.650515
-0.378313
6.93504
-0.291892
-0.593553
-0.449754
0.567993
0.740466
0.833503
-0.0357955
-3.43181
4.37446
0.118775
0.166192
-1.24377
4.16986
1.55717
-0.959046
1.78457
0.19029
0.607756
-0.588013
-1.29183
-2.07841
-1.58078
-2.17634
-0.370883
1.38112
0.466916
-12.3725
0.379429
0.0981787
-0.105661
-1.27818
-21.2573
-0.4149
-0.411689
5.7718
-0.0408179
4.5646
2.21016
-0.0261118
-0.802817
0.117938
0.586658
3.37681
6.20632
-1.41009
-10.4007
-71.1423
0.251077
-0.490927
0.291999
-0.519687
0.206356
-88.0592
-1.20404
-1.43996
22.9741
-0.524646
57.3427
0.731125
0.250214
-0.0240456
0.684218
2.54411
-0.850442
0.0972258
2.22692
-1.48379
-3.48152
0.880366
0.77008
-0.441398
6.31953
-0.560157
5.42723
-0.606328
1.85076
-407.093
-2.92591
0.158795
-1.58617
-1.06793
-1.04797
0.507472
-0.891168
-1.3068
21.5111
2.14747
-8.17641
0.165317
-0.0278883
-3.30197
-0.819395
0.991857
1.83606
0.710926
-2.04831
0.209648
0.776819
1.18402
-1.37539
-6.65792
-1.86957
0.33737
-0.278411
2.42118
-0.358962
-0.261614
-1.68408
-0.120255
-1.24086
-3.51085
58.2249
-50.9272
0.20772
1.35568
-0.909251
0.888281
-7.00593
-2.76524
-0.238529
-0.25882
-0.541922
-2.37361
-3.15701
-0.873434
3.08645
0.031204
-1.98011
-1.1368
6.97803
0.335848
0.143476
0.583288
-0.235419
-2.12068
0.345955
1.05972
0.466054
-0.0904783
-6.21007
-2.31243
-2.31006
-0.722097
-0.000392482
0.821283
1.93447
-1.47314
-6.7688
2.10547
3538.7
1.16662
0.164432
-0.0118618
0.971769
1.37131
-6.50256
-4.06305
-5.05989
0.53104
1.67979
-0.723417
0.313344
-0.035678
3.59687
0.0552211
-1.23165
-0.18148
0.600964
-0.333894
-2.616
-0.348951
0.313915
-1.34969
0.542632
0.481661
-0.0888508
-1.08096
0.65643
-1.00092
-1.62134
-4.38656
-2.03416
-1.27238
0.83919
-0.153113
1.84998
-0.324766
0.826772
-1.6079
5.4204
-0.774522
-0.00279981
-0.617951
-1.06783
0.0705423
0.524858
-2.91418
4.03146
1.64745
0.0650078
4.44838
0.339963
-1.59219
-0.338124
2.30373
-0.840401
0.287417
0.560818
0.163776
9.03841
-0.562489
-0.511069
-0.0112918
0.403184
1.78666
1.08605
-3.73635
-1.47222
-0.575128
0.171401
-1.00069
1.78976
-0.655575
1.19485
0.944647
-2.94799
-1.04331
-0.27841
4.58326
-1.53607
3.61582
-0.223102
-0.252227
0.00350824
47.3803
0.11441
0.104436
0.518769
-2.97108
-0.350618
2.05954
2.61766
-0.115207
0.989958
-13.1106
-3.3276
0.306122
-2.66402
0.0756968
-2.64393
0.0223113
2.04964
0.728769
0.0746992
-0.639698
-0.621179
-7.3785
-3.63801
-0.989394
-0.517318
0.44927
-8.19756
-0.996039
0.394875
0.361032
2.0678
2.51946
1.02392
4.1004
-0.196032
-1.1211
-0.62649
-1.97456
1.10779
0.824334
0.517915
3.69337
-0.689415
1.34706
0.32787
-0.956587
-0.0805561
-0.519911
0.424494
-0.0351273
-0.100126
4.18378
-0.976056
0.117856
-0.252479
-0.560071
-30.2337
-0.863555
-0.234705
-0.857784
-0.652173
-4.02642
1.43843
-6.13133
0.28135
-0.180104
-0.302223
0.279455
0.522821
-0.371052
0.0739483
1.05387
0.807767
-0.268124
1.60823
-0.425272
-0.902873
0.240654
0.155659
0.452884
-0.664621
2.56503
1.96579
3.98208
-0.477697
1.61812
12.5849
0.0844193
-1.05015
48.337
-4.61523
0.0329579
1.84838
1.15963
-0.858887
-23.7986
0.286685
-59.7206
-8.72892
-0.657344
-0.938945
5.0023
-0.274681
0.409553
-12.6815
6.88238
-0.480778
-2.61762
-1.26018
-0.723539
0.269395
-0.139731
1.27215
1.29885
-1.12186
0.287131
0.752976
1.75772
0.794541
8.66419
0.200356
0.74114
0.722545
-0.776172
1.05375
0.343245
9.13791
1.24969
0.171163
-0.770547
-0.381
-6.83972
-0.588477
-1.91184
0.453237
-17.3744
0.249624
-0.713618
0.668801
-0.274475
5.48674
-5.3598
0.547578
0.260741
-0.532123
-2.21317
-8.62089
0.59801
-2.23163
0.919544
-0.830519
0.464467
7.62189
6.81442
0.480662
-0.440065
6.28554
2.89775
6.08166
-0.509957
-0.483358
-1.09771
1.32943
-1.52722
-3.29123
0.139945
6.94712
0.229458
-12.367
29.3619
3.42235
0.38319
1.17924
0.58909
-0.382814
-2.27477
1.83861
7.1911
0.152818
2.0238
0.151124
0.183047
1.0388
-0.286109
0.493495
-0.776727
0.610517
401.597
0.891283
-2.81881
0.748293
0.0872927
-3.09154
1.46372
-0.00751406
0.531602
-0.568572
-0.158704
-6.58885
8.69422
1.66134
-0.935978
-0.490379
0.07118
-2.56746
-0.32382
0.503702
1.8258
0.188683
1.60877
-0.96474
0.116434
0.185633
-0.0981301
0.741548
-4.80357
1.02676
1.97639
-1.09543
-0.642163
0.105969
-11.7836
0.109721
0.259304
2.9008
4.64912
0.732493
2.33392
-6.53649
0.661722
1.54377
-1.24124
2.60204
-0.0384217
-2.13388
-21.8384
1.27544
4.55506
-0.593368
-0.0708605
-0.345724
6.66142
-2.34076
-0.0900258
-4.30857
5.10454
0.287933
6.52481
-42.1781
-0.0497081
-0.591449
0.224319
-1.891
-3.13234
-0.189225
1.45552
2.07471
-0.0342555
344.43
-1.24964
0.906801
-1.06119
-0.700472
0.158853
1.0819
2.60282
0.936824
2.50435
1.03716
1.03998
-0.927218
6.01932
-4.3556
2.30169
-1.2626
1.07407
0.275742
-0.0166115
2.22443
-3.15976
-0.0679524
-1.5638
-0.0838773
4.43314
-0.395117
-1.3841
-52.7975
4.18991
33.7017
0.879585
-0.299556
-5.30327
-0.442447
0.174136
-2.4512
0.220056
-0.311377
-1.90808
0.434743
-6.21
-0.402832
1.4658
-0.273445
-0.126255
-0.125428
-280.554
-2.5683
0.352412
7.9617
-0.775084
0.761129
1.88006
-1.71228
0.397954
-0.512679
-0.136732
-0.729656
-2.02379
-5.82543
6.31025
-3.94624
1.21814
0.354837
-0.573613
-0.471892
8.24302
-0.39579
-0.197084
4.08586
-1.32846
-0.833476
0.895659
1.42496
-4.12536
-1.55807
-1.21311
1.5041
-3.56127
1.79923
-0.447299
-2.05894
-4.71214
-0.475643
-1.85256
-2.8151
2.87653
-0.108406
16.471
-1.02767
1.24984
0.625394
0.933904
-0.263018
-3.46284
-40.5595
1.68746
-1.51411
-0.377664
-0.380422
0.244566
-0.0818163
33.9305
0.599096
-0.333714
0.921433
0.0455002
-1.20022
-0.43096
-0.592283
0.322726
-5.86488
0.163434
-1.46364
1.66187
-2.06133
-2.71877
-0.264245
0.0257279
0.207905
0.633358
3.80572
-0.13825
-0.39517
-0.760525
-0.598926
30.5224
-0.136717
-0.0921474
-8.86805
-0.751844
-0.114521
0.354441
0.813498
-0.36326
0.90275
-0.401171
1.84984
4.97457
-0.129834
0.717585
0.803451
1.13377
-52.2597
-0.0858643
-2.20006
0.690957
-0.903223
0.356047
0.716859
0.781346
5.73845
-3.38678
-1.76235
7.71953
51.5947
0.26599
-0.717909
-1.41709
0.0618636
3.74385
0.428237
-1.11546
-12.7895
-0.736401
0.367135
-0.508786
1.0783
-0.265478
-0.15771
-30.4335
1.54703
18.1831
-1.79536
0.909418
11.5007
0.778332
-0.586151
-0.152342
-0.431267
4.73835
-0.271356
0.0661264
-0.250015
5.16323
-1.97492
-1.12138
2.72074
-0.0173301
-1.1082
1.20559
0.790956
0.827468
-1.92375
-0.239463
0.671471
1.02459
-0.770335
-1.41017
-1.26876
-17.1894
0.203989
-0.0335135
1.05479
0.965874
-5.48731
-0.168268
-0.84505
15.0905
0.733934
3.27592
0.445494
-7.79956
-0.988323
2.67324
0.183958
0.669171
0.793743
-2.54815
0.463043
-1.35102
-0.712142
-0.377547
-0.148804
1.7947
-0.70783
-2.55199
-0.298866
0.737339
0.733372
-1.50413
1.0815
3.11956
0.865541
0.0044623
-0.156454
1.23977
-0.535003
0.101358
-0.249612
-0.680343
0.281652
0.846608
1.92751
-0.208434
-0.309333
-0.811302
0.0321888
0.10513
1.3128
5.14597
-0.054397
1.34305
-4.23735
0.229268
-2.90902
2.76691
0.780378
-0.21482
0.166993
-5.25322
-7.51719
-0.570528
-65.7862
-0.923201
0.647891
-0.281567
-1.29124
-6.28133
-0.557175
-1.15411
19.2496
-0.85707
-0.271382
1.78376
0.0436548
1.50032
-5.67391
-0.507932
-0.317177
-0.0673254
0.0256483
5.96116
0.312797
-1.03957
0.10317
-0.200603
0.394294
-12.3059
3.28266
1.79344
6.03775
-0.947201
-0.227894
-2.20095
-0.629719
-0.430263
1.5709
2.37405
-3.4473
2.67313
-1.27609
0.0795735
-0.0104705
0.301958
-0.00599492
-0.795856
-0.40104
-0.852547
-13.8034
0.697158
3.47053
1.88122
-0.827435
4.05873
-0.242641
-1.00997
-6.2235
-0.801839
32.3161
-0.45944
-0.370078
0.719523
-0.372601
-2.35716
-0.968714
-0.711339
0.54871
-0.869251
1.30681
0.13107
7.32158
0.275305
-0.0636814
2.37767
0.572183
-0.59239
0.0666532
0.298786
0.161307
0.0137805
0.222852
-1.95157
2.12576
-3.6129
2.82061
0.853036
22.3281
1.08047
1.07488
-5.35474
1.74335
2.33864
1.02264
1.80845
-0.449243
0.103039
3.01119
0.304787
0.619745
-13.5616
0.0171051
0.882883
0.393956
-0.289084
0.34233
-8.3608
-2.10949
1.65678
-0.0259426
0.123796
0.764815
-4.85976
1.94625
-0.18733
0.328385
0.319073
-1.38714
-0.164005
0.216258
-0.0738981
5.5788
0.093028
0.360425
-0.616796
-0.885844
-0.96374
1.11092
0.331559
20.0866
-2.66209
-2.27469
-1.75311
-0.484957
6.43522
-0.0769615
0.998928
0.227667
0.879792
-1.99561
-0.76229
1.53761
2.98419
0.510372
12.7391
0.733921
1.47042
0.699769
0.56352
1.00844
1.03512
3.66602
4.02197
-3.75882
0.779121
2.97653
-2.38993
0.215486
-0.729211
0.11706
-1.50444
0.260803
1.03518
0.19556
-2.04816
2.41068
-0.443765
-1.66202
0.828427
5.03145
1.7714
0.69336
-4.08324
1.73509
1.26712
1.26313
-5.95448
0.425348
-0.202506
11.6766
3.37716
-2.68631
-1.73598
5.53559
-0.530009
4.11266
-0.0878493
-0.956856
-0.367569
-0.418821
0.605534
-0.971555
35.3991
2.09262
-1.79789
-0.380705
8.20357
-0.130046
61.9284
0.985255
-0.2225
