-2.31867
0.96617
-1.08353
-0.766824
-0.337633
-0.23252
-0.0844502
9.3846
-2.46011
-5.57881
1.09225
0.460069
-16.4263
-6.47065
0.0323639
0.637763
-0.0379103
-0.470419
-0.799798
0.0703334
-5.88997
-0.00974763
1.98965
0.0500617
0.763458
4.18992
-5.88992
0.873505
-0.369884
-35.3241
3.27643
2.63665
-0.0133691
-7.5918
-3.52908
-0.760498
0.47
0.659198
-1.67402
-0.127151
0.990596
0.48558
-2.7935
-2.87945
-1.38728
-2.2937
0.339396
0.799033
4.43328
0.420348
1.21765
-0.824222
-3.44823
-0.368718
-0.692182
-0.58341
-0.348693
-0.0257564
1.88496
-0.0421503
7.27233
0.436597
-2.14223
-0.136899
-5.55074
0.758139
31.837
6.62658
-1.37528
1.97512
-1.88579
1.24185
-0.34647
3.62115
0.250059
-0.730449
-0.280539
-11.6269
-1.25988
88.3151
0.583265
1.02806
-0.692899
1.70417
-0.230919
-2.49617
1.05827
0.423369
-1.07539
-1.1788
2.21818
0.666891
3.22654
1.19817
0.00719169
1.03542
1.42481
0.415271
-1.10152
11.2266
0.696118
-1.02932
-4.42825
-0.77985
0.0560328
0.0405832
0.829422
-0.0445144
-0.887955
-0.517874
0.0100925
-0.45064
0.345165
-2.13409
-0.9927
-4.82597
1.20426
2.67087
92.0043
-0.992355
0.0295939
0.369477
0.247334
2.14439
-1.88968
-18.5368
1.28256
25.7141
1.24784
-0.0989774
0.899171
3.82758
-4.33939
-1.97609
0.79405
0.834662
-0.0958202
3.86227
-1.03768
0.23163
-0.0572005
-5.79322
0.211338
0.0941026
-0.641599
0.311321
0.436635
-0.147864
2.13587
0.167692
-1.06006
0.388844
-0.080457
-2.6883
-11.5029
0.0623916
-1.52091
8.37785
3.46204
0.843865
-0.752433
1.92225
-2.39146
4.19212
-0.111332
-0.431993
0.204779
-3.88491
2.46288
4.01068
-0.0856646
-0.177826
-0.584311
0.126202
-0.834806
0.54756
-0.0619186
1.11946
-0.101858
-4.25116
0.247205
0.690814
0.58082
0.171723
-1.9149
0.428584
9.74826
1.01013
-0.15772
-14.6614
4.0025
1.37393
1.25574
1.86311
0.188696
1.07245
-2.02537
-62.4723
2.07749
-10.7741
0.899541
0.649821
0.246085
-1.69862
3.16006
1.97597
-0.996259
-0.389696
2.61238
-6.68112
1.85748
0.376644
4.24373
-0.109269
0.77144
-1.55126
1.02
13.0822
2.55046
1.3835
4.68239
-0.383214
-1.68188
-4.98777
1.02842
0.561424
0.258962
3.55189
-1.13551
3.08542
2.97479
0.743807
0.506
-2.73077
-4.32958
-2.78202
-5.32605
-1.75588
1.48008
-1.68141
-0.569212
-0.310781
-0.693358
-0.533685
0.188536
0.221835
-1.20182
-0.145663
0.655367
0.668062
0.717397
0.363842
2.88842
-2.15247
1.9533
0.146311
1.6837
0.0869293
8.77623
-0.0015024
-0.176071
-0.296884
3.35379
0.229312
3.21669
-1.06454
2.64368
11.5631
1.00922
1.76029
-1.59923
233.464
-21.4653
-3.59047
0.236155
-1.09027
0.523996
6.57262
-1.73697
0.229822
0.317614
-1.1032
1.53952
-1.57956
-0.373724
-0.486272
-73.9329
0.138117
2.56205
-0.546489
0.850672
0.944988
-0.0656459
-10.3522
-2.14052
1.76565
1.36002
-0.646795
1.03271
-0.632482
-0.0195849
-2.22281
1.35399
-0.239823
-3.71316
0.856515
-3.08437
-0.204333
0.873507
-0.210527
0.814781
0.0203862
0.370954
0.458949
0.0668293
1.75453
0.603126
-14.2987
-5.14372
-0.888756
-0.596682
-1.76086
-0.826097
-2.71769
5.30671
4.86086
0.183627
-0.289756
-0.822613
0.0128609
-1.42428
0.32339
1.45889
0.629049
-2.64686
0.2814
-0.78812
0.243875
2.7853
0.224821
-0.15122
-0.697971
-0.990108
-0.344261
-7.8343
-0.903044
-0.28135
0.610656
-1.58162
-0.827741
2.96785
-0.39196
2.05727
-2.25743
33.3149
-3.32774
-1.90611
1.41716
-0.951563
-1.53401
-108.646
0.15889
1.20218
36.9928
-7.59758
-1.31066
0.340048
21.5407
-3.75667
-1.25982
1.78167
-1.5729
2.6746
-1.78048
0.0672524
-9.67686
-0.0625696
-4.54823
-4.07496
-0.44034
0.0261741
-0.10916
0.227628
1.50814
0.653788
1.52776
-1.9157
-0.682431
-2.65211
-1.07149
1.14719
-3.3658
-2.22963
0.194353
4.54728
-0.10592
-1.70589
2.85031
-1.88612
-0.258492
1.70912
5.20815
152.81
3.48927
-2.3073
7.51743
4.10394
0.0961033
-6.97903
0.35921
1.01544
-3.55072
0.783991
4.12252
0.139381
0.827664
2.06659
-0.423115
-1.56031
0.114752
-0.00749444
0.793233
0.225657
-0.245136
-1.60973
0.437352
-0.118414
-0.552051
-0.389798
-0.320008
-6.24424
-0.215476
2.32849
-4.42479
0.12616
-0.170441
3.13644
-0.393825
-2.4233
0.932711
-27.5422
-1.75237
-7.23333
-3.47281
0.473133
-8.53789
-1.055
-0.338727
5.29036
-0.393897
-3.58904
2.43132
0.284039
1.62552
-0.322918
1.60689
-20.8683
0.91987
-2.18561
0.549081
0.246352
-0.0987789
3.19559
-0.470972
-0.891879
-0.216808
6.57668
0.750216
-0.714268
-0.167725
-0.556456
-0.166118
-1.47011
-2.05453
-1.60199
-2.10461
0.307485
0.395511
0.23896
-3.12793
-2.36137
0.275595
-1.53683
-2.66266
0.418136
-1.66677
0.716318
2.51061
-0.341717
-0.645216
-0.202397
-0.559544
5.39121
-0.635362
-2.85312
1.01767
-0.153449
0.562427
-15.0119
-0.0976848
-0.840174
-9.52494
0.591109
2.10237
-2.84263
-1.52779
-2.1621
1.332
-0.426383
0.49432
7.49811
-0.360875
-0.656778
0.896517
-0.266582
0.259435
2.10644
0.507731
-3.37653
-0.22515
0.299742
9.93362
0.396853
0.711083
-3.64469
-1.76634
0.0421596
0.703481
-0.458316
1.76531
-0.651117
0.610768
-0.913182
1.85428
2.65963
-0.437046
-0.568613
-0.0754475
-0.559224
1.50657
1.82637
-0.297145
1.64587
-30.7148
1.18812
0.50108
0.581649
-1.33567
2.07658
0.311149
0.300087
0.43804
0.610317
-10.8605
1.04579
0.56112
-0.575454
-16.368
-0.215546
8.32507
-1.7739
-3.31776
-1.70026
-0.0737022
2.97257
9.47657
1.90724
0.166624
-14.2874
2.12678
0.574404
-0.741185
1.17896
-0.463965
-9.26739
0.553847
-0.135066
0.70858
0.330479
-0.797948
-0.780732
-0.0295554
0.416804
-0.583
0.600881
-3.80985
3.40449
-2.94951
5.98718
-1.37191
0.0631934
0.679878
0.505547
2.50226
-1.98903
-0.829696
0.297971
1.18973
0.740064
-0.917519
0.00799366
-0.242648
-0.247743
0.295824
-41.2903
-0.183393
8.26255
-0.113192
-0.863442
-0.636612
-5.39374
3.63223
1.88312
-2.18257
-0.332339
2.62182
-3.66971
2.72262
-1.0347
1.46903
-0.284801
-0.301617
0.291536
1.31738
-1.43606
-1.013
-0.145086
0.740758
2.03212
0.840902
0.242425
0.900109
0.378798
-3.6144
3.32716
-1.31985
-1.54919
0.438546
0.232938
2.06902
4.21282
-0.477732
-2.09053
3.14916
-0.372508
-0.759622
0.127471
-4.38896
0.333757
-0.914811
-0.313148
-0.182158
8.75339
3.9602
7.47164
3.363
0.61122
-0.170911
-2.11357
9.46909
-0.312581
4.77019
0.0634597
0.463302
-0.810478
-1.52198
-1.48952
1.15684
-0.431853
-0.79663
7.51217
-4.38291
0.858192
0.0720457
2.12317
-4.87697
0.524393
2.82641
9.34342
1.66073
-1.05075
-6.35092
0.1446
0.799208
4.91672
-2.26398
-3.00771
1.04454
-1.18042
0.0991486
-0.20763
-1.58805
-1.58883
-0.552609
1.08743
0.598537
-1.99947
-2.61614
-7.47572
4.42894
1.38703
0.038272
-1.80028
-0.231817
0.348353
1.79762
-0.343303
-2.15463
0.570978
-0.157173
2.72575
3.58467
1.10448
0.734294
9.91026
0.671844
1.25918
-0.295036
0.769518
-1.86079
-3.63658
-0.791065
0.0612145
-0.170938
5.15154
-0.183698
0.415875
-0.775652
0.10354
-0.438446
-0.000659278
0.0121266
0.527616
0.714792
2.31868
0.344182
0.339032
1.20171
1.31876
2.70747
-0.0758637
-0.0693233
0.546267
-1.76546
-0.0738208
-1.72682
-3.83788
-0.112416
0.475917
-0.362314
1.66319
6.18639
0.365592
0.173995
0.615117
14.934
-0.252032
-0.427339
-4.24163
1.60557
-1.77395
-0.00135745
-0.980253
-5.64463
0.817937
1.43275
-134.136
0.228722
-0.449448
19.1186
0.0486227
1.76502
-0.256629
0.269659
0.185251
-0.842583
1.88116
0.133852
-2.373
-2.16083
-0.600992
1.33202
0.110987
0.518948
-0.20493
-3.13984
0.36711
2.43813
-1.06055
4.31802
-39.3487
4.17357
-20.3509
-0.920443
0.418146
0.378315
1.93241
0.588438
-0.325772
1.18162
-0.519045
-5.63476
-1.38896
-0.154757
0.836826
0.177468
-3.07951
-4.49178
1.00845
3.76262
0.591651
-0.246252
0.702557
0.962493
-1.44826
0.411434
0.31762
-1.49045
-0.885581
-0.618032
-1.28967
0.341676
-1.05189
-0.095025
0.419458
-3.42146
-2.10076
7.27605
1.07182
-0.21617
-0.540672
-0.118843
-0.127854
-0.392994
1.554
0.776628
1.12683
-1.5499
0.031182
-4.85929
-0.208086
0.711747
16.5915
6.29101
0.886659
8.1735
1.11481
-1.09969
-6.6308
-0.134847
-2.65159
1.08501
-0.981605
-4.54586
0.744115
1.09782
2.81643
2.34878
-0.036672
0.964714
0.445289
-0.987057
-0.124343
-0.0380477
11.14
0.313576
1.07695
1.01473
-0.827865
-1.38224
1.38381
7.48162
1.77065
1.42823
-2.6909
-14.7189
7.07115
4.02997
0.0260058
-1.42217
0.441365
0.123831
-1.58571
-0.25187
4.04163
0.382159
-0.165918
3.35479
0.568219
0.980911
0.962357
1.83662
-0.0500495
1.12883
0.997276
0.114821
5.11918
0.204847
-0.34786
0.188222
-3.12354
-0.202775
-0.969059
-0.246017
0.88515
0.554955
-0.412252
-2.91238
1.47826
-17.2507
8.32245
0.905093
-41.3402
1.50371
-0.730055
0.168447
-1.72355
0.568529
-0.895252
353.816
-1.02083
-0.412249
-1.01427
0.377193
0.851636
1.0315
-0.225326
4.93017
-1.01427
-0.601802
-2.11328
0.772554
0.402911
-2.97768
-0.914125
0.279675
6.89449
-9.50519
-0.668306
1.38354
1.20731
-2.67119
-1.1145
2.88659
1.92413
1.41226
40.1084
0.110995
0.154184
-0.355727
-0.656707
-1.59398
-3.07342
34.1096
0.850703
0.217346
-1.3088
-1.6097
-27.5046
-0.159118
0.698878
-0.611464
0.754692
-4.30662
3.31802
-0.968056
2.25865
0.86039
-5.09664
6.18402
-4.41331
3.46919
0.441248
-1.94874
1.47909
-0.74584
-0.303591
0.479079
0.83228
-0.738221
-8.37147
1.48826
-0.167293
0.47725
-1.60668
3.21618
-0.294302
1.04312
1.95865
-0.305901
-0.736847
-0.309735
2.24328
0.119398
2.32825
0.339379
0.737955
1.01975
0.347038
10.5106
0.55986
-0.330364
0.898009
0.370676
0.58943
1.09298
-36.3685
0.00665433
24.1706
-0.644445
-1.84809
-8.26958
-0.412695
0.0983506
14.1231
0.0531422
0.0874638
0.802217
0.0813842
2.14565
0.474077
1.78558
-1.04883
2.61575
6.78146
-0.153812
1.54665
-2.32518
1.7016
-0.707485
-0.917957
13.8499
-0.021884
-0.64224
-0.00899407
0.511985
0.820512
1.30219
0.749875
-0.489094
12.7042
2.49354
1.40214
0.964177
0.782494
2.71269
2.04835
-0.605316
0.680575
-0.284017
-1.98997
0.26282
-2.83397
-53.0091
19.7237
-5.6258
0.363244
0.52445
-0.342227
0.147411
0.336842
-2.04375
-0.560096
-0.0882532
-0.783505
0.185657
2.08934
-2.73044
-1.87968
0.83627
0.589903
-1.51987
0.800813
9.68735
-25.3614
-0.631994
0.154585
-1.03255
0.0204575
-0.543409
1.23095
-1.61584
0.524303
-0.351454
1.11304
1.53147
-4.84552
1.98349
-0.735271
0.0699708
-0.741387
2.97656
-0.524716
-0.394019
0.895102
-0.117867
2.17936
31.179
0.296039
-0.476553
1.79647
0.635425
-9.99251
0.85563
-84.9822
-2.16174
-0.135893
0.576772
0.509596
0.354506
3.96003
-2.30214
0.649829
1.73594
-0.347306
2.35095
-0.930372
-0.900724
-0.868511
-1.53975
1.16276
2.15502
6.02299
2.01249
0.419179
0.160203
0.768427
-0.222699
-3.83094
-0.0615602
-3.69008
-3.68473
-1.9467
0.103168
3.82306
1.95439
-0.215269
6.46135
-1.08423
0.710163
-0.449525
-3.56098
-0.374581
-0.443141
2.39859
0.834145
-0.523615
-0.734762
0.82201
1.30555
5.35015
0.961688
4.90935
1.67989
0.000395631
1.18746
0.101987
-2.25648
0.63027
0.0554953
-1.1985
-0.690816
2.22567
1.6063
4.2121
-0.681403
-0.44245
-0.0478191
0.400231
2.05526
0.790246
-0.811139
0.276778
2.49193
-3.32079
0.124154
-15.9158
1.11406
1.65922
0.596913
-1.61471
8.52115
0.291234
0.686322
-3.52809
-0.433788
0.279237
0.369508
1.32233
-3.71898
-1.73153
1.56865
-2.3004
-0.43887
-0.235164
2.08946
0.492879
2.37341
0.627053
-0.176855
0.484822
0.351733
-4.23399
3.93307
1.23565
0.49658
0.25707
0.48006
-0.700235
-1.96989
-0.198925
-0.683699
-0.0249684
6.57451
-0.713375
-6.70605
1.79063
-0.0982157
1.12711
-0.873874
0.226717
11.0709
0.359417
-0.402392
-15.5155
-0.877389
-0.369766
12.8912
19.1254
9.16451
0.271798
0.0273518
-0.459184
1.1782
-0.957656
-0.268343
7.0648
0.575021
2.0019
0.65265
1.57514
0.867574
1.71655
1.48669
0.499826
-0.963214
0.272075
-0.0881872
-2.3125
-0.456351
-2.97553
-0.225379
-0.113453
0.541325
-0.275366
2.1148
0.876641
0.648754
0.884547
-21.5892
-0.730466
-0.443978
0.494729
-8.26551
0.608392
-0.0663813
-1.63617
2.04233
2.50167
0.221967
-1.78897
-0.131567
-0.947785
0.975758
-2.96516
-0.489595
-7.72881
-0.904114
-0.315154
4.05029
-0.174923
-0.583825
32.4127
-4.78178
0.014536
0.524278
-0.310154
-6.9597
-1.11243
-0.374071
0.477475
1.117
-1.83304
-3.34218
0.0246349
0.866753
0.360234
-5.96088
-61.7278
-0.506269
-3.05446
-17.4094
2.42052
0.86897
0.79755
-0.234819
0.344939
0.634432
-7.75098
1.47731
-24.0007
-2.29592
0.140919
-0.320186
1.11194
-2.27688
-1.07726
0.175339
-1.39352
-0.881803
-0.625278
-1.52931
0.834383
-1.17979
-0.0930535
-2.19726
-0.140062
-0.153971
0.415143
-0.234864
-0.160679
3.25662
3.0716
0.24081
-3.83554
0.868333
0.199728
1.21522
0.0938947
-2.17717
0.190515
-0.834803
-0.186956
3.9658
-2.62477
0.66799
0.839794
-1.41274
-1.32537
-0.595152
1.85682
1.81597
-0.0712394
0.0595836
3.78022
0.552589
2.05345
2.97085
-0.723733
0.274756
-0.521243
1.07351
-5.81912
0.190217
-3.24393
-0.861699
-0.174214
1.33729
23.0832
-4.34663
-0.796436
0.0862134
-1.30933
-0.086249
0.481061
-1.24908
0.630538
-3.56493
-1.11844
-3.57486
-0.895833
-0.0550761
-0.903764
0.124552
1.10423
1.21306
-2.19691
-2.9428
0.173907
-2.37462
-2.30592
-1.6882
1.48545
1.19244
-8.59402
0.464322
-7.85742
1.75066
-0.881615
1.03685
-4.06031
1.13305
0.26838
2.55756
4.21599
3.80167
-0.578599
-36.614
-2.5012
34.1218
2.11512
-4.47352
-0.257117
-5.85072
-0.956583
-0.0565587
0.988986
-1.0631
-1.35929
-0.482917
0.291625
-2.22418
0.43863
0.354218
-0.157422
-0.0659932
-3.29858
0.74573
-2.96507
0.0475326
2.83833
-17.0006
1.10166
-0.324509
0.503289
-0.339116
0.567778
1.80191
2.40449
-1.0756
1.77385
-0.380407
-1.84476
-17.7003
1.13719
-2.60824
3.19001
-1.57698
0.360562
-5.66764
11.3354
-0.79969
-2.02299
-0.330207
-0.772461
-4.27539
0.253794
-0.609546
-1.43246
0.996379
-0.263475
26.7037
-0.155532
-1.76859
0.0936106
-18.4437
0.219139
0.199428
-0.309816
8.23747
-1.21336
-13.2243
-12.3851
-1.56391
1.77285
0.00555241
-0.0668537
-0.0645521
-6.57547
0.586442
0.039513
-0.406802
-0.506243
0.54721
6.2666
-1.48427
1.21979
3.9798
0.263855
-0.717809
1.7953
0.611168
0.277144
-9.43333
-0.560295
-1.92099
0.372815
-2.36384
0.0453191
5.29752
-0.0291539
-0.0381908
-3.54477
-0.521746
0.517326
-1.16344
0.729436
1.97068
-1.50812
-0.627345
-6.85351
-1.25191
2.40645
-0.0237005
-0.0956666
0.78984
-0.857584
0.139505
-1.4108
3.10923
-3.44772
-2.94418
24.7976
469.194
-2.20881
0.177698
0.345109
-0.793681
-0.464066
16.0114
-1.48303
-1.24671
2.73502
0.190418
-1.16027
-0.387761
1.81025
3.11559
-2.55545
0.444361
5.74099
4.16531
5.93917
1.21914
1.21074
-1.05134
0.403748
1.20786
0.872872
-5.62853
-1.52234
-1.31835
1.76181
-1.45273
0.135344
-0.0849147
0.970293
-0.505556
0.304813
0.352221
-1.37813
133.079
-0.595985
3.3813
-1.93309
-4.58141
2.39864
0.0665262
0.192755
0.558245
1.58298
-1.99573
-12.4469
0.303431
-9.062
-7.29635
1.02899
0.0211938
-0.00457847
1.94394
-3.38447
0.0635923
-15.4623
0.889569
0.295884
5.48397
3.9573
-0.249982
17.747
-0.744522
3.1262
-0.00783984
9.53014
-3.07128
-0.709726
1.60174
-1.27411
0.981313
-1.79858
-1.30056
-0.513291
-1.56232
-0.425466
2.3475
-8.54905
-1.48025
-0.655109
1.77724
-36.5932
-0.394944
-1.22758
0.832405
0.328268
0.665775
4.87888
-3.63783
4.94137
0.933602
-27.0041
0.138119
-0.515127
1.17285
-1.23647
-0.282321
1.34502
-1.51245
3.75558
0.269838
2.50841
0.268985
0.473124
0.035095
1.2076
10.4708
-1.92547
0.567913
-0.622675
-0.540332
-0.758494
-1.11728
1.06626
1.5041
0.308406
-1.27818
0.153268
2.07503
-0.52956
-0.343494
-0.372336
0.617579
-0.493935
3.29619
14.7131
0.547029
1.94982
-2.12132
0.871929
0.218418
-1.62123
-0.750694
-0.529512
0.103832
-6.22256
-0.189286
0.298641
0.974977
-0.622646
-1.84616
0.638786
0.351347
12.9214
-0.731529
0.492837
0.713096
0.667267
0.788328
-1.35142
-1.391
-1.70445
0.616218
-0.514031
-1.73114
2.18611
-0.202878
-0.553984
4.40874
-0.686733
1.36734
-1.89938
0.377768
2.08387
-0.681529
4.7143
-0.973078
-1.46472
0.195424
-2.00467
0.818815
0.716876
2.6229
0.373719
1.43288
4.87331
-6.19417
-2.73685
0.502155
-0.723271
0.214159
0.155693
-0.931134
0.208191
-0.998668
1.22798
2.80485
-1.81222
-2.47871
0.00242245
-1.03511
-0.0869592
-1.62221
-1.25792
-3.50083
-0.204303
1.08784
13.3146
0.785969
-3.4496
-0.183184
-0.738839
-0.298005
6.39184
-0.131177
0.901036
-0.466389
8.34495
0.289695
0.470445
-0.862212
1.7047
3.84551
0.0468956
-0.148799
-4.22823
-0.554241
-0.947816
5.75295
0.25004
-0.405218
-0.743627
-0.672566
1.3304
0.935405
-6.81724
-0.337223
-0.466603
1.2601
3.98288
3.79738
-0.496824
-1.86955
0.309305
0.222355
0.879101
6.20126
-1.15635
-0.842186
1.08437
30.2855
2.51414
-3.87347
-0.755623
-0.479495
-24.0555
1.68462
0.576491
0.567248
1.4462
-2.19629
9.09728
3.11877
-1.09269
-8.43544
-2.69022
-0.22477
-0.76409
4.75912
1.00101
0.0634117
-0.681417
0.226198
0.603748
2.97263
-0.275482
3.32397
1.71144
-0.321808
-0.227701
1.11405
0.92421
0.901952
-1.42642
0.936594
-0.144659
0.226068
-2.14778
0.0225868
-8.81466
-17.4168
2.5764
0.950793
-1.06186
-2.83757
-1.58453
0.360726
-1.6149
-0.235997
-0.181558
-3.16587
0.789443
1.22599
0.540327
-8.07653
25.3431
5.39433
0.820962
1.7552
0.380744
0.363147
-6.50277
0.181307
-2.47247
-1.40938
-0.23699
3.60608
-2.20185
1.41571
3.16131
9.92381
-1.35646
-2.39935
1.7776
-2.08049
-4.48754
-1.23771
1.60659
12.4496
1.11686
0.517526
-121.98
0.446808
-0.421979
1.86691
-31.8762
-2.35794
5.07072
-1.54616
0.4161
10.6054
0.356855
-0.507062
0.345408
-0.901398
0.483193
0.179762
-0.627296
0.673042
-6.32871
-1.62981
9.37566
0.651098
-1.20417
-0.417975
2.27912
-6.40458
-6.82321
-0.256566
2.66273
-0.355538
15.697
-14.2928
0.986932
1.38615
2.66558
-0.188517
-0.0668494
18.0441
-1.98834
-1714.91
0.918075
-0.00156494
0.310873
-14.5603
4.26164
-0.819515
6.18541
0.131525
-0.953112
-0.373858
-0.342812
-3.86275
3.77217
0.0277409
1.08467
-0.349733
-7.2845
2.46967
1.35261
0.245478
2.7916
0.652813
-13.7003
-0.311581
4.59101
5.05283
-0.523958
3.54469
-0.383565
-4.14509
0.100324
-0.885914
-2.55953
-1.66546
-1.28602
2.02244
-3.46661
0.362374
0.167227
0.140933
0.500939
0.0734658
-0.189823
0.694745
-0.00213323
-0.725373
-0.264095
0.0657323
-0.803789
-1.55462
0.0284508
1.36223
-0.536962
-4.6053
0.0705655
-0.0798576
0.767934
0.29728
-4.79884
0.280713
0.564609
-0.50374
-2.89887
-27.3837
0.276054
-0.214615
-0.921555
0.444987
1.40194
1.01539
-70.1967
0.402179
0.300222
-0.502113
0.222313
0.35386
-0.36969
-0.148932
0.120608
0.148868
-1.47259
2.70353
0.105789
1.03088
1.24021
-0.646435
-4.25412
-0.92421
-0.0155947
-0.896015
-1.55498
-1.67883
-0.440915
2.68524
-0.861566
0.0494432
0.899335
-1.58804
0.128454
0.636339
-1.20421
0.457672
0.125191
0.839923
-1.09427
0.513269
-2.81904
-5.43896
6.447
-1.8877
-3.02633
-8.82675
2.64101
-2.04023
-0.154275
-0.141269
-7.22804
0.816478
1.1131
-4.04801
0.310825
-0.621568
-116.188
-0.0244402
0.91325
0.205173
0.165848
0.554114
-3.00408
0.0402326
-0.212257
-0.263932
-0.185118
1.46117
-0.826515
-0.344179
0.30843
-0.431624
-0.0960955
0.432634
-2.86193
1.18028
0.090168
6.92603
-0.403019
-1.05275
-2.86664
0.387516
0.0873071
0.103142
-1.15086
-0.586243
0.401182
-1.66401
0.91087
1.74516
0.385398
1.18078
0.457376
-1.57238
-1.89151
-1.47498
-1.19928
-1.70524
11.1934
0.933545
-0.0524876
0.347454
-2.2952
0.211479
-9.90681
-0.133878
-0.390226
1.08987
-1.19761
-0.59759
-5.32232
0.405073
3.70953
-0.190346
0.673435
9.29094
-1.71591
2.5822
1.79737
-0.217627
0.97328
-0.44296
-6.73019
-1.30125
0.843948
-4.03996
-0.753756
0.209003
-2.92102
0.603524
0.680857
0.894386
-11.3088
-0.182652
0.250893
-0.544907
0.866118
0.586706
-0.0404541
-8.87077
-0.539916
-1.15879
-4.38019
-0.609551
-0.363209
0.320731
0.30128
0.549636
16.7992
0.722771
-2.25047
0.197913
-2.18728
-1.24953
5.06685
0.430457
2.86978
8.24857
17.6538
-0.657499
0.751091
-2.70923
1.37053
-0.632873
0.193213
-9.98833
6.44024
-1.56687
3.3669
-0.629208
-0.174786
-4.14319
-4.23759
9.73504
1.79603
-0.506402
0.677054
1.38406
-68.3908
2.91095
-0.812551
-1.65306
0.796451
3.46668
0.0162118
-1.34708
4.41166
0.58343
-0.0363794
-0.274785
-1.77792
2.54559
-3.69822
-0.800518
-1.43353
46.5367
0.857039
-8.89874
-0.375432
0.561477
0.371211
0.947792
-24.5547
0.450402
0.694072
4.73916
-0.306329
-0.330933
-0.527228
-0.362461
-0.878243
-4.40253
-0.551664
-5.48905
0.568224
-5.20341
-1.46699
0.154799
1.655
-0.0836583
0.641081
-0.120045
-13.7175
0.0571953
1.12653
-3.7039
9.7378
-0.644605
1.2373
0.247799
0.818558
-3.48655
-0.465914
-0.208016
1.9449
9.3264
1.37552
3.28071
-2.3202
-4.8358
10.5691
-0.843429
0.542586
0.120776
-0.450278
3.93691
-0.107856
2.21036
-0.669351
1.564
0.46874
0.155688
-1.0076
0.522769
0.612802
0.829206
-0.251873
0.617683
1.38532
-2.43907
2.96173
-1.64595
-0.00721256
0.659172
0.580142
2.90772
-0.357256
7.78723
7.35454
0.0123594
21.4227
1.11636
1.42486
-0.104393
0.0608986
-2.36628
3.89609
0.151275
1.17676
-0.295728
-57.5276
-10.9277
0.0167387
-3.84162
-9.12496
-1.03937
-1.59396
0.728531
-2.91975
-0.881638
4.54324
0.657746
-1.25735
-0.175436
-0.993757
-0.665624
-0.0825522
-1.12475
-0.406209
-0.55563
0.561244
-0.308461
-0.976664
-5.75235
0.537502
-0.845565
-4.01858
0.0653274
-0.531505
-3.16505
0.880998
2.35553
0.0420829
0.431284
1.83677
-1.05641
0.951838
0.666541
-0.406594
-1.07212
0.262926
-0.255869
-0.988345
-1.08142
1.14576
0.709518
-0.0333046
3.14158
7.68569
68.1463
-37.2494
-0.995136
-0.378685
1.13697
4.66682
-0.0845092
1.592
0.529799
-1.12783
-1.73658
2.60494
-1.15525
-40.305
0.615137
-2.93314
3.87781
-0.498293
-0.797139
-2.55024
0.759453
0.345289
-0.957362
0.169491
-0.780176
3.54307
-0.0645648
-0.0058125
-1.22856
0.648938
-6.59255
0.218062
-0.103115
-0.410734
0.432078
-0.428728
1.07229
-4.87268
1.85833
1.37688
0.156672
-8.73065
-0.439893
0.704621
9.97089
-1.51992
2.01572
0.684561
-1.05091
3.41696
1.7015
12.1659
0.0744749
3.91122
0.89893
-2.59297
1.31285
-1.46584
-0.271877
-0.79753
-3.47327
-0.39941
-0.312128
3.27123
-0.142053
-0.385479
-0.37776
-4.38541
-0.00113934
0.337264
0.489305
-0.791
0.311864
6.4356
-0.560221
-0.605794
-10.7876
-0.380834
0.500357
0.136482
-0.145508
-1.3296
-0.0196746
0.155956
-1.17605
-0.0064123
2.75886
0.681644
10.5873
0.0958347
0.304749
-0.482499
0.429167
-0.851024
-83.6916
1.64401
-0.199185
1.41629
4.07469
0.954984
23.3107
1.32984
-85.7298
-0.588496
2.2906
0.0478975
-0.693608
1.96318
0.864579
0.123706
-0.812948
4.0149
0.465658
-5.11583
-1.41495
-1.72856
0.919476
-4.78973
3.26079
-2.09485
-0.530129
-0.910454
0.662208
-0.0794063
0.0397619
0.666066
0.745216
-0.858334
0.967727
4.14602
0.0491511
-0.715787
-1.07597
0.0662393
2.45338
0.096261
-1.98793
-2.30798
-0.263913
82.8283
0.0488371
4.07384
-0.722255
-30.5674
0.706912
1.31536
-0.263053
1.2053
0.207656
1.98045
-0.0175886
1.72833
0.971571
0.844555
1.17661
-1.44762
2.14171
0.00190782
0.236052
2.41519
0.026116
30.3547
-0.196196
-1.44883
-4.306
-0.744415
3.93707
-1.13096
0.590956
-0.128141
-0.55068
-12.0051
18.8024
-1.54365
-1.77558
-2.31063
-3.56076
-50.5939
0.592907
-1.17405
0.666299
-0.342489
-0.84052
-1.81116
0.184896
13.8331
8.13209
-0.465027
1.26795
-0.777044
-0.655045
-37.926
-0.435941
2.03502
-0.775647
0.315191
-32.4179
0.561159
10.2374
-0.510796
1.13071
-3.84993
0.490421
1.29184
5.30751
8.88802
1.28229
-0.512336
-1.59938
3.29847
0.11836
-1.42703
-0.0753527
-0.648289
1.53581
0.173497
-3.36771
-0.963012
0.6818
-0.453393
-0.901867
3.34547
40.8722
-0.816933
0.0173077
0.217303
-0.0301337
0.712174
4.83423
-1.39838
-4.28053
-0.817383
-0.566404
0.600086
0.523157
12.316
-3.65592
-10.739
7.85599
0.563061
0.588081
-11.0795
-2.19799
-0.300759
0.134368
0.0858284
0.170833
-0.780939
0.175079
-0.322527
0.238475
-17.6127
-0.0436725
0.650452
-2.1086
0.427945
0.0229877
-0.0380865
0.322607
-0.674524
0.627111
-85.9533
0.688163
0.804181
0.317722
0.100522
0.349868
-10.6236
-3.45013
-0.955234
-0.853172
0.566
-10.1516
2.26029
-4.68443
-0.511372
0.0845425
5.96863
-2.12859
-0.839289
-6.73794
-0.831303
-0.605663
-0.755828
0.233497
3.39792
0.00639649
16.0084
6.61061
1.14699
10.07
1.44525
1.27817
-0.63116
1.14749
-0.121721
-3.19509
1.73898
-0.0361825
-0.554989
-1.54879
0.655344
-3.05364
-4.62355
0.114207
-1.35655
-2.02113
1.58625
0.584017
0.304051
-0.648948
-728.579
0.33529
0.29856
-2.71687
0.504464
0.721241
0.355747
-0.535783
-1.88364
-4.47606
0.0891651
0.104034
-2.38329
1.82159
38.2785
2.57857
1.16383
-2.85718
-10.5054
35.1453
-4.63217
-9.77049
0.577211
5.94212
0.878358
-1.18384
-0.816424
-1.1682
-0.927358
0.123977
-1.20969
-0.544029
0.00529271
-0.0164567
0.426071
4.68762
-6.40171
1.81859
1.40333
0.0861845
0.0886621
-0.493627
-0.390218
0.391714
0.648373
1.88667
2.13106
0.167587
-0.0496712
1.75394
-0.296764
-12.12
-1.24218
0.127147
6.63599
0.705836
0.815105
1.16018
3.05281
-2.56083
-0.0490859
4.07236
3.05405
-0.883901
5.09686
0.736182
21.3153
-0.0010109
-1.05193
-0.011259
1.71021
-0.918338
4.18767
-4.53179
-2.43699
0.721638
0.0168884
-5.19683
0.257649
-3.44525
1.99053
2.25217
0.604218
-0.573702
0.417075
-1.07239
0.794818
0.867931
0.235388
65.4149
0.391932
17.2899
0.306807
-0.405504
2.08789
-1.20321
0.949742
-0.574222
1.54295
1.16691
-1.4948
1.48485
-0.552225
156.752
-11.0985
-0.0360248
0.0968926
7.2049
-1.71937
-0.0373535
-3.33008
-1.18706
0.506867
-5.16704
6.28825
1.74205
-0.246895
0.0857666
-9.55393
-4.70076
2.36999
-2.99996
0.199672
1.33296
-1.79311
-1.22211
-6.89391
0.536547
-2.22628
0.102237
0.434564
0.293685
5.59269
-0.296173
-0.139749
0.891604
-2.64253
0.358109
-0.52014
2.56534
-0.879642
4.88414
-51.8832
0.0230466
26.7125
0.735833
-1.1326
0.548819
0.491072
0.480095
-0.951051
-3.31899
0.230806
-1.13412
-7.0369
-0.722921
2.52988
0.477876
1.10349
0.645093
0.29435
1.0357
3.0866
0.994058
-1.29185
-0.594326
-4.95549
-0.449668
-0.0611704
0.194568
0.816203
-0.0901586
4.61605
0.879957
-9.69914
14.8368
-0.224654
3.49518
1.49551
0.0958838
1.20363
0.711736
-0.259824
0.137941
2.62038
0.374848
-0.463494
-0.75947
-0.375322
-0.0524151
1.61482
-7.24439
24.2114
1.48188
-5.1519
4.15118
0.763772
2.72535
-0.176865
-13.4876
-3.19908
0.735601
-1.02945
-0.720084
-0.339935
1.58396
0.838873
0.417485
-0.67666
-0.86844
-2.34442
-0.841109
2.30051
-1.00126
-0.149107
8.10283
-0.692605
0.315917
-14.2552
0.780129
1.35696
0.12896
0.39919
-1.57073
-2.10883
-0.157563
0.615165
1.06844
-19.0885
-0.0593976
6.91342
4.03352
1.35425
-1.19547
3.60486
0.609808
-0.212911
1.50174
1.77916
4.9724
0.0397318
-0.57346
-0.916105
0.986528
1.98496
2.39866
0.597826
0.04042
-5.29184
0.513308
6.0513
1.0429
-0.588169
0.187671
31.9927
2.29198
1.26249
-4.37077
-0.747374
-0.0147373
0.591753
-0.698029
6.13464
-2.50958
-11.2753
0.553494
0.666052
349.503
0.165288
2.91108
2.70006
3.29347
-1.46849
5.22242
1.39561
8.82508
-3.30531
0.661487
1.29871
0.614146
-2.46024
0.0841454
-0.425848
0.602016
1.07026
1.0412
-1.42973
0.267479
-0.382087
116.748
-1.55264
0.246563
-1.02194
0.634041
-1.35296
5.58584
0.444388
-3.52907
-0.7831
-0.881189
19.4946
0.599595
0.997535
-1.29084
-0.768514
-0.434873
4.23281
0.169145
0.900386
0.851238
1.66187
-2.30446
-1.5446
-1.30613
3.35541
-2.30078
9.97634
1.94059
-4.25574
0.0306252
-0.288696
-0.193354
0.0715964
0.282235
0.857932
-0.616655
4.38628
4.15625
1.11418
-0.2057
0.394247
-0.879869
-1.31227
-0.0263742
-0.984617
1.70987
-9.40936
1.27782
-1.17846
0.706994
0.308977
1.06332
-0.592007
0.162589
0.372612
-1.36429
0.221277
-1.76739
0.783703
-0.634208
3.58228
-0.414742
-0.617208
0.361794
-2.72651
-0.277517
0.270343
1.21137
-1.33958
-4.5276
-1.35498
-1.76227
-1.33728
-12.8575
-1.92319
-0.689658
0.312999
0.42543
-0.47628
-4.26259
0.120931
0.176264
-0.107435
-0.84189
1.82146
1.73867
2.60557
4.19252
0.794272
0.06283
13.853
0.07208
-1.33117
-0.713095
-0.604986
1.34785
0.159661
-0.896344
-0.249828
0.0453193
-2.81946
22.9299
-10.9699
-0.522242
4.64147
-2.06288
-0.728781
-0.721346
1.62497
-1.82391
-0.134199
-3.76049
0.88767
-0.877063
4.82229
17.2445
0.022767
0.589537
0.0692244
0.974583
-0.461878
-0.235748
-39.6667
-2.39226
0.101665
-0.596183
0.547205
2.47848
-0.59976
-3.07411
12.1747
0.449607
5.12679
-2.19677
0.456274
1.3046
-0.0683521
2.12687
-9.83893
-0.708073
-1.31099
3.15435
0.122989
52.3313
-0.703471
2.06109
-0.341162
-0.500952
27.9943
-0.128894
-23.1934
-5.64196
-20.6161
1.43781
-0.227855
-1.46935
-0.507315
-0.780149
0.345094
-1.17053
-4.25531
2.7411
-5.00566
0.417844
-3.94804
-0.0127893
-1.78322
-1.11804
0.319191
-0.464183
0.647815
-1.20927
-4.96499
-1.19759
-5.12653
0.462207
-0.484626
0.569766
-2.06571
0.648562
-0.342658
-2.32137
0.989881
-2.47626
0.698631
0.127196
2.66975
-1.24709
-1.09453
-1.00801
8.77499
1.39645
1.64645
-0.315015
1.17923
7.18718
1.5375
0.243362
0.131306
1.80917
0.0331539
1.44986
-0.443064
0.953091
0.538201
-0.754772
1.02758
0.203503
-1.33748
-0.281137
-0.501689
0.387703
-2.03896
0.185197
0.240379
-1.11169
0.651454
0.882289
-5.9684
0.189159
-0.604791
0.535654
-0.273847
-3.44071
-0.0112553
0.456589
-5.38868
0.73519
6.19098
1.65313
0.319938
-0.567022
-1.34336
0.460358
-1.12083
-1.05287
-0.793497
-0.516696
1.38981
0.445494
-0.547483
-0.27689
1.71892
-3.98485
0.844583
0.188731
0.0342645
-2.27811
0.654884
0.565338
4.50599
1.47795
0.63638
-0.0625078
0.00625006
-3.33912
0.213575
7.14086
-3.76406
0.403922
33.125
1.41434
-2.44564
0.00736377
17.8549
0.162946
-0.00830227
-1.70558
-0.0892807
1.12205
7.71841
33.2236
0.938553
-0.0129761
-0.25565
0.951382
-39.4946
-3.06859
-0.588202
0.167283
0.123161
1.04697
0.747572
1.93984
-60.604
1.25927
-0.569893
-0.705425
0.313531
-390.821
1.03907
-0.0201039
-0.851543
0.474229
0.375516
4.78676
-1.14038
-0.4609
-4.70222
-5.30278
0.0842615
0.426357
0.065119
1.69098
2.83223
-0.746471
0.484011
0.132434
0.788596
-0.507339
-5.80033
0.776447
-28.5891
-0.583717
-0.257548
1.34886
-0.443178
-2.30978
0.452319
-0.584713
-0.315919
-0.0709811
-4.43693
0.00828324
0.237034
2.42101
0.504073
-0.101881
0.112201
-2.78707
0.541061
-1.43543
0.114088
0.264049
-0.645184
18.1401
1.86242
-0.494339
0.700697
-0.166258
-0.935096
0.17235
-8.71494
5.19971
-0.173021
-2.27219
1.95601
-0.777118
1.91486
-1.45437
2.02679
-25.4314
0.323712
-2.26059
-0.283977
-2.92379
4.16047
4.1033
-1.73402
-5.03223
-11.7153
-1.40878
0.767534
1.15513
-0.293564
0.0536602
1.74166
1.05551
0.115402
-0.191555
-0.791789
-1.43215
0.376469
-13.7393
-26.3443
3.01245
2.74891
8.41099
-2.71494
0.323215
3.24963
-0.50937
-30.3307
-0.190337
-0.244379
0.459779
0.439383
0.347773
1.09879
-1.5144
0.79173
-0.578781
0.481127
13.424
1.50317
0.0721731
0.678532
4.66407
-1.62755
-0.655039
1.64091
-0.113072
-0.0111727
2.80424
142.132
428.454
0.0715449
-0.448374
1.46276
-0.0878957
0.245986
-0.0343888
-6.65241
-0.222479
-1.60941
-15.1977
0.499947
1.06779
-2.98426
1.68094
1.11476
0.188853
-2.01124
0.200911
3.29729
-1.71054
-0.0738048
4.32779
-2.80917
-1.61814
0.171351
0.495831
4.13097
1.01373
28.2981
-1.93921
-2.23152
3.12296
-0.473879
-0.6291
-2.3056
1.11945
-0.0281235
-2.75942
-1.08586
-1.04361
6.5186
-7.9488
-1.17314
1.24814
0.999125
2.44497
1.24288
23.2427
-0.214425
-0.276041
-6.83485
-0.765665
1.99855
-0.0564318
0.582242
-0.707276
0.71524
0.0554524
-1.32618
0.480816
-0.399953
-0.809553
1.11989
-0.286926
0.537774
-0.280273
-0.868529
0.382536
-0.343931
-7.73092
2.53344
-1.03328
8.23594
-2.47732
24.3543
0.129528
-12.3556
-2.37025
0.734929
-1.85386
-0.17984
2.70192
-1.6749
0.742995
1.29473
-0.702647
-6.70395
0.845754
-82.7921
-0.414984
2.41193
0.0415276
-0.805226
-1.58766
0.31247
-11.6211
1.14697
-0.204734
-2.79473
-0.890117
-1.51059
1.63801
-1.40202
0.0983096
-0.532375
0.620571
-1.09084
-0.775876
-0.409709
-1.2957
-1.42882
0.532299
1.46748
0.784089
-3.6825
3.56788
1.91419
0.0153337
-1.0765
0.157542
-1.00868
0.787374
2.53268
2.87059
-0.805849
-34.7437
-1.72774
-22.3793
3.24576
9.68681
-1.27234
1.95831
2.92721
-0.533673
0.960789
1.54906
-1.31757
0.307876
12.9394
-1.3861
-1.84268
0.188247
-0.67467
2.12583
-0.315442
2.66099
-0.317087
-5.22575
0.86528
-0.803346
10.1662
-0.651881
0.306972
1.20354
1.35613
-5.15448
0.922541
-2.47582
-0.816203
-1.03223
-0.472947
-0.137765
-0.227598
0.909551
-1.07687
-0.335288
-0.253765
-0.685229
6.23195
-0.657916
2.26089
2.40251
-0.239046
3.48952
0.928747
0.0743423
-8.17363
0.308801
0.0488655
-0.275747
-2.04402
-27.2371
0.218743
-1.13834
-0.202234
0.220803
-0.388352
0.0914374
-0.602132
1.39022
-0.985514
1.75004
0.519489
-0.51884
-0.0903738
-0.268019
0.00685309
-1.90778
1.81687
-0.377645
-955.703
-0.899691
-0.158355
8.86781
-2.77344
-11.074
-0.224933
0.196519
2.04777
1.47709
1.7105
-8.67244
-0.803154
0.00387026
-1.80952
-0.240723
-0.673196
1312
0.428413
2.15893
-1.74437
0.275727
-1.00028
-0.631506
0.17288
0.33978
0.0977741
2.18016
-0.897608
0.0328025
-0.33569
1.93472
-0.10455
0.437154
-0.455768
-0.0145696
13.5575
-1.75997
1.93558
-1.20861
2.6751
-0.276562
0.329068
2.71145
-0.20391
0.395939
-0.328212
0.861073
-3.25165
5.42112
0.205376
1.04081
0.308538
-1.15877
1.8013
1.43486
-0.187895
24.9641
0.782801
-0.170304
-0.272458
2.86623
-0.308387
0.0909401
-21.2151
-0.785594
-3.41187
0.686666
0.0927707
3.707
0.872322
0.479417
-5.7504
-13.6232
-0.601096
1.64658
-3.01973
0.666345
0.502759
-2.39115
-92.1247
-0.985573
0.0431322
-3.96271
-15.0227
4.49347
14.3244
0.10837
4.34803
4.56588
1.02158
-18.586
-0.214899
-0.63241
1.65308
9.42429
-2.66048
-0.945816
-1.96564
0.759408
-0.0996425
62.3557
0.518223
-0.0424379
0.254371
0.0197676
-0.744364
0.605772
-0.847441
1.69534
0.263103
0.459132
0.60456
-0.743321
-1.18071
0.749338
-2.72115
-2.90448
-3.29298
2.60926
0.669611
0.348313
7.6847
-0.421623
-2.07619
-6.74461
2.16059
14.3085
7.97858
1.12616
11.0564
-0.147064
0.443744
0.954832
0.16803
-0.649275
-0.00185734
0.227517
0.84545
-2.00372
-0.227429
3.88462
-1.75186
-1.15661
-0.116821
0.470604
-4.88289
-0.932819
0.274053
-3.94459
2.36762
0.602334
2.25957
-0.730215
0.860322
-0.126444
0.291462
4.7828
0.137081
-0.204107
0.495793
-1.31707
1.19573
-0.284032
-0.670563
-1.22604
-0.249919
-1.02666
-1.05586
-0.146504
-3.42462
0.573451
-1.04967
0.0246289
-0.597735
-1.3698
0.952434
-0.394388
0.195074
-1.22543
-1.27943
-0.70994
-1.86459
1.16251
-0.509463
0.246997
1.43734
0.640401
0.101739
-1.65516
-2.06546
5.63452
8.19489
0.0294784
0.269202
-0.630794
-0.0808413
-23.7878
-1.97277
-0.435478
-0.579305
-0.389607
-28.0533
0.376442
-1.11683
-0.254891
-0.14106
8.30833
-29.7549
9.51075
-1.25118
-2.31017
1.87076
-7.68143
-0.573372
-3.34197
0.79797
3.51823
0.398804
0.610658
-0.384407
0.541939
0.0461072
1.0759
0.824045
-1.60191
-0.651674
0.478743
-8.74609
-0.218162
0.310503
0.237035
2.95314
0.707352
-0.228683
0.56211
-4.94127
-0.0781963
-0.148267
1.45295
3.14679
-0.130586
-0.293701
-3.38688
1.02254
1.74495
0.132393
-0.334756
-3.56358
2.59636
33.4173
-3.69236
-2.38919
1.79877
7.22833
-1.25261
-0.638186
-0.659547
-0.187548
-1.31723
0.0440125
-1.40426
5.79413
0.91324
-4.43671
0.527079
-0.0417011
-2.42946
-6.67894
1.13642
-1.97604
0.324311
-0.326943
-1.14045
4.21489
0.0912715
0.797917
-2.97288
-1.23539
0.192606
-1.0021
-2.36508
0.199286
-0.748326
2.64444
-0.048245
0.0662213
-2.37939
-0.520771
4.43287
-0.336467
0.0262928
-2.12504
-0.206777
0.19135
-1.81046
1.33849
0.130801
-1.72785
-3.66916
-7.85061
1.62332
1.52788
0.0937129
0.0845803
2.67943
3.93773
-2.45516
-0.896706
-19.284
-6.06225
-4.66456
0.406843
0.0151296
-11.4771
2.35104
3.34052
5.57906
2.34101
-2.50834
-0.307271
0.425432
1.23757
-0.204282
7.74504
-0.202115
-0.640232
-0.059766
-3.57883
0.159074
-2.13504
0.317421
562.997
0.18714
-1.28409
-0.493971
-5.59538
-0.290278
-0.811898
-0.225848
10.6638
0.186404
10.7976
3.74911
-0.0795305
-0.00558508
0.11884
1.57653
-20.6343
-1.0886
3.67062
-0.587
0.299737
-0.121774
-1.13629
-0.940494
-2.69788
-45.0825
0.772224
6.60976
-0.314171
0.301417
-0.57698
-103.59
0.934645
8.98128
-4.20201
0.241392
-0.449686
-0.106979
0.251286
-0.461368
0.346443
-0.858054
0.50695
-2.12955
-1.14
0.0551931
-0.455675
4.57936
-0.178416
0.112209
-1.42563
0.514392
12.7874
0.367872
-0.783291
0.3178
0.170503
2.68463
-2.12579
0.563163
1.84421
-0.189096
-2.02923
1.79664
0.563304
-4.98362
-1.08771
-0.00546559
-0.506284
1.23189
-0.572997
0.921433
-0.21043
-0.404615
1.16581
-2.81129
0.14432
0.25222
3.20526
-0.443304
-5.26575
1.26306
-0.826197
-0.200651
-4.00475
-0.512435
0.0242091
-0.576056
-3.60316
-0.668673
-1.17756
-1.09113
1.37952
-1.53734
0.353114
-4.15404
0.452801
-0.277738
220.911
0.218301
0.140631
-11.147
1.35258
-0.309586
-0.974724
1.04644
0.420291
2.21786
-1.21109
0.320055
-0.430096
5.02982
0.149329
2.73176
-2.24874
0.913954
-0.262807
-2.83028
0.709297
-1.31941
-6.42094
-0.684374
9.06017
0.703454
-6.88896
0.152429
-4.84089
-0.73608
-0.262938
-1.5212
4.01344
-0.238847
-3.29001
-0.420664
-15.7283
-0.709176
0.624084
0.37635
-0.329065
0.342313
-3.53843
1.27716
-0.199429
9.47447
1.76327
-0.446366
1.01496
-2.08724
0.535136
-0.132858
0.612659
0.0833977
-0.166345
8.20353
-0.916736
-1.68308
5.57938
1.26048
0.365897
5.92836
0.554027
-48.5229
-0.324925
-0.722227
-0.258162
-4.77602
-1.26447
-0.795825
0.582753
-0.894577
0.102971
-2.18089
-4.13596
0.627622
0.430929
0.395484
-0.779498
-0.404063
-0.528839
-0.648981
1.24108
0.693695
1.21839
0.0396739
1.26597
-0.491229
3.7636
17.3338
0.143394
2.25112
-0.585951
-1.03653
1.42704
0.0278189
6.93288
4.02492
1.35793
13.0718
-2.29316
-7.58307
-37.3751
0.12631
1.08916
-1.12457
-1.09611
1.52503
-1.27864
0.352116
-4.74803
0.185364
0.425242
0.375971
3.50431
-5.91108
-0.233417
1.89898
1.08412
0.171864
0.138163
-6.63156
0.733779
-1.25717
0.33955
-0.0140148
0.547614
0.0933601
-28.1784
-0.110759
-0.259705
-0.0350803
0.145292
3.42073
0.630728
1.61592
-0.265929
-0.0818757
2.11441
4.09255
2.1827
-0.362528
-7.2385
0.205904
-0.276827
4.23603
-0.122954
2.94661
-0.593904
-4.34479
-6.21204
0.0956022
0.94662
0.0941146
-2.52349
-22.7392
-1.14535
-1.89273
42.8911
0.578001
1.31466
1.63878
-0.0887875
0.684204
-2.11811
0.368475
0.50635
-0.193416
-0.289592
0.205354
-0.0841932
2.41411
-0.0175431
-0.896505
-0.00589943
-0.0486824
0.884494
0.330188
-1.28323
-1.78406
0.518529
-0.430754
0.470435
-0.166994
-0.0210196
-0.0213927
0.0127434
-2.86966
-0.878104
0.140088
0.1365
2.44917
-0.170124
-3.50487
-2.36169
2.35416
1.69745
0.254164
0.345056
0.254609
-0.172076
0.493835
0.23407
-4.20041
98.0444
0.691281
2.55656
16.045
3.32621
0.300916
-0.22532
-1.96614
-0.553489
0.0139793
1.26573
-0.630796
0.257276
0.898741
0.562034
0.66511
-0.0765572
2.38759
0.739977
1.87359
0.496391
1.56939
-29.2136
1.32619
-0.108019
2.25634
0.88902
4.19356
0.529662
0.489972
-1.99236
-0.931445
-0.0043674
0.186228
0.78487
3.03253
0.26673
-0.0356142
2.15781
-1.27217
1.06218
0.0294099
-51.6512
-0.32082
1.18436
0.0643363
0.297152
-9.53913
1.32145
0.249295
-2.34406
1.01169
-2.07369
-0.866133
2.1668
-0.591539
-4.68709
2.14456
47.0371
0.710312
-0.809876
-2.14601
-0.526855
-0.018357
-0.422605
0.40679
0.27601
-5.04713
0.210859
-4.61443
-2.35254
0.475283
0.814338
0.191363
-1.07588
-0.200517
-5.7783
2.23339
0.343314
-2.99213
0.596595
8.48609
0.27691
-0.344437
0.113642
1.04115
-1.27926
0.201947
2.4649
-1.51466
0.592263
0.694786
1.02018
0.434929
20.462
-2.3784
0.467777
-0.630655
-4.78182
0.529667
1.08292
-1.12166
-0.236172
-6.26833
0.524709
-0.422308
-0.671258
0.483438
2.24072
-2.64358
0.849423
-1.17285
-10.2536
-0.30883
-0.28077
-0.257588
-0.385996
0.561018
-0.553087
-0.492883
5.40323
-1.31635
4.74185
0.40668
1.31436
8.90621
1.1188
6.45587
-0.172611
-4.91655
0.242424
1.92042
0.0897097
-3.81085
-3.177
3.99105
-1.48553
1.36337
-0.0279219
-0.346061
-1.87259
-0.519518
17.7989
0.15366
-0.512152
0.367839
-0.977615
-0.259741
3.39477
-48.8417
4.14227
-3.15824
2.20032
-0.153896
0.481264
-0.528431
-0.128458
0.604176
0.827907
0.107886
0.532481
-0.790016
-0.409598
-0.803539
0.202616
0.732379
-0.371369
-1.55333
-1.65975
0.208576
-8.74025
-0.791595
-0.655516
-10.4201
0.410282
-0.463046
-1.04278
2.99806
0.743178
-2.72576
-0.221229
0.107971
-4.29621
-1.40923
-0.6631
-0.700813
-2.44952
3.12705
4.17322
-0.280285
0.111472
0.927589
-1.74239
1.42448
-0.106606
-0.00715986
-0.683963
-1.62704
-0.0162292
0.252953
1.35101
-0.861515
2.21611
-0.106823
2.37015
0.579701
-6.82896
2.8942
-1.43963
0.220292
-0.163129
-0.651264
0.548295
-2.7238
-0.537793
-0.768023
2.138
-0.104475
12.7969
-0.265602
-3.5888
-0.29419
0.281114
0.914051
-1.84461
-0.459681
-0.201245
-0.87713
0.0651087
-125.281
-0.790655
-2.03479
0.453497
0.812175
0.983966
-0.956009
-1.86166
-4.36579
-8.03808
1.29156
2.56824
-0.773471
-0.352146
0.287006
0.050862
-2.52246
-12.1671
3.03057
27.2104
0.658455
0.340184
0.995578
-0.193042
-0.35036
-1.65171
-1.26032
-0.505059
-1.55363
-0.93391
0.0786254
-0.236552
5.83901
-0.585623
0.0315304
-0.631509
0.33569
-1.15521
-0.255868
-1.12782
48.9608
1.05612
0.447747
-0.34986
1.26643
1.35174
0.275137
-6.25763
-2.98156
-4.77302
34.1391
-2.91927
-8.31216
1.99375
8.10734
-0.578814
3.99318
-2.28919
0.353458
2.02843
-0.479923
-1.16705
1.73293
2.74855
-0.856126
1.40749
-0.963015
1.00662
0.412104
0.778483
-1.02495
-1.08538
-0.410274
1.57315
-0.751966
0.61856
-0.351385
0.218048
0.346025
1.5889
-7.59925
0.174717
-5.06347
0.650476
5.09255
1.53296
0.367988
8.504
-1.23996
-9.30238
-1.17349
-1.4346
-3.24851
1.01749
-2.35396
1.06892
1.76461
-2.34592
-0.191469
-0.966421
-0.720607
-0.474823
-1.51221
-2.37586
0.543102
-0.377045
-3.2299
-0.788073
-63.8189
-0.769074
-1.20253
-15.082
-20.2181
0.167453
2.16053
-0.435846
1.96902
-0.134464
0.346167
-2.78824
0.65917
-0.917128
2.18076
0.98363
-1.07282
1.51806
0.419906
0.794132
0.241372
-0.196779
-1.23746
0.875796
-0.644326
1.79082
-2.9366
-14.6663
-3.09473
23.7003
-1.16934
-9.34028
-1.16315
-3.05574
-18.507
-2.02617
-8.32723
-0.640302
-0.00952999
47.8758
2.25489
0.0348419
-0.144258
-26.8109
-0.480205
-3.21518
-1.1127
13.0968
1.94853
-1.02413
1.58931
-0.297443
-0.623549
3.82248
0.330232
0.259661
-0.889551
1.83325
-0.390226
250.005
-1.34973
-0.280808
1.19736
-0.0805274
6.01381
2.59436
3.87774
0.0160332
0.113235
7.00477
2.62132
-2.32278
0.494779
0.477727
0.773598
-1.78631
-85.3079
-1.8074
2.2657
2.48811
1.86342
-0.242874
0.583467
-6.44432
1.29038
-0.332164
0.0319553
-0.244772
-4.25989
0.112281
0.589195
0.0767389
0.48192
-1.64915
-0.971092
-0.22527
0.565676
-7.83949
-29.921
-0.382806
-0.260135
0.558512
1.63369
16.1778
-8.41624
-1.17766
25.1584
-2.99982
-3.76447
-2.291
-0.733623
0.244092
2.77076
-1.28084
0.406427
0.377233
8.57498
0.218559
-85.4723
29.3683
1.45556
-2.59917
0.918218
-0.547586
-0.381275
2.19366
-0.656596
-1.20415
-0.208691
1.04279
-0.155217
-0.591057
9.8177
-4.19527
-1.25892
-0.729313
0.558618
-0.829989
-0.214543
1.15442
-0.606196
-2.25815
0.734685
-0.780186
-26.4188
-0.0778071
-0.342955
0.493674
0.882894
-0.0982121
-1.36778
-5.56358
-1.4232
-1.64652
-0.653317
1.26159
4.32184
-0.45242
-39.1334
1.73239
-0.126596
-1.1474
-0.0710656
0.430852
-3.16383
-0.94338
1.88084
0.330049
0.103839
3.33824
1.32955
0.103759
-2.35863
274.974
-0.453695
-0.504522
-0.119212
0.243257
-0.849167
-13.4096
-3.1331
1.9122
5.3064
-3.37912
-0.68009
1.71076
-0.695298
0.11856
2.51523
0.25366
1.09347
-0.586731
-2.35771
3.51799
17.2731
-2.68625
-3.12247
4.89821
0.139159
0.280089
1.00139
-0.831241
-0.250275
1.74713
1.25968
0.649711
-0.00995584
0.578955
-10.2161
-0.531209
0.0752492
5.69495
-1.4281
0.361431
-1.94844
-3.57867
8.92057
0.735298
-17.9335
0.799281
1.23646
-0.977226
1.05151
-0.243464
-1.81996
-2.26391
-0.876693
0.968108
1.06366
-4.47804
-64.235
-2.99304
-0.25364
4.62549
-6.66322
2.58204
3.46038
-0.326431
0.240899
2.37956
0.743472
1.94033
-0.950116
0.374039
-5.41598
-0.408582
2.71763
-0.737837
15.8021
5.58676
0.691603
-0.258239
-1.31127
0.777774
-0.733096
5.35641
-0.134101
10.671
0.760718
0.513502
-11.3143
-1.79018
0.212302
-0.305685
-0.352074
2.17179
0.833997
0.371195
1.25278
-0.567784
0.155053
4.46267
-1.48107
0.492529
-0.131245
0.379174
-0.88805
-1.00526
-9.21094
0.901371
-4.60889
-1.10616
-1.12499
-0.840895
0.108125
-2.53553
-0.86958
-0.388058
-0.60881
0.326732
7.82725
0.109569
2.08746
-0.139267
3.477
-0.0273765
0.157013
1.4809
0.000501757
-0.548569
1.30546
-3.68561
2.63953
-1.90633
1.20541
1.34292
-27.5767
0.0384426
-0.216139
1.41568
-1.99784
-1.13384
1.42194
2.16317
42.1948
3.9167
-2.10025
-0.385399
-3.85431
1.84626
0.430342
0.183559
-1.18277
0.931823
-0.736064
-7.72708
2.56665
3.72291
-0.0974718
-0.702505
1.30617
-1.24815
0.671884
-1.41344
1.26049
0.296276
1.72475
1.29446
0.0451082
-0.999213
0.256487
-0.755481
1.47367
0.528696
-3.31424
0.163311
0.246152
0.0434528
1.11386
-0.577301
2.49996
0.389022
-0.492107
0.404371
-0.888679
-1.72471
-0.195792
-1.1557
10.9287
0.651973
0.616095
-0.589359
-1.6609
0.757861
-0.903722
-2.87295
0.228111
452.524
0.353605
1.06759
0.762426
-0.609755
2.84115
0.351164
0.0413696
-0.234473
6.16568
-2.58641
1.27967
-2.65251
0.304629
0.402274
-0.600675
-0.400307
0.0240426
-3.26034
1.11506
-0.187117
0.206404
0.900174
0.532825
0.665176
1.0498
0.134
-0.809483
-0.179533
3.62966
0.856976
-3.06609
1.17541
-4.32799
-13.2421
0.0730353
0.472506
0.0807306
-1.60884
0.626216
-0.703141
0.0102951
0.0159037
0.961479
-0.141129
1.66279
-1.36226
-35.0046
0.0180234
-0.937152
1.2538
-1.34386
-0.470373
-1.56365
-0.28871
-0.0220741
-0.232829
-1.51974
-2.50001
-0.857399
0.0861371
2.53589
-0.615664
0.91736
-0.226661
-0.0961124
-1.2799
0.169498
0.387368
6.36107
1.5153
0.871931
2.27445
-1.51242
-0.204184
1.99785
-2.83002
0.681224
16.0416
0.423823
-0.786637
0.0339348
3.17489
1.88318
0.762574
-0.336786
-0.821162
-13.1846
0.264981
0.0822467
1.44046
-1.70068
-2.72497
-3.23127
-0.934648
-0.0669158
17.6381
2.2452
0.248457
1.77712
-0.560984
0.281811
-2.35026
0.663379
-1.2084
1.08696
1.46221
-0.108776
-0.217303
-0.703772
-0.0494634
0.128614
2.74881
0.027566
-19.8905
0.153192
0.0338305
-70.1731
-0.523411
9.95218
2.49179
-3.35606
-0.463422
-1.85469
0.0675372
-0.0120548
-0.782989
-4.60861
1.30762
11.388
-0.217389
-1.34178
2.31435
2.56749
0.0838329
1.18195
-0.155313
-1.5234
-0.747514
1.34265
0.923627
-0.585348
0.438176
-0.0614187
-0.445255
1.33989
5.80508
3.30725
-18.124
-0.693636
-0.41844
-1.00298
10.3865
-0.416644
-0.356025
0.957007
-0.533989
-0.672424
-0.85887
-0.759891
0.626041
0.763048
0.912094
0.389152
0.370252
-0.54391
2.54671
0.0916572
-3.84537
0.705932
-0.0679593
10.307
-1.20941
6.26368
-0.706694
0.15682
-0.160038
0.985753
-4.29536
2.89236
0.349604
-2.49045
-0.0511579
-0.689947
0.0618238
1.26509
0.248682
0.136599
1.3262
0.0416278
2.37409
-2.07438
-107.308
-7.35391
0.159226
-1.25344
-0.850694
-0.463263
0.514942
-0.701756
-11.5825
-0.54495
-0.322704
-0.833869
0.202782
-6.19452
-0.0172225
-1.12822
-0.979399
-0.539569
0.694111
0.774162
-0.614298
-0.310791
-0.088493
0.8412
0.923448
0.288141
3.56944
-3.50108
0.0958988
-2.7825
0.462087
-0.716685
0.360632
0.522293
4.67913
-0.987324
-0.209496
-0.243424
0.803483
2.68917
3.31225
-0.542144
1.70616
-0.546722
-26.7675
-4.36245
-1.2091
0.326557
1.06447
2.21908
0.87897
-0.368986
0.65903
1.99
0.0270332
2.50647
0.491581
-0.588642
-0.571104
-0.0273544
-1.11098
0.886498
-0.762837
-4.08545
-2.04029
2.03786
2.78414
-1.10346
24.3502
0.385333
0.618838
-0.801339
-0.175113
2.50158
-1.00393
2.17704
-3.90397
2.14269
-1.35155
-31.2871
0.906344
0.773249
0.236936
-1.95809
1.19642
0.337604
0.985203
-28.4452
0.716623
0.0851319
0.190779
3.96161
-2.90538
-2.19202
1.42347
-0.0638917
0.855567
-0.115924
-3.06035
3.20879
-0.174241
-0.929679
-48.3111
-3.05995
-0.380469
-1.79527
1.47554
-0.7095
0.829366
-0.994219
-0.451301
-0.855752
0.549921
1.00129
5.57213
-0.10096
0.673998
0.0339102
-3.61157
4.57789
-0.182504
-0.906997
-0.207489
1.26709
0.694751
1.89683
0.384661
-0.314447
-0.42565
-0.0706137
-0.635466
0.229862
2.91533
-2.38186
-1.3912
-1.40415
0.611923
0.731665
-0.309399
-55.4539
2.78344
6.43973
-1.25988
0.23536
14.3105
1.0836
-1.09585
0.17362
-8.48625
-0.72176
0.321253
-0.212884
1.23333
-3.14452
2.07686
2.37823
-1.57123
23.6683
0.182974
1.02051
27.5491
-3.11238
-0.248971
-2.02083
-1.63568
-7.43388
1.1455
-4.41319
-1.54595
2.92835
0.356913
1.28402
0.549486
0.187605
-0.398264
-1.1293
1.00229
7.37825
-0.235762
-3.30033
-2.79582
0.92441
-0.0445355
-4.28175
-0.555888
-0.89817
-1.01755
0.187846
-0.592415
12.5109
-0.624707
0.57357
5.66439
56.8469
8.20118
-1.08196
-0.252584
-0.492616
34.0307
-2.13191
0.0441865
-0.458923
-7.22108
-0.139402
0.236114
1.02602
-1.09146
3.00244
-0.234284
-0.170411
3.12976
-0.36515
0.335991
1.41761
0.968114
0.482556
-0.131603
-4.56169
0.840681
-0.264653
-2.86351
-6.96298
2.56417
1.13151
-0.0809307
-0.298971
0.398888
-0.61814
0.350552
0.679564
-0.196869
-3.91306
-1.38678
1.79097
-4.63712
0.965221
55.5596
2.80979
-0.781519
-1.78822
0.432224
-2.07496
-0.814297
4.51023
1.52763
-1.24305
0.514696
0.363128
-0.42342
-1.09076
0.312179
1.41314
-0.778358
0.381808
0.544653
-0.474035
0.100977
1.74346
0.500203
15.8725
0.590208
0.236617
-0.0829157
-1.26097
-2.75962
0.692345
1.54379
0.150607
-1.07806
2.75792
0.38189
1.26353
-0.847356
0.965971
-3.63057
-2.36314
2.59694
-50.3192
4.12177
-0.502515
0.265491
-12.8507
-1.9845
-6.85849
0.0800404
3.29217
1.13026
-1.97907
-0.809814
-0.921621
-1.13617
0.665113
1.82494
0.24078
8.90075
0.621548
1.14049
0.392098
1.45404
-4.01864
-0.932929
-2.76218
-0.195188
0.0327845
1.00624
-0.417504
-2.0315
0.2291
-1.28601
0.420769
-1.07548
-0.181372
-0.965824
-0.596371
-24.3583
-13.8896
2.51612
0.695892
0.527994
-0.0387951
-7.44321
1.6065
-8.57731
-3.01518
1.89104
1.39255
1.11903
-5.39235
1.08442
0.971448
-2.74287
2.05286
0.594139
-1.46633
-0.683095
-0.766821
-0.326756
-0.134815
-3.228
-0.622086
-0.0609819
2.98888
0.855204
1.82868
0.872439
0.466719
-23.4988
-1.46033
3.48528
0.295144
-1.8358
0.285584
48.775
2.27594
-0.577026
0.444018
0.663214
0.00529283
-25.0991
1.16794
-0.688722
-0.615987
-0.196814
5.13233
0.341119
0.0162757
-1.37865
-0.0700869
1.40226
0.0876632
0.681598
-2.45551
0.0870459
-4.94451
-0.586851
0.44933
0.379439
-3.8629
-0.047494
0.988328
-0.0732364
0.588075
0.938712
1.72955
8.86393
0.870987
-1.10489
-3.67777
-0.00977753
3.09863
6.96795
-0.0276299
0.625927
1.21779
-0.504538
-4.55922
-1.25742
-0.123094
-0.223988
0.816986
-0.654878
-0.133842
-1.52711
5.45251
-0.41701
-1.22958
-1.02659
0.673067
2.34329
-1.05821
-0.7518
-0.748855
-17.4011
-1.37411
-1.29757
-0.556203
-0.616318
-0.366211
-0.361034
-1.06904
-0.242535
-1.92939
-3.38512
6.66904
-0.0437386
4.69727
-0.53469
-9.46624
-12.3526
-0.01577
-0.469311
-2.20298
-2.52948
-1.67501
-0.94126
-0.0231607
-0.163392
0.325757
0.746375
0.149045
0.941331
0.0265504
-1.32249
0.275852
-0.621084
-0.211598
-0.380696
-0.0577387
-3.99744
0.214351
0.317509
-4.94615
-0.798514
0.497491
0.0326296
-1.05124
-0.155405
-4.39289
-1.7706
-1.60858
-0.514662
4.31653
0.995976
-1.3402
-0.37397
0.541248
0.224336
-2.82655
-0.545568
-0.489762
-0.959821
-0.683254
0.467922
0.709075
1.53829
-46.4616
-0.710517
0.144049
-1.2582
-0.648857
-0.233069
-0.880877
-1.75506
-5.6327
3.03379
-0.610176
-0.0704077
0.890345
6.26922
0.706901
0.705255
0.291904
0.323224
1.6512
-0.446329
2.21988
15.9965
-0.264858
0.0026913
1.12998
-0.145387
1.70391
-5.52038
1.1249
0.492947
5.36909
-5.55573
0.170396
-0.836813
0.87144
0.763184
-6.35291
-0.830314
3.86406
-1.00442
-1.12857
-0.468791
-0.110791
1.03401
1.35508
1.5377
1.35721
-0.0558201
0.980843
-1.16626
2.53242
0.40847
0.0313833
0.432197
-1.92563
0.643769
1.64536
0.718417
-0.456566
2.6552
-1.90524
0.0761891
-50.619
-0.917218
0.710239
0.351053
0.31006
0.674384
0.702693
4.42659
-0.1213
-0.668012
-0.0748061
-0.366642
1.64715
2.77793
-1.13922
0.189615
-5.16309
2.8553
0.862127
0.665747
0.187317
-3.0037
1.61694
1.67499
0.740788
-2726.03
0.504601
-0.82493
0.292547
0.235795
0.262084
-13.7787
-1.36598
-1.27965
0.852552
0.429825
0.479385
0.901206
0.61291
-0.447878
-3.09643
0.201233
1.90437
0.226797
-0.105267
0.204102
-0.906095
10.8706
-0.813637
0.547296
-2.64919
-1.47744
1.82951
1.02915
1.3282
-0.978045
0.00899424
2.19513
-0.840442
8.42918
-1.2701
-0.562006
0.0780677
-0.535354
0.162998
-0.155095
0.110502
1.36587
3.49667
-2.11068
0.617726
0.739213
0.273283
0.0699353
-0.083995
-1.03543
-0.399941
-5.85636
1.3406
-8.09258
-1.20024
0.90132
-4.22716
-0.791237
2.54521
0.472763
0.0690648
-0.592319
11.0404
-2.01212
8.14058
1.53504
-0.718381
0.648367
0.729947
1.78991
4.3472
0.711637
4.77153
-0.175559
43.4589
-0.479316
1.07192
0.0169072
-0.778234
0.354382
0.717916
-0.653932
28.1383
1.08185
-0.864696
2.33384
60.2256
-1.4726
0.809127
0.769309
-0.177353
0.606528
-1.30936
-1.42045
1.35999
1.96005
0.355233
0.846957
5.71824
-0.893666
-0.401565
-0.294601
1.00317
0.520713
0.537986
0.0742199
1.4655
-0.210915
1.18491
2.11562
1.26918
-0.866519
-2.21766
-0.373246
-0.495331
1.7161
-0.494116
-1.49968
1.80998
-0.344024
-1.99375
6.1526
-4.59279
0.204728
0.153367
-0.739234
-0.655319
2.74038
-0.142988
0.307811
-2.8787
2.97841
0.323875
-2.27327
0.520954
-0.57008
-1.03088
-0.600392
9.48949
-1.26552
1.10654
-1.26831
-1.43124
18.3419
1.43099
0.176544
0.529392
0.502865
1.55496
0.200729
79.5206
-1.41421
0.013467
-0.122242
-0.0101289
-0.681693
-1.77294
0.115268
-0.919307
-2.40203
0.580275
1.62699
3.60952
-5.29007
-0.0536562
0.243639
0.0976601
-23.3629
-1.99493
0.593275
-0.968624
0.715637
-0.6807
-4.49829
54.0824
0.614488
2.02045
-0.0355638
15.6124
-0.568426
-1.29054
-28.8892
-0.492262
-0.165381
0.784081
0.723965
-42.8523
1.37211
-4.28312
-68.8359
0.643446
0.418062
0.742921
-1.39071
-0.101236
-1.39112
2.94993
3.67945
-0.525359
-13.2269
1.11867
-3.83839
0.28354
0.390919
1.23794
-0.101658
0.129201
0.462972
4.34673
0.989897
-0.872269
-0.181572
0.32088
-0.818038
-0.173129
-0.988159
2.16105
0.640191
-0.197522
4.95971
0.814322
4.91878
-7.97296
-0.0802972
0.654774
-0.0708199
5.59789
-1.38599
-3.14969
-0.109699
1.08231
-1.75894
-0.631382
-0.420824
22.2939
2.74449
0.485799
-1.18726
2.93593
0.358032
-0.171388
0.915991
-21.4424
-0.194345
21.1355
-0.0164939
0.349314
0.0840513
-0.789563
-0.385265
-2.88649
3.66396
2.83509
-0.923629
0.0493497
1.72242
-0.44076
0.389955
-1.92383
-1.89779
2.67765
-0.248235
1.4412
1.12598
1.25654
-0.844948
-0.953372
-0.543105
1.14225
-0.213588
0.753919
3.1337
1.33566
0.316182
7.86298
1.56564
0.583509
-0.561687
0.785587
0.553901
-0.919034
2.59458
-0.261985
-0.546717
-1.69555
-0.103383
-1.37939
-0.600387
0.136789
0.730762
1.32683
1.62876
1.31168
0.668914
-0.215347
1.76527
0.827167
15.6427
1.02368
-3.84404
-0.232441
-0.304364
0.113566
1.57268
-0.486484
-0.268644
-0.0286269
-0.891786
-1.25305
0.0714887
-0.427315
1.03204
-0.0294302
-0.158246
0.820981
-2.00826
0.749473
-0.831339
1.04608
0.00757739
0.27422
10.1662
-1.00726
-0.343882
0.245979
-0.0745905
-0.946912
-2.13828
-0.297756
-15.8493
-0.300987
1.66562
4.02239
-0.196467
-0.524328
0.742793
-0.577227
-1.15873
1.15947
-0.692146
0.461141
0.104769
-1.12894
0.951107
0.0102693
-2.33531
4.08802
-37.5214
-0.979261
-0.377524
-0.0994551
-1.61837
1.7843
-1.3259
1.88664
2.1127
-0.591804
3.16652
0.742159
1.08912
-2.19288
-0.317909
1.49169
0.857219
-2.81371
-0.858693
-3.07445
0.877196
0.0824053
-0.790599
-8.93282
-0.537059
1.62343
1.89565
3.21205
-0.239998
-0.293068
-29.4332
0.611687
0.53019
1.77855
0.279181
-3.15463
0.298318
-0.0377759
6.02774
-2.85286
-1.59736
0.409599
2.04086
13.8599
1.90845
0.238709
-0.353592
1.40629
0.0554484
-1.05072
-1.07843
-1.13757
2.59232
-0.497912
0.0661323
0.40123
0.843544
0.456501
1.49477
2.19642
2.163
-10.7955
2.26015
0.138803
0.197923
0.874608
4.72387
-0.275593
-8.46148
-0.356737
1.02994
4.04009
-2.082
-3.38785
-0.170871
1.31492
-1.33317
0.161582
0.0834291
1.00464
1.67703
-15.1021
-1.6166
-8.48061
-2.10645
7.8885
0.401045
0.0302528
-4.1712
45.548
1.78871
-0.702546
0.145264
1.75702
-1.09012
4.73698
1.95402
0.974833
-0.344736
-1.59998
4.66908
0.585542
-2.06754
3.03118
-0.35046
0.0772195
-3.17201
2.41244
-0.254058
0.245036
-1.25711
3.3033
-0.538846
-0.247143
1.46047
-0.93402
6.70542
1.04256
-1.33607
-7.76003
-0.641595
-1.78517
0.764228
0.0501276
0.977713
-0.366639
1.38396
-1.49424
0.157189
0.0335268
-0.491531
-5.38487
-0.860154
-0.141606
-0.680785
-0.468335
-2.7832
1.99708
1.70166
1.86563
0.485387
-0.272803
-3.28686
1.80336
-0.105597
-2.45944
0.367574
-4.23464
0.886939
11.2351
0.634785
-1.37193
3.17991
-0.171726
-0.342172
1.08567
0.764227
1.5967
-0.0362618
-7.50127
0.409689
7.72831
175.734
0.340585
1.09922
0.147891
8.03105
0.94511
23.4728
0.303322
-0.593299
-0.403331
1.64917
-0.694999
-0.02974
-0.725525
-0.916329
0.458708
0.787665
24.5015
-0.675221
-2.22126
29.6558
0.0562329
-0.19212
0.129263
-0.0334882
-0.38319
-0.249835
0.590444
0.561902
9.02722
-0.201916
0.688222
-0.647755
0.364043
0.169189
2.05457
0.628601
-21.298
0.252
-1.88373
3.26015
-0.72649
-0.0910828
0.032221
1.30241
-1.59311
2.6363
-0.367404
0.0118753
2.64742
-1.56406
-3.35468
3.63315
0.0461966
-2.53493
0.298893
2.38023
1.60119
1.6495
-3.65948
1.02306
0.745464
-1.10794
-1.01725
-0.708477
-0.62359
-0.95214
0.0768424
0.899843
-0.40687
0.734688
0.52027
-1.16155
-0.601604
-0.0232573
-3.05833
10.685
0.591061
-1.28019
-1.50753
-0.551408
-0.0408374
0.169844
0.0135987
-0.699115
-0.199347
1.6083
0.40125
-0.0113249
-1.56907
-3.54043
4.5598
-0.969132
-1.16923
2.29815
3.03679
0.52406
-0.445941
0.169159
-2.87712
-67.3803
-0.316669
-0.706801
1.25461
0.243649
2.20287
5.70166
0.578143
0.322094
1.05974
0.37829
0.199681
1.7768
11.4799
-0.362227
-1.40958
0.707313
-1.8772
-0.764009
-0.951805
-0.0799547
0.577056
2.54348
1.18502
0.394765
7.34237
-0.714348
1.71621
-0.230306
1.7969
0.480984
0.684091
1.42934
1.38248
0.978872
49.0575
0.383239
-10.4595
-11.2486
-0.121784
2.46176
-2.08755
-0.621669
0.0887238
-0.434534
-1.33538
-1.04967
-0.465683
1.55598
1.22027
-0.322585
-5.65282
-0.566412
-0.896481
-0.270194
-0.989596
-0.249709
-0.170444
0.0477186
5.59437
-1.78536
-3.7404
0.588081
-1.07001
-1.14047
8.50733
-0.823444
-4.45065
-7.19394
0.35957
0.031363
3.42295
-0.599757
-0.856712
-3.9747
-0.177017
3.2418
-1.89704
-0.0613233
0.0639322
0.369021
-2.00051
5.23455
0.667547
6.87208
0.61363
31.6796
1.23416
-0.67161
11.775
0.533578
0.749277
-1.41482
0.48036
1.06519
2.2855
94.8486
-1.019
0.338942
3.14069
0.225952
-11.4729
-0.441996
-3.98437
-0.391328
-5.23193
3.02775
-4.9515
-20.9397
-1.42609
0.187738
-0.112352
34.105
1.06933
8.96567
-0.831034
0.640286
6.32197
1.2388
1.05318
3.62082
-1.76973
-2.8697
3.05965
-0.211405
-0.274148
0.210004
0.137634
1.27769
0.793623
0.502924
-9.06018
-2.46858
0.0219013
-3.36584
1.00055
-6.35273
-0.153825
-1.34597
0.350806
2.38742
0.57871
0.267243
0.205716
-1.03656
-0.96354
-3.43372
-0.173046
-77.2639
-1.05591
237.367
-0.100128
0.922247
1.5366
-102.152
-29.1986
1.13292
-0.412691
-0.95507
0.309099
2.25293
-1.09187
1.0126
0.947989
1.60853
0.596453
0.52873
0.322458
0.164584
-0.834414
-0.737861
-3.14811
-0.263529
5.22247
-0.472148
-1.117
0.616414
0.529381
-14.0778
2.43467
-1.14091
0.116355
-0.537064
-0.138544
0.187585
0.673851
-0.398353
0.412027
-1.08281
-1.96216
2.83554
-1.13387
-2.71723
1.18589
0.861461
3.58475
-2.71916
-4.27995
-6.09366
-2.44869
-0.155047
-0.440928
13.2857
9.6951
1.14787
-3.49021
0.122737
-1.22024
0.693534
0.0722024
-5.23017
-3.37454
-2.80879
0.380767
1.39414
0.406829
-4.45306
-2.79546
-0.108352
-13.7733
-1.72391
0.0730203
-0.045817
-1.3718
-0.721121
-0.938684
0.204504
-0.949265
0.242942
-0.87381
-1.76076
5.65662
-1.62859
5.43714
-6.0633
2.04293
-0.229428
-1.1214
0.486109
-0.280908
-0.257806
-1.32304
10.7729
-0.390359
-2.48984
0.71968
-12.2244
-0.283605
-0.68921
-0.729146
-0.541887
-0.354866
-1.72552
-5.33986
0.0751629
-0.149655
3.00368
-0.548646
-0.189167
2.5724
-0.132165
0.00867223
-0.32481
-3.96809
0.613939
9.52303
0.476237
0.218082
0.206119
2.8614
0.0609119
0.777372
0.543932
1.56315
-2.36751
-0.439681
0.241449
1.03902
-1.96609
-2.13865
-29.9452
0.13205
-0.218705
-0.820553
-1.81038
0.108749
0.312084
0.164687
5.9317
2.07961
1.44885
26.6958
2.8597
-3.02879
-0.0402571
0.363415
-8.30611
0.745174
3.20083
-0.0255973
-0.221362
0.9771
1.3387
0.217617
0.00205089
-0.432403
2.71736
-17.7556
1.14581
1.1013
-0.0746878
-5.94752
3.73569
-2.28828
0.587693
-0.245031
-21.3932
8.15584
-0.0230908
0.366578
1.77175
0.36434
-12.5097
2.18674
0.0758908
-47.2153
0.894458
1.39338
-0.167065
-0.794287
0.585522
2.80223
0.470627
1.16368
-0.985317
3.45376
3.262
0.504074
1.14288
1.50186
-0.243597
-0.569968
5.36968
9.40457
-1.55063
0.0769428
8.23389
2.60596
0.728199
3.23244
-0.00477439
-1.14457
-0.511714
0.0395079
3.03966
-0.76379
2.13153
1.5179
0.211268
0.914196
0.746388
0.497726
-9.82886
-8.33898
-1.38986
-0.601668
-0.727594
-7.55638
-0.482983
-0.474421
0.904105
2.40896
-0.815433
-0.397348
-1.31361
-2.70346
-0.281804
-1.87039
4.03578
-29.1127
-2.77923
-0.843932
-1.90109
0.720983
0.116926
0.590211
0.0287745
0.22272
-8.01978
-1.71458
0.853909
-0.84734
-0.218192
-0.0511408
0.803607
-19.2001
4.50556
4.33873
2.5495
0.547449
-0.467754
-1.77056
-1.33084
-0.826225
1.44541
-0.164517
1.73599
-0.0135636
0.75612
1.03379
0.0675388
14.1838
-0.0718169
0.569903
-1.0224
3.38515
-2.95543
1.5194
0.839798
-1.32743
0.989232
1.23695
6.28636
-1.41452
-2.33236
-0.181141
0.113155
-0.137712
1.46553
-2.66347
12.3544
2.42123
-0.701098
0.738886
-1.0864
-1.56948
-4.45338
-0.768253
1.4948
-0.175492
0.684158
-0.78622
-1.00237
-1.6994
-7.47513
-1.13593
1.23155
-0.924825
-1.77332
-10.7396
-7.38053
-0.926975
23.2586
0.435142
-0.767481
-0.483324
-0.845104
1.50024
0.363649
-2.37478
1.06102
0.789882
-0.320046
-0.0746722
-2.14906
-0.1856
6.75572
-0.205442
0.245186
-3.20178
-3.42119
-1.60319
0.725288
2.64777
-1.20872
-2.9542
0.0904642
2.00512
0.909356
-3.30503
-0.533143
-40.548
1.18761
0.639077
3.02126
8.1117
27.0273
2.34729
2.5513
-4.33222
-0.377548
0.252465
-0.0382944
1.41683
1.58159
1.56694
-1.62483
-0.237031
-1.68061
2.1819
0.472208
3.13264
-1.22947
1.75693
18.528
-1.40721
-4.04531
1.87731
-1.62569
0.437084
0.681121
2.00682
-0.207547
-0.896022
-0.534159
-0.318366
-2.95508
4.11475
-0.613434
-4.98391
0.102634
-2.16608
3.27573
-0.130144
-0.100037
-0.735239
-1.78295
1.45058
-1.97413
-0.373593
1.51955
87.7227
1.31088
1.15552
-1.90367
1.08885
2.43857
0.0513564
-0.0430447
1.68675
0.564611
-0.0461637
-3.38234
3.43028
0.572485
-10.9692
4.5844
0.543506
8.35482
-0.703325
-0.16032
-0.247231
-0.513922
0.733068
1.01185
-0.564209
0.183204
-0.767364
16.418
1.97081
-1.34068
-1.43889
2.5194
-0.723011
0.160171
-0.698859
-1.2548
4.99084
-28.5469
-2.86988
0.334468
-0.401373
-7.83742
1.97448
1.3632
0.0714347
1.70339
7.20431
1.03681
0.287032
1.11649
0.977823
0.605571
-2.0449
-1.74381
-0.606658
-0.164016
0.0892345
-0.444883
0.550215
1.68233
0.174742
0.0631125
-3.31451
-0.19616
0.748454
1.36199
-0.292988
-1.03838
6.28415
2.23774
21.1974
1.04765
-0.563424
-0.555621
-0.0108191
-0.133305
0.977886
0.785951
-0.113254
2.67263
0.684814
7.99458
-0.0923365
-0.33478
3.99904
0.896725
-5.23512
0.453153
0.664082
4.55926
-0.556494
1.40895
-0.379859
-0.801858
-64.4616
-0.0483067
1.53722
-0.341979
2.05645
-0.413451
0.0369747
-0.187195
0.452479
7.65587
-2.80827
-1.45497
-1.25333
-0.390021
0.187634
2.53097
0.462773
-77.9167
0.822403
-1.58959
1.26233
2.58776
-1.06911
0.403376
-1.7085
-5.49651
1.16215
-1.88176
10.5728
2.71953
-2.85491
0.304553
-0.406585
1.93317
-1.82224
-2.7678
0.73635
-2.28341
0.803936
-0.231053
-1.17461
-0.1646
0.536346
-1.36368
0.573201
1.14315
61.562
0.0612919
0.625312
-0.558961
5.32223
7.53068
1.19959
-1.30456
-0.310089
2.54892
-0.414187
-38.7726
0.965817
-1.07474
0.348183
2.65644
0.6738
0.751226
-0.111169
-2.57907
30.4282
1.37231
4.73722
-0.179975
-2.65653
-0.129335
0.158281
-0.941854
1.1756
-4.23057
1.61341
1.07029
0.789877
0.677422
-0.737526
0.0184796
2.31891
-0.64166
0.772184
-1.10247
4.15609
-0.020147
-0.988262
0.2253
1.22882
-9.02576
0.570068
0.836869
26.6274
0.868898
-36.5721
-0.489056
8.11158
-1.25749
-2.12261
-2.15014
-2.04629
-0.179555
0.686919
-0.510985
2.66192
-4.84124
1.76642
0.951556
-0.524158
0.735956
-2.1076
1.97498
-1.87443
-0.17622
-0.0811566
-0.898495
-0.144186
0.295892
12.9379
-0.270073
0.778013
0.131899
0.0995921
-6.87432
-0.243644
-0.488955
-1.80978
-50.4605
-1.58198
0.319832
-1.74858
-0.026175
-0.570126
0.873919
0.575377
-0.515737
0.261992
-0.186546
-1.4211
-0.262243
-7.87639
-0.0224008
5.19233
-1.40409
-0.154236
-1.41118
1.49275
-0.150034
0.188834
-1.02962
-1.12559
1.98392
20.3645
0.357353
-2.97119
-1.12766
-3.73613
-0.453825
-0.687615
3.99426
-0.60924
-0.147382
1.03246
-0.0195705
0.525834
-27.7196
0.939081
0.116072
15.7121
-0.2103
0.955374
-0.957682
0.0980557
1.32861
-0.368713
-1.50849
0.409394
-1.14046
-2.36409
0.423354
-0.995047
-0.87811
-1.74445
0.186847
-0.785116
-0.458206
1.34857
-0.43192
-0.430912
0.19407
0.650199
-0.261092
65.5251
-2.51083
-0.342663
-0.186413
-0.443579
-3.38105
0.267788
-0.602341
0.750878
-3.91829
-2.20281
-3.28707
-3.70238
0.28857
3.77044
0.76641
2.81542
0.423681
5.69148
-0.480059
-0.681645
0.247602
-0.825177
-1.5915
-0.109503
1.02001
-5.47367
1.86382
0.181431
0.37038
-3.2733
3.00377
0.473478
33.1485
2.77066
1.01485
-0.364284
-0.286766
-6.14207
-2.24548
3.19151
69.7485
-0.988097
2.43226
1.24023
0.203797
-2.25858
0.28811
-0.722376
-1.91841
-1.33215
0.078723
0.353283
-1.62857
-1.69071
-4.49003
-0.503219
-0.873938
12.0423
0.639691
8.8514
4.20633
-3.42305
-0.310149
-2.72831
-0.349644
-0.0812698
16.3336
0.214747
2.63935
-0.839526
0.607562
-0.0954141
0.419928
0.642487
-0.0858394
1.13892
0.219048
0.493107
1.24811
2.10629
-0.0988373
0.59589
-3.60271
-0.881519
1.53799
-0.314851
0.459083
1.49559
11.4012
-0.14204
-0.731816
1.31524
-0.615852
-0.551274
-0.533949
-0.123628
0.320227
0.063331
-0.462105
-0.565732
-0.354392
-0.772766
-1.36588
-4.18689
0.413212
0.15883
1.56661
-10.7443
-0.589071
-2.00467
-1.80627
-2.99055
34.2244
0.973016
-5.69637
-0.930692
12.0684
-1.08099
0.592057
0.516096
1.30363
0.0450643
3.25176
0.421028
-9.64189
-0.585387
-0.620687
-0.399365
-2.9743
-0.951545
0.0584673
-0.0301733
-0.0563657
0.318273
0.0398586
0.714908
1.37108
-0.410023
1.06344
0.420539
-1.71324
-1.61714
-0.00604736
-0.287846
-0.153192
-1.1277
0.314107
0.0661578
0.0595257
-0.901299
-0.0491539
1.89855
1.87785
0.036014
0.989761
0.902155
-0.914596
0.413732
0.599065
-2.62291
1.04849
-0.10643
27.8353
-0.00168582
-0.0669745
-0.0171773
-5.56841
-0.679198
-1.04723
-15.871
-0.433073
0.816644
-0.0258981
0.552525
-0.11643
-15.0956
1.0436
1.23716
0.308119
-0.698145
0.42589
0.158278
0.35357
0.217274
1.81312
-2.20832
-0.565538
0.29598
1.26941
0.00889569
1.36301
-0.611099
-2.2042
-0.447709
-1.21265
-1.18643
8.4559
-0.288894
-4.00431
0.897257
2.61498
5.29735
-2.20095
0.145251
0.611415
-2.23611
-0.129979
1.1927
15.5424
0.276048
-1.19578
2.47058
0.585043
0.0538731
2.87419
-1.09659
0.463567
-1.08844
-0.325932
5.86007
0.241193
-2.41343
1.06353
3.31875
-0.677676
0.803546
1.67551
-0.179822
-0.240665
-0.357207
21.9192
0.12345
-1.35621
-0.0509945
5.57367
0.699074
-4.42316
-0.714188
-1.80287
0.912125
-7.87995
-1.42086
0.827668
1.70276
-1.46045
3.94075
0.236111
7.94655
1.71512
-3.36896
-377.336
0.76171
-2.42073
-1.38563
-0.125637
1.22388
3.87866
0.924579
2.198
-0.313572
0.871739
-5.63407
-0.883143
-1.54826
-1.29994
-1.17173
-3.02504
-1.12759
6.69261
1.06681
1.22945
-1.54656
-0.614866
1.26778
0.794033
0.427529
-0.755086
0.229791
-1.50833
-0.153378
0.293946
-2.5017
-0.559401
0.427293
2.63345
-0.0659861
1.31373
-0.287261
0.110974
-0.351292
-1.40181
-1.69701
0.144132
2.3717
-0.290061
4.23726
-0.816885
-0.00549526
1.23238
-0.789641
-2.71816
2.12639
1.87267
0.264568
-5.50032
3.47964
0.658296
-0.0379198
-55.1785
6.93311
7.19814
-2.54044
-2.20306
0.0167511
-6.95791
-1.85163
1.12969
0.357934
-0.0182388
0.55351
1.97453
-5.39789
-0.902889
2.53953
-1.29968
-0.182895
0.75987
-0.209986
1.32664
-6.3154
-7.32057
0.331723
5.88433
-0.0818596
-0.9865
-1.53037
-0.68846
-0.181583
-0.995977
-6.0004
-1.40092
-0.593701
-1.85579
0.693793
-1.77001
-0.281604
-0.59604
0.478255
-0.208818
-6.896
0.244446
-0.027092
-0.767695
0.655011
-1.88904
-1.07711
-0.327349
0.777815
1.9355
0.664741
-0.148494
-0.909173
-0.695603
0.189188
-1.63622
0.0157758
1.9256
0.300842
0.813529
0.989815
-1.84945
0.0267079
-6.38516
-0.17016
0.581615
-0.150693
-0.97566
1.04444
0.137059
0.528963
-0.711951
-23.2877
-1.25685
-0.808406
0.794852
0.995748
0.131472
0.890217
1.15964
-20.3436
-1.6239
-0.188128
3.79891
-1.76316
0.219084
-3.02079
18.8122
19.1239
-0.459914
-1.2746
-30.9696
1.54381
-7.22643
-0.229234
0.31372
-0.822098
-1.67588
-0.649605
1.58349
-0.81953
0.257246
0.180503
-0.166258
0.00212565
-0.726927
0.538751
4.84967
-1.65859
24.7549
-55.559
-6.38928
0.448599
2.24926
-2.50686
0.349635
1.93825
-0.531561
0.179773
-0.296228
-0.850301
0.359121
-1.55883
-0.76591
1.88035
-4.21731
-1.35338
0.563241
-4.86753
-0.0605021
1.13353
0.402521
0.0612445
-0.215454
2.49528
-0.885892
0.0438012
-0.91415
-12.5436
0.100108
0.71641
1.90327
5.56112
1.9383
-0.414105
-3.24551
-2.30264
11.4534
-0.384048
-0.317656
1.97736
0.223275
0.0789532
0.504675
-0.858434
0.604252
-3.62609
-2.09439
-0.492546
-0.281013
-1.55451
-1.56683
-9.08722
0.117785
1.18385
-0.598156
-5.81487
-0.138418
0.581234
-1.5315
-0.0452142
18.1026
3.4795
-0.58327
0.475626
0.250848
-0.176541
6.15444
-0.223473
0.158057
-6.30771
-0.815996
0.912161
0.437397
0.99655
0.241525
-0.640745
6.05761
-0.381157
0.593227
-7.7517
-0.191634
1.49176
0.559354
-3.49888
-0.715177
5.3868
0.823425
3.67957
1.74511
1.03644
0.695983
0.692172
0.26518
-0.390201
0.616365
-5.11732
2.21529
-0.679338
-0.280201
-2.30313
-0.166181
1.70905
-0.731617
0.747844
-3.61225
-0.815352
0.583927
85.6682
-0.377346
0.0643218
4.02149
-0.242426
-3.81646
-2.14956
-0.891604
-2.49366
-0.0827578
0.515354
-9.65397
-2.16879
-15.555
-1.66134
1.2157
-0.990699
0.0798371
27.51
-3.55617
4.56817
-2.22638
1.03244
4.03482
-0.0960385
0.374075
0.405959
0.183761
-0.392182
-1.2241
-1.46881
-5.21899
0.263602
-0.273538
0.064762
0.383287
1.13576
1.97561
-1.21622
-1.175
-2.30924
-0.225161
-0.659339
-0.0873668
2.26679
0.397419
0.198824
-0.0269861
-15.7367
10.8215
-0.978448
0.0838127
0.52965
-0.0298123
0.197727
-0.147403
0.134517
-0.715923
-4.40934
0.529944
0.325908
24.248
2.3894
-0.308185
6.60448
0.222874
-0.508758
-0.145877
-1.03478
-0.915319
0.369978
0.0722587
-0.540761
-0.123587
0.0326745
-2.80771
4.15398
0.97018
0.762824
-4.75085
676.255
-9.09363
-12.4802
0.224413
0.825108
0.385771
2.88453
-1.6126
0.51354
0.176425
0.0695848
0.212801
-28.1376
1.92246
-0.193246
-0.933447
6.36839
-0.00169229
-0.608412
0.0141725
0.536995
-0.914446
11.4642
0.155905
-0.621529
-0.905
6.31539
0.866434
-0.616547
0.587391
-8.30135
0.887155
1.61494
0.752702
-0.542493
-1.38183
695.753
0.553104
-0.590021
0.34967
2.38976
3.13937
0.339816
-0.294319
3.04652
1.11429
0.962905
2.81582
2.37405
0.808668
-1.77586
30.0528
-0.0338283
-2.22488
-0.0397939
-2.6302
-2.00341
-1.85795
-0.942806
-1.43304
0.900664
3.87378
0.909228
1.03732
-1.3981
1.3036
0.652855
-2.56687
1.34996
-0.209085
-0.222878
5.15764
-2.08579
-0.671551
17.8331
0.907564
0.672668
0.651399
140.363
9.41416
0.684596
1.05517
-0.633719
0.0125489
0.631057
0.721978
-14.4214
-4.50367
1.67637
-0.0785209
-2.60577
-2.41474
-1.06696
0.935082
0.468195
-3.06483
0.20323
0.229323
-0.370076
-2.41676
-0.817798
12.2736
-0.402089
0.557558
2.32106
-0.58064
-0.566467
6.49906
1.25088
1.55486
-0.788963
-1.20383
4.69585
-3.14661
-0.28665
0.309926
1.41278
0.133997
4.00659
0.336729
0.31619
-0.748032
1.05466
-1.06177
0.309233
-0.758236
-1.91204
0.430205
-1.00312
-0.433948
1.60369
-0.93781
-0.480054
-0.605291
4.63917
-2.04911
-5.33108
2.65792
0.220825
-3.53831
-5.17015
0.662836
0.0239102
0.193955
0.563194
5.91833
1.54532
-6.89977
0.3759
1.88687
0.304046
0.192668
0.658408
0.0393791
-0.990411
2.23672
-0.465086
7.83479
0.713469
1.00224
0.526272
-1.82743
0.378189
-0.324219
6.24871
0.855643
0.0959689
2.74255
-0.639661
-49.6075
0.117816
0.449436
-0.168389
7.12018
-0.202529
0.664144
5.09003
1.21093
-2.75882
4.10232
-0.226909
1.20009
-6.70232
-0.941414
-0.654762
-0.162558
1.9094
0.061546
-0.912104
-3.70693
-0.945623
1.23477
-0.0151884
-5.19994
1.77499
-3.03429
0.633925
0.353117
-0.353252
-2.45427
-1.09632
-0.54347
3.29673
0.816803
0.563126
-4.63446
0.876726
-1.16639
0.330671
0.968601
4.03096
-0.949213
-1.23697
0.465166
0.765955
4.54082
-0.810849
-1.83085
0.117543
0.188695
0.4601
0.124364
1.93297
-0.268897
-2.75457
0.0534826
-2.93874
-0.0478333
0.528864
0.769373
-0.236558
-1.30962
0.780263
-0.378512
-0.00980324
0.844582
-0.0414537
-1.05349
0.702302
6.36103
1.35396
1.68318
-0.53973
-0.649616
3.56299
-2.69336
-0.284239
-0.108353
6.83944
-1.5207
-0.479263
-2.14425
-32.1537
0.268002
-0.851699
0.819156
-2.68195
-0.169416
-0.652069
-0.291179
2.08004
-0.249188
1.63142
1.8801
-0.226854
-0.525562
0.316107
0.194386
-0.479493
-0.614062
-0.152435
-0.323365
5.2646
-0.34645
-2.68799
-0.20987
6.2012
-1.65772
0.293794
-0.55574
-0.724875
0.244759
-3.03009
-0.482916
-170.167
-0.123406
-1.09589
-3.86018
-0.75121
0.218834
4.96684
-0.500635
0.0978431
0.0527257
0.206627
1.8343
1.01038
-0.380512
3.08525
0.914734
-0.306231
1.0168
1.22827
0.130371
-0.126326
-0.660938
0.0555534
1.5286
-0.878565
-0.922616
-3.23992
-0.895174
1.72073
-11.678
-0.237498
-7.22862
2.27159
-0.60663
2.49251
-8.79879
2.70376
0.859698
-0.41221
-0.212775
-0.622178
0.0973398
0.591133
-0.245479
-0.368208
-9.78447
-4.25211
0.65488
0.44641
0.385137
2.45507
2.42116
-1.14511
0.42822
-36.1763
-0.309194
4.52112
-0.51816
4.44123
-0.208503
-0.24847
0.137223
-4.25543
-0.308659
-1.5773
0.690932
0.083149
7.10464
9.21404
-5.70831
-0.928686
-2.13752
0.100143
1.02546
3.90278
-1.38255
-9.27187
4.65007
-0.749939
-0.50535
-1.00891
-0.0697626
-2.95789
-0.0609157
0.572147
-0.997936
0.273154
-0.399616
-1.15915
-0.519742
3.63545
1.18815
-1.51988
1.18901
3.38861
0.665274
-1.78804
1.00628
-0.648195
-0.145898
1.15641
0.472209
0.379864
-1.55738
-0.0453899
-0.733864
-0.197708
5.02056
0.500145
-0.776998
0.260469
1.31576
-0.851548
4.08386
0.168074
-1.21782
0.350349
0.105303
-1.18812
-2.40997
0.402218
1.00689
-0.117708
-0.87897
3.16008
-0.629772
0.0663903
-3.2773
4.87424
3.76972
-4.89114
9.29882
-1.83748
-0.375896
-0.722303
-0.480959
4.46197
0.722507
0.280884
-0.632137
-8.93363
-1.42441
0.441649
-0.308998
-2.36548
8.02135
0.916878
-0.545762
-1.06711
-0.258244
-6.2147
4.82211
0.408594
0.375368
0.383562
0.0373087
0.500474
-0.135425
1.18668
6.27813
-1.19684
1.82136
0.353011
1.07921
-0.882621
0.389609
4.88624
-0.230956
1.22182
-0.685999
-1.46488
2.5614
-0.007574
-1.46062
1.08445
2.55351
-2.77578
0.575145
1.47766
2.11139
2.82074
1.94668
-0.788342
5.66089
1.31684
-0.471557
-1.22278
-10.1676
-1.62943
-0.70534
-216.411
1.67563
-0.496599
-0.577303
-26.106
-0.331815
-5.19576
-2.22526
-8.12208
2.31478
-0.00811145
6.28395
-0.0381023
1.88537
0.503683
-1.00974
-0.475618
-0.116487
2.07524
1.79788
-1.48709
3.81296
-0.030609
-1.77569
0.144237
0.878036
1.41604
0.0205669
-151.073
-0.512767
-0.356437
3.73012
0.547108
0.528473
-0.611254
-2.19293
1.99425
0.047281
-0.35746
0.757836
-0.819791
1.69618
-0.327494
6.3987
6.96687
-0.322578
-0.400335
-2.21373
-0.325196
8.95559
-0.148559
-0.512391
-12.2011
-0.777087
-0.0391873
-0.0529981
-0.193001
-2.16919
-4.3979
-0.385264
-0.232703
7.56428
-0.628228
0.0312827
-4.6023
-1.44739
1.78159
1.26988
6.74107
0.0658865
1.38725
1.14068
-0.170116
-0.57427
-1.92996
-2.68951
2.13141
0.205342
-0.427931
-0.523946
1.20248
0.0792811
0.55923
0.826331
86.9883
-0.275621
-0.219391
-2.30501
-1.70556
-0.724967
0.370545
0.116189
39.7211
-0.673772
-0.0685627
1.18697
6.94206
-0.714633
0.116125
2.49017
0.0295738
0.187607
-1.09368
1.20464
0.881453
0.576652
-4.30329
0.794026
1.03922
1.06065
-0.991841
-1.71498
-0.883176
0.150794
63.0896
0.285693
-1.49106
2.23128
1.12595
-1.25727
-2.02808
-6.70208
1.2303
0.359422
-4.46796
0.292172
-0.0424713
2.97964
-0.669899
0.446196
-0.0913864
-0.686847
-0.84426
-13.0473
-0.529514
3.63199
0.398066
2.31394
0.174789
59.9028
-1.13324
-1.67426
-0.747977
1.7077
-2.06354
-1.35503
-0.429198
19.4325
-3.06302
-0.675777
1.46189
1.10449
-3.04294
0.171214
-3.26628
1.74504
0.198374
1.67896
0.546379
-1.77264
2.20835
1.03564
1.18963
41.7519
0.416054
-1.53627
0.557284
0.00711632
0.018149
-0.346065
2.32337
-0.26866
-10.3916
-1.62371
-7.07525
0.407111
1.9381
-2.54696
0.542309
1.18703
-7.48805
0.195958
1.34402
-6.47323
2.99076
-436.798
19.3488
2.32699
-3.34676
1.42225
1.12582
-0.807313
-0.437562
-3.92534
0.167781
-1.50551
13.0059
-0.201767
1.17717
0.211239
-9.97274
0.428445
-1.61248
-0.224665
8.36304
-0.0837924
-1.29007
0.88687
0.106761
0.210192
-0.03258
0.638648
1.89364
2.09834
-3.22299
-1.88604
0.827317
0.267048
4.6974
0.424132
-0.279588
0.874337
2.20442
-1.31361
-0.409209
-0.095089
1.1587
-0.885278
1.21591
0.0952256
0.612031
0.209311
-0.55104
0.550494
-0.467146
-28.59
1.03219
-0.338886
-0.79315
1.02054
1.86604
-11.135
1.43454
-0.817228
2.84395
1.91196
-1.09465
-1.03956
21.3576
-0.746192
-4.10439
3.10103
4.26555
0.590124
-0.873153
0.0229626
-0.47167
-0.149756
-0.814141
2.50682
1.80791
0.270759
1.37894
0.227449
-3.16088
-3.90758
5.38645
0.399642
-0.545819
-0.321133
2.83038
1.63023
0.934143
1.42341
-0.0132387
0.249425
-1.14215
-0.419909
-0.544474
1.48008
0.362918
0.166225
18.9058
-1.42837
0.141626
0.209964
-4.95995
-0.189167
-0.00631371
-1.61595
-0.137768
0.267135
-0.135936
-1.0563
2.92717
-1.7012
1.02956
-1.42426
0.832469
0.430244
0.226658
-2.17386
0.0053208
-5.39105
2.20291
-0.707548
-0.88459
-9.97558
3.47781
-0.40547
-2.77258
20.3468
0.589647
-0.719492
-1.31247
-4.24298
0.684292
4.57621
0.576043
0.115913
-0.616441
-0.417924
-0.684398
-2.56684
-7.1354
1.75855
0.0374869
1.56801
6.43967
-4.64118
0.4232
1.73987
-0.910967
-0.388939
0.334664
1.39137
0.187883
1.66585
-0.139617
4.5127
-0.0774363
-2.05332
11.5765
0.979646
0.682881
1.00878
-0.891474
-0.215285
1.67519
-0.137794
0.0752093
2.02763
-5.97808
-1.05814
0.498952
-0.166815
0.414907
2.80511
-5.35467
-0.318549
7.01039
0.7082
11.0189
-0.85053
-3.77627
0.314955
-0.064692
-0.5621
2.70193
0.865316
-12.471
1.86971
-4.19363
-1.44699
0.16667
0.337857
-2.22279
-1.77204
-0.215447
-1.51118
0.385708
2.21576
1.02636
-0.231071
-1.96183
2.19223
-3.51536
2.22765
0.6206
-0.454076
-22.7558
2.22439
0.0214553
-64.8888
-1.8506
-0.00730755
1.74268
408.669
0.672082
44.5132
0.0754531
-0.333557
2.09802
0.227021
-0.812908
-0.1947
-0.629371
-1.415
-5.29345
0.540698
-0.443492
-12.1847
0.271183
0.758739
0.871209
-0.037171
0.641944
-3.41742
0.256753
0.0613228
8.77741
-1.17727
0.0852412
-0.382376
-0.333019
0.66597
-4.39007
0.846798
-0.35968
-0.50899
-0.980351
0.994203
1.449
1.53319
-49.0278
-0.895
-2.22165
57.4783
0.764017
-0.775386
1.60526
-1.1283
-42.0669
0.316259
-0.575811
-6.54204
-0.0928134
-1.43266
-0.372735
0.953676
0.0663824
0.500662
5.12333
-0.47438
0.0365298
-0.399845
24.7681
7.09143
0.491056
-0.0691789
0.685845
1.37741
-0.243812
-1.05907
-4.60111
-1.07061
1.02073
1.07505
1.26642
-2.50604
0.0864872
0.0430195
-0.582379
0.202957
0.722453
-1.59778
0.168403
-1.04137
0.199006
7.0639
-1.05071
-2.00405
1.38771
0.275318
1.66574
1.58359
-6.65743
1.44816
-0.753531
0.791205
0.743948
1.25826
-1.63693
-1.44564
2.68747
34.7343
0.0556212
1.57215
8.23454
-9.54385
0.713735
0.321637
-2.8637
0.0783961
0.54036
-0.0172476
-2.08648
-0.180225
0.194928
-0.0562588
2.27361
2.54595
-0.67294
0.139164
2.73377
-1.37933
0.726486
0.382995
-0.746984
2.46885
-1.32681
-1.16613
-0.0984471
-0.517504
-0.127696
0.439051
-1.23187
-0.0353477
-1.74822
5.96895
-2.3928
0.43865
-6.64176
-7.99049
0.856161
-0.250623
-1.72822
5.05793
-0.500434
0.757041
-3.83653
-3.07084
0.156567
0.498568
-0.973315
-0.142046
17.2189
0.982227
-0.36394
-1.37044
-266.962
-2.31656
56.9462
0.518181
-0.691766
-1.40783
-2.11822
-1.42253
-1.83383
-0.186068
-89.0156
-59.6101
3.82211
0.00753774
-2.50276
1.07284
-1.04097
0.972754
1.22655
15.3268
0.689212
-1.4726
-0.339803
-8.72145
-2.84753
-1.37721
29.6836
-1.31335
-0.669094
1.08785
0.567107
-1.95541
3.43068
1.9383
0.314158
1.1727
-21.301
1.6383
0.400608
1.24798
1.0543
0.531109
-0.380461
-9.19402
1.95404
-0.24116
1.11216
0.303358
-3.27916
1.49617
-2.10048
0.737396
-0.790213
-1.78925
0.103665
-0.290563
0.503682
-3.40741
-1.43807
-1.5048
-1.92056
3.80017
-0.192427
0.521092
0.608525
6.04665
0.777162
-0.084548
1.18023
1.06235
0.822147
-1.00626
-0.59165
-1.37473
5.4079
-0.686986
-0.789868
-0.0373355
-1.98705
-0.864526
2.2952
-3.55045
-0.233749
2.28797
9.36108
0.916922
-2.94937
-0.783708
-0.245672
0.172275
0.178327
1.20012
2.36132
-1.04237
-6.3562
1.15577
-0.190356
-0.419502
-1.90702
0.0205219
1.35205
0.46086
-0.898603
1.19705
-5.31615
-0.848234
0.74904
-0.0435468
0.248084
3.05903
-0.831337
-6.15926
3.25847
2.23674
-0.719252
-125.089
-0.305449
-0.581737
-0.0884981
0.927162
8.68889
0.0561455
0.254436
0.82352
6.9568
0.700324
0.270767
1.02246
1.22476
-2.58336
1.22993
1.09422
1.66756
1.77575
-1.65917
0.410633
-4.06866
0.0861672
0.618502
0.274935
-0.283652
-0.401416
1.56312
-0.277892
0.187845
-0.675315
-1.74033
-0.121244
4.20454
-13.1962
0.2975
-0.619987
0.788636
19.0171
-15.9765
1.03964
1.09622
1004.42
-6.31198
-99.5303
-3.29529
1.71915
-1.25835
-0.513112
1.12615
1.41928
-1.55697
-0.676987
0.235235
-0.144066
0.829002
1.04752
-2.37306
0.388292
-0.423041
-0.254474
-1.03324
-0.183904
-1.13923
0.270052
-0.492453
0.988204
29.3829
-1.69164
-10.6671
-0.344118
308.578
4.7833
-0.275998
-0.56938
-1.23236
2.2874
-2.69995
-0.955465
0.51884
11.5603
0.596318
3.07725
2.90244
-0.570196
-0.176911
-0.123673
0.834824
2.75931
-0.448322
-1.24234
2.06388
-1.90638
-3.01136
0.264502
-0.890951
0.0204358
2.39214
-0.0223212
-9.47046
3.23496
-0.833473
1.45825
0.957279
0.227853
-0.862747
-0.564777
1.02952
1.11912
-0.158173
1.12583
1.04765
0.227581
0.330235
-11.4943
-0.984056
0.362601
-0.825506
0.0189886
0.975584
-1.01917
2.45292
1.28531
2.20373
0.784865
1.18593
6.81831
-3.04718
1.89495
1.52707
4.52756
-12.1485
-2.87641
-1.83432
2.25915
-0.447729
-0.086832
-0.184364
-1.90491
1.0039
-0.312566
-0.93395
-1.13329
-0.7726
-0.0676344
0.651181
0.138581
32.4194
0.233249
4.87613
-2.49252
4.70286
-3.94548
-0.488812
0.126345
-0.362125
-1.82671
-9.15583
-8.72312
-1.08701
-0.45293
-1.10677
-0.595644
1.59603
0.333765
7.81711
0.35295
-17.018
-0.728868
0.192487
2.23801
1.70487
-24.7649
0.608912
-1.44476
2.33076
-2.52836
0.256474
0.378365
-29.4681
-3.04699
-0.336174
0.114927
5.32482
0.26685
-0.00030579
3.7092
-1.29675
-3.20051
-3.95485
0.567284
-0.158429
0.341054
0.967971
-2.83925
-0.553948
-0.422702
-1.00896
2.82103
-4.22904
9.94762
1.85583
2.04026
-1.2175
-0.0654019
-0.316375
0.92041
1.22033
0.054102
-0.362223
-1.21856
-0.689268
-0.632532
-0.729426
-0.835313
1.37746
-1.30534
-6.54639
0.212217
-0.0232069
0.301097
-0.300752
-1.3491
-0.982285
2.91287
0.532385
321.384
-1.06866
0.0596564
1.43735
0.52694
-13.5068
-0.823846
-1.17187
5.55598
-1.49041
0.616165
0.661725
-7.29525
2.56717
-0.27519
-0.565748
0.489311
-0.296301
0.634093
0.88787
0.0438442
2.17915
-0.354939
0.961989
-0.360561
-1.22112
-2.80065
-0.715644
1.25682
0.480508
-2.36231
-1.37818
-0.963046
1.68116
1.11837
-0.70153
2.60389
5.04855
-0.0162221
-4.46809
-2.09605
-0.870824
6.12585
-0.506193
-0.969241
-1.71036
-0.154979
-0.116274
0.36273
-3.32518
0.962339
-0.431497
1.52297
0.44444
4.65242
-1.46569
1.68372
-0.550072
-2.70797
0.0704945
-0.6688
-1.13213
1.16244
-1.885
-3.92058
-0.120575
-0.353905
-3.3554
-1.14851
0.502448
0.829705
-0.538861
-2.32451
1.06141
-0.959048
-2.21769
0.280149
1.36339
-0.366937
4.82223
0.199469
-1.20248
-1.83076
16.5526
1.07025
-0.199967
0.107872
0.356516
-1.57609
-0.673616
2.7769
6.38483
-91.1708
3.91985
-1.146
-0.430512
-1.40262
5.46968
1.01921
-0.730782
-0.215863
0.338904
-1.05442
0.940451
0.815816
2.31309
-0.838258
0.199455
-2.80538
-0.766538
1.26088
-2.13163
-2.78919
3.5361
1.65162
-1.34719
-0.472935
5.91582
4.19595
0.632295
-0.458368
0.181498
-0.353719
-1.86023
-0.700555
1.44199
-25.8601
-0.265721
0.646095
25.352
2.21577
-130.64
1.32921
-0.837078
0.914883
0.118949
-1.46527
-0.477116
-3.29249
-0.24317
-0.342677
1.21968
-3.16658
0.132597
-0.953666
-0.194353
0.510912
-0.186197
-12.526
1.46006
2.94189
-1.89931
-0.187544
-15.211
5.00947
3.90867
1.33166
-0.197971
1.90756
1.19888
-1.56933
1.45139
1.72913
0.768199
0.174708
0.23465
-2.6087
-9.53323
0.860323
1.18446
-2.27455
0.762339
0.514478
-2.65904
-4.44321
-1.07362
-0.865071
0.891036
-0.919351
-2.03754
-0.116027
-2.66595
-8.24447
2.24676
0.597236
0.380879
0.28788
-0.034786
-0.18993
-0.218145
-1.42337
16.9362
12.5135
-0.468282
-2.72303
-0.417153
-0.0361515
0.17181
-9.70656
2.43528
2.18931
0.535277
0.632825
0.420514
0.676268
-0.159172
1.53679
-0.849738
-0.493944
0.563246
0.689348
0.533819
1.02554
5.4731
0.343247
-0.0128789
-21.2154
-1.39797
2.02036
0.326498
-33.6204
-4.01202
0.397143
0.0680489
-0.866961
-0.702546
1.37619
-15.4278
-1.58991
0.568346
1.43282
-0.154113
1.03067
-0.214745
-1.66338
3.38755
1.5975
0.432218
-0.549604
0.877999
1.22774
-0.727209
0.758294
-7.02639
-0.461186
-0.216895
0.789515
0.454899
-11.4578
-0.418095
-3.07073
-5.87337
-0.771736
-0.390798
-0.205932
0.119603
-2.772
-0.45983
-0.0654717
0.317726
0.0498621
0.445038
-6.68196
-0.293459
0.722824
-1.01035
0.928975
-1.88793
0.110305
0.194141
37.4093
12.4281
2.32251
0.663076
2.30621
3.02287
-0.508909
-3.62113
14.0818
-1.68813
-0.836096
0.178119
0.793001
0.911751
1.05126
0.768198
2.89574
0.440311
-0.0462379
-1.55778
0.547065
-0.900869
-0.308588
-0.698073
-3.28063
-0.717653
-0.246543
-1.38893
-3.18159
0.37638
12.6889
77.2302
-5.01096
0.238621
-0.109778
0.136794
1.69578
0.304513
2.34312
-6.00232
-0.28163
-2.98832
-0.264936
-0.730132
1.77861
-1.2805
-0.295978
-0.373246
1.63198
2.16902
1.44706
-1.01803
-33.5248
-3.06384
0.0813172
-1.58454
-8.00836
-0.127886
-0.676825
1.25302
0.0206394
-223.991
5.05923
0.0177323
1.045
0.548845
2.79219
0.0148961
1.37775
0.107101
-0.82127
-5.11047
-0.19322
0.74998
-0.809554
0.289744
9.50698
3.39575
-3.36698
0.579697
-0.87143
0.0151302
-1.00369
-0.30137
-1.77408
-0.642335
-1.55989
-0.434174
-1.95939
-0.771019
-1.5035
-23.1421
1.9212
0.166628
-0.236088
-0.354853
0.419591
-0.613341
-0.12451
-32.7449
-1.21697
4.46093
1.53529
1.60622
2.35636
0.317378
-0.182438
0.901536
-34.1637
0.655348
-0.852326
-1.58034
2.65547
-5.63728
9.11458
-3.43983
5.12778
-15.8034
0.532426
-0.463346
-4.05896
-0.0395206
2.7007
-3.50091
1.2009
-0.465656
-3.76785
0.573942
5.1806
-4.20149
-1.16014
4.10123
0.680171
0.0354517
2.02743
-3.84401
-0.783828
-5.33618
-0.105851
-1.29836
0.586161
-1.60256
0.0822346
12.1106
0.345527
-0.111383
0.0717598
0.0477935
-1.94327
0.374645
3.88721
-0.645641
0.486384
0.929878
0.812284
0.107076
-1.92333
62.5089
-8.8384
5.66283
0.79659
2.2652
-1.4728
1.60946
0.701344
2.19095
0.0344385
-1.10711
0.189826
-0.127453
1.45988
1.1367
0.950182
4.92696
12.2215
-0.271452
20.8361
0.138443
0.943953
1.15359
6.56541
0.434633
-0.9626
11.8829
6.68731
-2.32399
-0.53783
0.478125
1.10542
0.496793
-1.4323
0.447845
-0.108706
-3.2908
-0.281799
19.2682
0.0101157
-4.10165
-0.134017
0.212481
1.26788
-1.55712
3.43476
-2.34141
-0.449673
-1.03289
-0.0259043
0.967153
0.168031
-0.865813
8.27467
-1.33549
2.20412
-1.14796
4.51125
-0.213022
-0.379024
-1.32874
1.24095
-0.561585
1.54956
0.696748
-0.408785
-2.73836
-2.16928
-0.370692
-1.60099
1.10554
0.663325
-0.897636
1.42679
2.73999
-1.81123
-0.611677
-0.307063
0.116595
-5.4381
-4.09389
-0.114114
-2.65503
-0.982025
1.5583
-4.89695
-2.03524
0.416939
-0.430696
-0.12522
-1.67961
-0.206899
0.426328
0.325076
-6.09884
0.774002
4.68492
0.0549354
-0.0175596
-9.88896
4.83551
-0.163647
6.7336
-0.632173
0.611959
1.62263
-0.93423
-3.57575
-0.045221
-1.73388
-0.0621998
16.0936
9.05281
-2.34985
6.02872
0.958579
-0.00274997
0.0180582
-0.342917
-0.275162
2.69462
-0.0840901
-0.227119
6.53522
6.13444
0.820078
-5.30445
8.75178
-0.911117
2.96956
-0.687279
1.02371
51.8165
-2.62041
1.47945
0.183294
0.98479
2.02033
0.144627
-3.01366
-0.703401
14.5567
-8.06985
-0.139724
-12.3107
-1.56439
0.699798
8.84959
-4.36734
0.375044
1.15105
-0.486167
-0.780935
0.3871
0.0702814
-0.428414
39.1572
0.479899
-1.54218
-5.20818
-1.69731
-3.11987
-0.884569
-13.097
-5.44619
4.34055
-0.0442682
0.478301
-2.29466
1.97984
-0.494256
-0.422324
-2.01014
-0.730567
-0.0594015
-1.46976
-0.387476
2.41692
-30.1478
0.739184
-2.83703
-1.3132
-0.333944
-1.28352
0.562633
1.2066
-0.507976
0.85645
0.473144
-28.3154
0.516099
-0.488035
1.82978
3.01207
2.2251
-0.968151
-0.316559
0.812665
-1.01044
-56.6327
2.27746
-10.7455
0.0959127
6.9539
0.985147
-1.75308
0.64386
-0.492494
0.577153
6.2051
2.62765
-0.905451
0.151922
-0.720352
-63.0719
1.58742
2.74378
1.51112
-0.736866
0.928596
-0.616997
0.656019
-7.32448
0.314684
-1.81582
123.33
3.4706
-0.00431728
0.250162
-0.218896
1.67698
-2.55278
0.0803708
-5.97084
11.5525
-1.33052
-0.35187
0.569995
1.24208
-1.09511
1.45861
1.89448
-1.58191
-4.59516
-2.50357
1.20769
0.720504
0.463863
-1.35777
-0.916066
-1.80319
-0.449982
-0.091418
-9.58039
-0.397151
0.11594
-0.38061
-0.685623
0.227745
-0.342464
1.77275
-1.29005
0.16266
-2.02821
-0.829675
-0.214792
-2.08222
1.763
-1.73351
-0.244967
6.19068
0.0602874
0.0454036
2.18345
0.662674
1.54315
2.33444
-0.845203
-0.137188
-1.14235
0.838988
0.00670879
-0.801081
-3.61193
0.26984
4.73004
0.155991
-0.161518
0.861253
2.16444
-1.22872
-1.06831
-1.00231
0.00893361
-5.23174
0.494551
0.210302
-0.642935
5.20518
-838.151
0.416806
-0.407974
0.390499
-0.0334551
1.90491
-1.41469
1.78627
-4.6023
-1.08577
1.79639
1.51699
0.689604
-3.83962
-1.09607
0.0407919
-1.00959
4.1166
0.730212
2.51339
2.39478
10.9647
1.67274
-3.3687
-0.161991
2.00179
0.921043
-0.903461
0.794722
-63.8342
-0.431791
-0.159708
1.9699
0.495962
-4.85265
0.316778
-1.90251
-0.159861
80.7839
4.10033
-0.122044
-0.346969
-0.786847
0.969029
-0.655581
0.205801
1.37634
-72.6173
-0.995592
-1.11667
0.351131
0.758519
1.18444
-0.50484
2.12167
-2.46002
0.518605
-2.55609
-1.32573
0.0519265
-0.466992
-2.75087
0.399927
3.03672
0.315
-3.7687
1.27527
2.56783
-0.215825
-2.34539
-0.407084
-0.399713
6.21176
-0.515662
-0.747858
-0.902418
-0.380216
-0.0552743
-1.08446
29.5904
-0.481983
-0.0333678
-0.200135
-2.32098
1.43882
-1.75129
-1.73224
0.835065
-0.22956
-17.1695
0.661546
0.710857
-11.4218
-2.91227
-0.778491
11.5655
3.89193
-0.745984
-2.29157
0.164109
3.42023
-0.786001
0.277334
2.68327
-0.410562
206.469
0.272698
1.92444
1.92819
-3.70878
-1.46124
-0.0790707
3.90701
0.78175
-0.247454
2.43407
1.40517
-0.164672
0.258064
0.341645
0.100676
1.75493
0.436428
0.00322528
0.698692
-0.340782
2.14748
-0.127249
1.44608
8.3008
-1.4331
-1.69033
0.0969554
0.131481
0.381734
-3.33656
3.16874
-3.99997
-7.13104
-0.0835183
0.437083
0.372388
2.16927
-0.654825
1.0034
0.0787755
0.106953
-0.0889683
1.57006
0.0184603
-0.924797
-9.55866
-3.34894
0.078111
1.31732
0.519597
-1.07774
-15.1319
2.60468
0.554473
2.03412
-3.06477
-0.387735
-4.3654
-1.31695
-2.51516
-1.76001
0.492124
-0.821836
1.61001
-6.03692
1.75292
0.605638
1.35538
0.528497
-1.10983
0.175439
-0.229549
82.1123
-1.32297
-5.65524
1.17307
-0.703782
-0.40381
-9.59713
0.499754
-0.554963
-4.91929
-1.0068
1.05284
5.36576
1.32667
0.382116
-10.6411
3.31975
58.1266
4.36907
0.310438
-3.79168
-1.71771
1.23583
-0.540803
2.87953
1.43712
-1.01147
-112.005
-0.443046
3.5731
0.302167
-0.28276
7.86214
1.31147
0.392312
0.927371
-0.905147
3.64774
0.364466
-8.28365
-8.1154
1.70939
-1.05476
-0.377625
-0.188789
-9.36274
0.349542
-15.7592
-2.35574
-1.15176
1.24
1.75261
0.913858
0.109844
-0.135562
0.840582
2.3579
0.182362
-0.0773627
1.4502
-819.08
0.884181
-0.311358
-1.27779
-3.07562
-0.670671
-1.59959
-0.834497
-0.286943
-4.91078
-1.77597
-2.10475
-32.0571
-0.246076
7.86845
1.22349
2.57099
-0.566515
4.36214
-0.226864
0.0896888
0.589839
1.06736
0.0387291
-1.65606
-1.65355
-1.69804
3.28528
0.813225
0.14628
0.350441
37.7967
1.43793
2.56517
-0.0685678
-0.385016
0.381611
-2.14445
0.543074
-2.39456
-0.194541
-10.914
-0.759964
0.0803838
1.0895
0.405069
-0.440244
6.29608
3.44599
1.12595
93.3976
3.68964
