-0.479611   -0.498142   0.495946
-0.331732   -0.336887   -0.492996
0.491291   -0.336664   -0.34587
-0.332384   -0.494984   -0.355731
-0.166959   0.483172   0.477495
-0.00605135   -0.348559   -0.491905
-0.152941   -0.34448   -0.327903
0.00237066   0.495992   -0.333022
0.166504   0.493554   -0.476556
0.320053   -0.338506   0.499864
0.136753   -0.329744   -0.337127
0.339217   -0.492025   -0.337592
0.497304   -0.158177   0.486431
-0.332863   -0.0121228   -0.485642
0.483756   0.00256276   -0.340047
-0.310927   -0.173788   -0.336279
-0.150309   -0.164156   0.49095
0.00314711   0.0346731   0.497191
-0.175388   0.013438   -0.311605
-0.0132294   -0.160712   -0.326585
0.154996   -0.15677   -0.499125
0.340558   0.00617084   0.497994
0.157544   0.00390805   -0.336577
0.320872   -0.160883   -0.355628
-0.473032   0.159897   0.496623
-0.338789   0.335315   0.47828
-0.490841   0.356957   -0.339186
-0.329285   0.175637   -0.332319
-0.169313   0.193018   0.498925
0.00331242   0.338761   0.498145
-0.162669   0.329386   -0.334569
0.0119768   0.184418   -0.321817
0.188308   0.178988   0.498205
0.356929   0.334058   0.498122
0.188521   0.325875   -0.329995
0.330625   0.155789   -0.326934
-0.494037   -0.492698   -0.162994
-0.33367   -0.344598   -0.178735
-0.491227   -0.338004   0.00583572
-0.327161   0.493786   -0.00481451
-0.164386   -0.497656   -0.156237
-0.000410136   -0.341362   -0.146359
-0.178403   -0.332618   0.0024831
0.00172135   0.488594   0.00120248
0.161354   -0.495839   -0.164869
0.336812   -0.31931   -0.193593
0.161538   -0.342898   0.0187172
0.34403   -0.491265   0.0156141
0.498463   -0.171236   -0.185231
-0.363007   0.00849508   -0.173849
-0.490747   -0.0051692   0.00621966
-0.343782   -0.159627   -0.0182668
-0.171965   -0.177793   -0.159712
-0.0211223   -0.0157054   -0.174049
-0.173994   -0.00352178   -0.0122791
-0.0123093   -0.154005   -0.00665398
0.174127   -0.173351   -0.152247
0.338703   -0.0177982   -0.16826
0.141509   0.00186493   -0.00689203
0.335074   -0.174207   -0.0058132
0.482331   0.17567   -0.160546
-0.350289   0.311951   -0.155942
-0.492375   0.345508   0.0196313
-0.339124   0.158748   0.00275409
-0.158993   0.169135   -0.163017
0.0121937   0.328489   -0.159457
-0.174257   0.328223   0.00180017
0.0131505   0.171734   0.00367824
0.175599   0.165348   -0.170405
0.330601   0.344007   -0.163305
0.172263   0.333683   0.00918509
0.31302   0.155289   0.00468334
-0.47929   -0.487459   0.169033
-0.320103   -0.322414   0.171734
-0.497929   -0.341989   0.339595
-0.332723   -0.493341   0.334479
-0.163772   0.496953   0.159955
-0.00916511   -0.319737   0.159227
-0.174119   -0.347816   0.350378
0.00638629   -0.480513   0.336959
0.183056   -0.499702   0.176332
0.33382   -0.342898   0.16179
0.175449   -0.322548   0.319372
0.330754   -0.480487   0.343907
-0.496348   -0.193514   0.178087
-0.346806   -0.00885618   0.183754
0.497605   0.0092588   0.332609
-0.330078   -0.178391   0.361606
-0.176406   -0.159125   0.173639
-0.00937975   -0.0209595   0.171534
-0.176831   -0.0121939   0.335433
0.0123374   -0.162693   0.338661
0.149843   -0.166917   0.150711
0.326658   -0.00677627   0.150855
0.162105   -0.000904554   0.326948
0.336184   -0.165462   0.320421
0.479694   0.164196   0.176899
-0.326266   0.337266   0.171229
-0.498294   0.340674   0.321382
-0.319033   0.171015   0.329553
-0.189068   0.146603   0.160956
0.0252079   0.343902   0.163792
-0.156512   0.329217   0.304374
0.0107137   0.167579   0.329688
0.161186   0.154768   0.161653
0.324703   0.331516   0.183518
0.172094   0.331377   0.33245
0.326835   0.165076   0.332358
