-0.478891   -0.497131   0.495049
-0.332211   -0.337004   -0.494168
0.490739   -0.33715   -0.345543
-0.330458   -0.494163   -0.354442
-0.167133   0.484514   0.476297
-0.00348411   -0.350195   -0.491632
-0.153575   -0.344241   -0.328682
0.00359347   0.495876   -0.332797
0.166283   0.494232   -0.477119
0.320724   -0.339927   0.498918
0.137212   -0.328765   -0.336618
0.340554   -0.492693   -0.337948
0.495593   -0.160228   0.487145
-0.333099   -0.0124325   -0.484998
0.483969   0.00264562   -0.339232
-0.310136   -0.174   -0.335568
-0.1521   -0.163952   0.492327
0.00304954   0.0348036   0.496385
-0.175617   0.0158205   -0.312369
-0.0140714   -0.159431   -0.324246
0.155606   -0.157276   -0.498971
0.339623   0.00663711   0.498178
0.159008   0.00495443   -0.335702
0.320299   -0.162172   -0.354655
-0.473183   0.160085   0.498627
-0.338272   0.334821   0.477397
-0.491641   0.357737   -0.339782
-0.329724   0.175567   -0.3331
-0.170838   0.193536   0.498928
0.00297277   0.338051   0.496866
-0.162664   0.329755   -0.332779
0.0116841   0.182415   -0.321892
0.188827   0.179233   0.496596
0.356366   0.335115   0.49814
0.190056   0.325432   -0.331285
0.33285   0.156268   -0.327027
-0.49307   -0.492286   -0.164269
-0.333883   -0.344946   -0.178883
-0.491711   -0.337398   0.00595015
-0.326849   0.493689   -0.00582812
-0.164091   -0.497845   -0.156093
-0.000617479   -0.340112   -0.144561
-0.179538   -0.331553   0.000297006
3.74137e-05   0.488628   0.000123037
0.158544   -0.496051   -0.165965
0.336328   -0.31985   -0.192054
0.161655   -0.342848   0.0190775
0.343678   -0.492729   0.016928
0.498626   -0.172931   -0.185874
-0.362038   0.00744136   -0.173923
-0.489978   -0.00552369   0.00687786
-0.343349   -0.159962   -0.0176864
-0.172506   -0.177097   -0.160354
-0.0209276   -0.0143854   -0.174591
-0.174249   -0.00327131   -0.0109125
-0.0129658   -0.155473   -0.00591961
0.176177   -0.174209   -0.151554
0.338978   -0.0190283   -0.167484
0.142292   0.00232634   -0.00624046
0.334652   -0.173473   -0.00487679
0.483463   0.176171   -0.160113
-0.350873   0.310592   -0.157285
-0.491899   0.34551   0.0189848
-0.337764   0.157726   0.00391615
-0.157585   0.167838   -0.163667
0.0117946   0.330936   -0.159424
-0.174333   0.327042   0.00108192
0.0143987   0.169708   0.00386242
0.17583   0.166114   -0.169764
0.330426   0.344021   -0.163438
0.172589   0.334415   0.00851628
0.314343   0.154933   0.00373739
-0.479209   -0.488205   0.169238
-0.318205   -0.323433   0.171944
-0.498437   -0.340997   0.338634
-0.331951   -0.492464   0.332595
-0.163142   0.496775   0.158438
-0.00978663   -0.318722   0.158591
-0.175983   -0.346942   0.350592
0.00438391   -0.480075   0.338084
0.182038   0.499834   0.176819
0.334721   -0.341236   0.162782
0.173872   -0.321854   0.321732
0.33119   -0.481634   0.345242
-0.49723   -0.191817   0.178732
-0.347523   -0.00802769   0.183048
0.498992   0.0104414   0.332244
-0.329651   -0.1787   0.360933
-0.178232   -0.158719   0.173627
-0.0084274   -0.0222482   0.172473
-0.176181   -0.0140798   0.333296
0.0134254   -0.163254   0.339183
0.150424   -0.16691   0.15084
0.326462   -0.00629408   0.152471
0.16249   -0.0026647   0.327879
0.335744   -0.163101   0.319746
0.479179   0.164117   0.176363
-0.326781   0.338638   0.172096
-0.496632   0.340505   0.320737
-0.318815   0.17015   0.32916
-0.189651   0.145618   0.161223
0.0250221   0.34378   0.16329
-0.158092   0.330234   0.303815
0.00833749   0.16895   0.326423
0.160807   0.154961   0.162676
0.321905   0.330394   0.1837
0.172557   0.330338   0.332946
0.326333   0.16532   0.331805
